30.17,30.36,30.16,30.51,30.17,12928.955231997,Clock: 13:51:01
30.21,30.4,30.16,30.53,30.325,0.18255775399848062,13:51:01
30.25,30.46,30.16,30.53,30.35,0.35535010999956285,13:51:01
30.25,30.46,30.19,30.57,30.3675,0.5230104709989973,13:51:01
30.47,30.68,30.19,30.57,30.4775,0.6994938429998001,13:51:02
30.47,30.68,30.73,31.11,30.7475,0.9036576929993316,13:51:02
31.58,31.39,31.98,31.11,31.515,1.0765049980000185,13:51:02
31.54,31.35,31.94,32.02,31.7125,1.2777947019985731,13:51:02
32.97,32.18,33.3,33.1,32.8875,1.486419353999736,13:51:02
34.5,32.18,33.3,33.1,33.27,1.660004465999009,13:51:03
34.5,33.01,34.7,34.2,34.1025,1.8302796019997913,13:51:03
36.14,33.01,34.7,34.2,34.5125,1.999246569999741,13:51:03
36.14,33.9,36.18,35.32,35.385,2.1832488989984995,13:51:03
37.79,33.9,36.18,35.32,35.7975,2.354740953998771,13:51:03
37.79,34.83,37.59,36.44,36.6625,2.557624605999081,13:51:04
39.36,35.73,38.97,36.44,37.625,2.7643847939998523,13:51:04
39.36,35.73,38.97,37.48,37.885,2.9345069119990512,13:51:04
40.9,36.63,40.31,37.52,38.84,3.1048538710001594,13:51:04
40.9,36.63,40.31,38.53,39.0925,3.28632241699961,13:51:04
42.51,37.6,41.75,38.53,40.0975,3.4690098609989946,13:51:04
42.51,37.6,41.75,39.7,40.39,3.6743863619994954,13:51:05
44.01,38.55,43.06,40.71,41.5825,3.882574561999718,13:51:05
45.43,38.55,43.06,40.71,41.9375,4.049980396999672,13:51:05
45.43,39.46,44.35,41.74,42.745000000000005,4.219066219999149,13:51:05
46.89,39.46,44.35,41.74,43.11,4.394487259000016,13:51:05
46.89,40.39,45.59,42.78,43.9125,4.570765634998679,13:51:06
48.33,40.39,45.59,42.78,44.2725,4.745338762999381,13:51:06
48.33,41.37,46.89,43.81,45.099999999999994,4.924344203998771,13:51:06
49.64,42.23,46.84,43.76,45.6175,5.098404627999116,13:51:06
49.64,42.23,48.03,44.72,46.155,5.292407929999172,13:51:06
50.92,43.1,48.03,44.72,46.6925,5.466425333999723,13:51:06
50.92,43.1,49.22,45.61,47.212500000000006,5.640417997999975,13:51:07
52.31,44.08,49.22,45.61,47.80500000000001,5.824428090998481,13:51:07
52.31,44.08,50.5,46.73,48.404999999999994,6.0335063919992535,13:51:07
53.57,44.97,51.66,47.67,49.4675,6.2426546909991885,13:51:07
54.81,44.97,51.66,47.67,49.7775,6.450583936999465,13:51:07
54.81,45.87,52.77,48.63,50.52,6.65592809699956,13:51:08
56.02,46.81,52.77,48.63,51.057500000000005,6.827374791999318,13:51:08
56.02,46.81,53.96,49.6,51.597500000000004,7.001298395000049,13:51:08
57.29,47.78,55.14,49.64,52.46249999999999,7.205555896998703,13:51:08
57.29,47.78,55.14,50.61,52.705,7.414724874999592,13:51:08
58.44,48.7,56.26,51.54,53.735,7.622528445999706,13:51:09
59.59,48.7,56.26,51.54,54.0225,7.79396560999885,13:51:09
59.59,49.58,57.38,52.51,54.765,7.969328682998821,13:51:09
60.9,49.68,57.47,52.6,55.1625,8.164391043999785,13:51:09
60.9,50.68,58.66,53.6,55.96,8.373612469998989,13:51:09
62.04,51.61,59.76,53.6,56.7525,8.58283301099982,13:51:10
62.04,51.61,59.76,54.57,56.995,8.792407455999637,13:51:10
63.11,52.51,60.84,55.48,57.985,8.962611244000072,13:51:10
63.02,52.42,60.74,55.39,57.8925,9.14040289500008,13:51:10
64.09,53.31,61.85,56.36,58.9025,9.324366585999087,13:51:10
64.09,53.31,61.85,56.36,58.9025,9.498364877999848,13:51:10
65.21,54.33,62.98,57.34,59.964999999999996,9.697415492999426,13:51:11
66.25,55.21,62.98,57.34,60.445,9.90560838700003,13:51:11
66.27,55.23,64.02,58.27,60.9475,10.100594083000033,13:51:11
67.26,56.13,65.05,58.27,61.6775,10.278232245998879,13:51:11
67.26,56.13,65.05,59.15,61.8975,10.45356855099999,13:51:11
68.29,57.08,66.12,59.15,62.660000000000004,10.630242502998954,13:51:12
68.29,57.08,66.12,60.14,62.9075,10.805527974998768,13:51:12
69.34,58.04,67.17,60.14,63.6725,10.978413568998803,13:51:12
69.34,58.04,67.17,61.11,63.915000000000006,11.162595228999635,13:51:12
70.33,58.97,68.21,62.04,64.8875,11.363835516998734,13:51:12
71.3,58.97,68.21,62.04,65.13,11.573345797998627,13:51:13
71.3,59.92,69.24,62.94,65.85,11.742341473000124,13:51:13
72.24,59.92,69.24,62.94,66.085,11.911372979999214,13:51:13
72.24,60.83,70.22,63.84,66.7825,12.082776919000025,13:51:13
73.16,60.83,70.22,63.84,67.0125,12.259257904999686,13:51:13
73.16,61.74,71.23,64.77,67.725,12.434594054999252,13:51:13
74.16,61.74,71.23,64.77,67.975,12.611063634998573,13:51:14
74.16,62.71,72.26,65.69,68.705,12.815354215999832,13:51:14
75.0,63.59,73.23,65.69,69.3775,13.019362559000001,13:51:14
75.0,63.59,73.23,66.57,69.5975,13.200908666000032,13:51:14
75.93,64.54,74.2,66.57,70.31,13.371071624998876,13:51:14
75.93,64.54,74.2,67.49,70.54,13.547541725998599,13:51:15
76.86,65.46,75.16,67.49,71.24249999999999,13.731525576999047,13:51:15
76.86,65.46,75.16,68.43,71.47749999999999,13.939411601999382,13:51:15
77.75,66.36,76.09,69.29,72.3725,14.108478162999745,13:51:15
77.75,66.36,76.09,69.29,72.3725,14.282498647999091,13:51:15
78.61,67.21,77.02,70.12,73.24,14.457683706999887,13:51:15
78.61,67.21,77.02,70.12,73.24,14.640472045999559,13:51:16
79.53,68.16,78.01,71.09,74.19749999999999,14.84710005999841,13:51:16
80.4,68.16,78.01,71.09,74.41499999999999,15.023607350998645,13:51:16
80.44,69.13,79.01,72.0,75.145,15.193714581999302,13:51:16
81.32,69.13,79.01,72.0,75.365,15.367785014999754,13:51:16
81.32,70.02,79.95,72.87,76.03999999999999,15.536799962999794,13:51:16
82.19,70.02,79.95,72.87,76.2575,15.705786212998646,13:51:17
82.19,70.9,80.88,73.77,76.935,15.88239298299959,13:51:17
83.03,70.9,80.88,73.77,77.145,16.059943913000097,13:51:17
83.03,71.84,81.86,74.65,77.845,16.23814676499933,13:51:17
83.88,71.84,81.86,74.65,78.0575,16.409601174998897,13:51:17
83.88,72.7,82.75,75.48,78.7025,16.577361549998386,13:51:18
84.71,72.7,82.75,75.48,78.91,16.746478268998544,13:51:18
84.71,73.55,83.59,76.32,79.54249999999999,16.916711803,13:51:18
85.47,73.55,83.59,76.32,79.73249999999999,17.089432507998936,13:51:18
85.45,74.38,84.49,77.2,80.38,17.28095750600005,13:51:18
86.39,75.29,84.49,77.2,80.8425,17.488837909999347,13:51:18
86.39,75.29,85.45,78.11,81.31,17.65659739900002,13:51:19
87.19,76.13,85.45,78.11,81.72,17.83431577800002,13:51:19
87.19,76.13,86.3,78.95,82.1425,18.032081930999993,13:51:19
88.02,77.04,87.23,79.01,82.825,18.203440978999424,13:51:19
88.02,77.04,87.23,79.86,83.03750000000001,18.381280241999775,13:51:19
88.84,77.91,88.12,79.86,83.6825,18.557759513998462,13:51:20
88.84,77.91,88.12,80.74,83.9025,18.7443196539989,13:51:20
89.68,78.78,89.02,80.74,84.555,18.91327835499942,13:51:20
89.68,78.78,89.02,81.62,84.775,19.09079189199838,13:51:20
90.51,79.71,89.97,82.57,85.69,19.299109169000076,13:51:20
91.22,79.71,89.97,82.57,85.86749999999999,19.49935046199971,13:51:20
91.22,80.52,90.72,83.36,86.45500000000001,19.6758388499984,13:51:21
91.97,81.32,90.72,83.36,86.8425,19.876165038998806,13:51:21
91.97,81.32,91.51,84.19,87.2475,20.05137947899857,13:51:21
92.58,82.01,91.34,84.02,87.4875,20.237909462999596,13:51:21
92.58,82.01,92.21,84.91,87.92750000000001,20.419400888999007,13:51:21
93.38,82.83,93.06,84.91,88.54499999999999,20.622339247998752,13:51:22
93.38,82.83,93.06,85.74,88.7525,20.83041564299856,13:51:22
94.12,83.62,93.86,86.57,89.5425,20.997823523999614,13:51:22
94.06,83.56,93.8,86.51,89.4825,21.169339135998598,13:51:22
94.82,84.39,94.65,87.35,90.30250000000001,21.348421830000007,13:51:22
94.82,84.39,94.65,87.35,90.30250000000001,21.53118100899883,13:51:22
95.58,85.22,95.48,88.18,91.11500000000001,21.735378473998935,13:51:23
96.32,85.22,95.48,88.18,91.3,21.910548592999476,13:51:23
96.32,85.97,96.26,89.02,91.8925,22.080796558999282,13:51:23
97.13,86.07,96.35,89.12,92.16749999999999,22.25098280599923,13:51:23
97.13,86.83,97.14,89.91,92.7525,22.42251024199868,13:51:23
97.91,86.83,97.14,89.91,92.94749999999999,22.59900753799957,13:51:24
97.91,87.69,98.0,90.67,93.56750000000001,22.77294646900009,13:51:24
98.66,88.48,98.0,90.67,93.9525,22.979603813999347,13:51:24
98.66,88.48,98.81,91.48,94.3575,23.164955528000064,13:51:24
99.41,89.27,99.61,91.48,94.94250000000001,23.37154454099982,13:51:24
99.41,89.27,99.61,92.3,95.14750000000001,23.576005390999853,13:51:25
100.13,90.03,100.41,93.09,95.91499999999999,23.754668871999456,13:51:25
100.13,90.03,100.41,93.09,95.91499999999999,23.932403192999118,13:51:25
100.83,90.74,101.2,93.92,96.6725,24.105139162998967,13:51:25
100.83,90.74,101.2,93.92,96.6725,24.30282724999961,13:51:25
101.6,91.54,102.02,94.76,97.47999999999999,24.509516471000097,13:51:25
102.32,92.29,102.02,94.76,97.8475,24.71744323599887,13:51:26
102.32,92.29,102.79,95.52,98.23,24.890196186999674,13:51:26
102.98,93.0,102.79,95.52,98.5725,25.060370613999112,13:51:26
103.02,93.04,103.52,96.31,98.9725,25.240674396998656,13:51:26
103.73,93.82,103.52,96.31,99.345,25.423409307999464,13:51:26
103.73,93.82,104.38,97.16,99.77250000000001,25.631263000999752,13:51:27
104.48,94.62,105.15,97.16,100.35249999999999,25.806468955999662,13:51:27
104.48,94.62,105.15,97.97,100.555,26.01440150399867,13:51:27
105.14,95.32,105.82,98.7,101.24499999999999,26.222264156000165,13:51:27
105.76,96.04,105.82,98.7,101.58,26.4252561659996,13:51:27
105.76,96.04,106.54,99.45,101.9475,26.594175758998972,13:51:28
106.43,96.79,106.54,99.45,102.30250000000001,26.771985602999848,13:51:28
106.43,96.79,107.31,100.24,102.69250000000001,26.953545732998464,13:51:28
107.13,97.53,108.07,100.24,103.2425,27.160592090000137,13:51:28
107.13,97.53,108.07,101.0,103.4325,27.329248091999034,13:51:28
107.81,98.23,108.75,101.0,103.9475,27.500761416999012,13:51:28
107.81,98.23,108.75,101.71,104.125,27.67721939599869,13:51:29
108.49,98.98,109.56,101.71,104.68499999999999,27.858770515998913,13:51:29
108.49,98.98,109.56,102.55,104.895,28.06415334399935,13:51:29
109.08,99.66,110.22,103.21,105.5425,28.2406262709992,13:51:29
109.75,99.66,110.22,103.21,105.71,28.442207719999715,13:51:29
109.75,100.36,110.92,103.94,106.2425,28.61111434599843,13:51:30
110.42,100.36,110.92,103.94,106.41,28.790294129999893,13:51:30
110.42,101.06,111.67,104.71,106.965,28.966595391999363,13:51:30
111.13,101.1,111.71,104.75,107.1725,29.14071562799836,13:51:30
111.13,101.84,112.43,105.47,107.7175,29.34393513899886,13:51:30
111.78,102.54,112.43,105.47,108.055,29.520462180998948,13:51:30
111.78,102.54,113.15,106.14,108.4025,29.69310185499853,13:51:31
112.39,103.19,113.15,106.14,108.7175,29.862195980998877,13:51:31
112.39,103.19,113.81,106.86,109.0625,30.047537336999085,13:51:31
113.13,103.98,114.6,106.88,109.64750000000001,30.25036841399924,13:51:31
113.13,103.98,114.6,107.68,109.84750000000001,30.42813732399918,13:51:31
113.75,104.65,115.3,108.39,110.5225,30.632225943998492,13:51:32
113.75,104.65,115.3,108.39,110.5225,30.8022212629985,13:51:32
114.38,105.35,116.0,109.1,111.20750000000001,30.97404401699896,13:51:32
114.38,105.35,116.0,109.1,111.20750000000001,31.153040782999597,13:51:32
115.04,106.0,116.72,109.86,111.905,31.335578460999386,13:51:32
115.71,106.0,116.72,109.86,112.07249999999999,31.540142808999008,13:51:32
115.71,106.69,117.41,110.57,112.59499999999998,31.744224815998678,13:51:33
116.31,107.36,117.41,110.57,112.91250000000001,31.91311045600014,13:51:33
116.31,107.36,118.09,111.23,113.2475,32.085903359999065,13:51:33
116.9,108.03,118.09,111.23,113.5625,32.2650359069994,13:51:33
116.9,108.03,118.77,111.96,113.91499999999999,32.440215669999816,13:51:33
117.58,108.7,118.77,111.96,114.2525,32.617916612000045,13:51:34
117.58,108.7,119.48,112.69,114.6125,32.80075283199949,13:51:34
118.26,109.45,120.21,112.69,115.1525,33.00980470200011,13:51:34
118.23,109.43,120.19,113.4,115.3125,33.215327169999,13:51:34
118.85,110.09,120.88,114.08,115.975,33.392888114000016,13:51:34
119.47,110.09,120.88,114.08,116.13,33.601074468999286,13:51:35
119.47,110.73,121.54,114.78,116.63,33.77100635299939,13:51:35
120.07,110.73,121.54,114.78,116.78,33.941267088999666,13:51:35
120.14,111.46,122.31,115.54,117.3625,34.10907825899994,13:51:35
120.82,111.46,122.31,115.54,117.5325,34.306846354998925,13:51:35
120.82,112.17,123.01,116.26,118.065,34.47579845399923,13:51:35
121.44,112.17,123.01,116.26,118.22,34.64857438099898,13:51:36
121.44,112.84,123.67,116.94,118.7225,34.82510418899983,13:51:36
122.04,113.46,123.67,116.94,119.0275,35.026420228999996,13:51:36
122.04,113.46,124.3,117.6,119.35,35.19700226599889,13:51:36
122.51,113.9,124.3,117.6,119.57750000000001,35.372305050999785,13:51:36
122.51,113.9,124.69,118.0,119.775,35.54753866899955,13:51:37
122.57,114.03,124.69,118.0,119.82249999999999,35.72157958899879,13:51:37
122.57,114.03,124.54,117.98,119.78,35.899264232999485,13:51:37
122.13,113.78,123.97,117.98,119.465,36.09969673900014,13:51:37
122.01,113.66,123.85,117.5,119.255,36.28745698899911,13:51:37
121.25,113.28,123.09,117.09,118.67750000000001,36.49274024299848,13:51:37
121.25,113.28,123.09,117.09,118.67750000000001,36.664254825998796,13:51:38
120.52,113.03,122.51,116.88,118.235,36.8331687509999,13:51:38
120.52,113.03,122.51,116.88,118.235,37.0047427089994,13:51:38
120.24,113.26,122.57,117.26,118.3325,37.18131231000007,13:51:38
120.24,113.26,122.57,117.26,118.3325,37.359234973999264,13:51:38
120.52,113.79,123.0,117.85,118.78999999999999,37.56719659499868,13:51:39
120.96,113.79,123.0,117.85,118.9,37.73615333299858,13:51:39
120.96,114.39,123.54,118.48,119.3425,37.90517283099871,13:51:39
121.35,114.39,123.54,118.48,119.44000000000001,38.07412383999872,13:51:39
121.44,114.98,124.04,119.05,119.87750000000001,38.25309514299988,13:51:39
121.63,114.98,124.04,119.05,119.92500000000001,38.42213854699912,13:51:39
121.63,115.23,124.06,119.15,120.01750000000001,38.59866757599957,13:51:40
121.27,115.05,124.06,119.15,119.8825,38.805448946999604,13:51:40
121.27,115.05,123.59,118.85,119.69,39.01312775899896,13:51:40
120.68,114.77,122.98,118.91,119.33500000000001,39.1858834300001,13:51:40
120.68,114.77,122.98,118.51,119.235,39.386269376998825,13:51:40
119.92,114.39,122.27,118.16,118.685,39.5627250739999,13:51:41
119.92,114.39,122.27,118.16,118.685,39.74054779299877,13:51:41
119.29,114.25,121.87,118.11,118.38000000000001,39.924555781999516,13:51:41
119.15,114.15,121.76,118.01,118.2675,40.11103750299844,13:51:41
119.15,114.51,122.02,118.46,118.535,40.29752219399961,13:51:41
119.51,114.51,122.02,118.46,118.625,40.46533810799883,13:51:41
119.51,115.06,122.56,119.07,119.05,40.6367605589985,13:51:42
120.07,115.06,122.56,119.07,119.19,40.81585738499962,13:51:42
120.07,115.75,123.29,119.81,119.73,40.99340151399883,13:51:42
120.63,116.25,123.29,119.81,119.995,41.201279285000055,13:51:42
120.63,116.25,123.69,120.2,120.1925,41.404138184998374,13:51:42
120.66,116.3,123.55,120.2,120.1775,41.58063508199848,13:51:43
120.66,116.3,123.55,120.12,120.1575,41.78232440699867,13:51:43
120.21,116.06,123.07,119.8,119.785,41.949976677999075,13:51:43
120.21,116.06,123.07,119.8,119.785,42.1190349289991,13:51:43
119.59,115.72,122.42,119.37,119.275,42.300632415999644,13:51:43
119.59,115.72,122.42,119.37,119.275,42.47719675999906,13:51:43
118.85,115.37,121.75,119.03,118.75,42.65511625199906,13:51:44
118.85,115.37,121.75,119.03,118.75,42.83399000799909,13:51:44
118.36,115.27,121.47,119.02,118.53,43.003977888998634,13:51:44
118.4,115.31,121.51,119.06,118.57000000000001,43.173346606999985,13:51:44
118.44,115.69,121.86,119.55,118.885,43.34736820999933,13:51:44
118.44,115.69,121.86,119.55,118.885,43.51508584600015,13:51:44
118.9,116.25,122.49,120.18,119.455,43.68786589499905,13:51:45
118.9,116.25,122.49,120.18,119.455,43.86815229799868,13:51:45
119.51,116.87,123.11,120.78,120.0675,44.044625029999224,13:51:45
119.75,116.85,123.09,120.76,120.1125,44.25000250999983,13:51:45
119.75,117.06,123.19,120.85,120.2125,44.42774908699903,13:51:45
119.54,117.06,123.19,120.85,120.16,44.59799181099879,13:51:46
119.54,116.91,122.85,120.59,119.9725,44.76948702599839,13:51:46
119.04,116.91,122.85,120.59,119.8475,44.939735374999145,13:51:46
119.06,116.63,122.34,120.23,119.565,45.11252943599902,13:51:46
118.44,116.63,122.34,120.23,119.41,45.291292725998574,13:51:46
118.44,116.3,121.73,119.87,119.08500000000001,45.46809800899973,13:51:46
117.9,116.07,121.73,119.87,118.8925,45.66850687799888,13:51:47
117.9,116.07,121.31,119.65,118.73249999999999,45.842524628998945,13:51:47
117.7,116.21,121.31,119.65,118.7175,46.018974028998855,13:51:47
117.74,116.25,121.44,119.98,118.8525,46.19926006999958,13:51:47
118.15,116.77,121.44,119.98,119.08500000000001,46.372110901998894,13:51:47
118.15,116.77,122.07,120.64,119.4075,46.58001654299915,13:51:48
118.78,117.44,122.77,120.64,119.9075,46.752721021999605,13:51:48
118.78,117.44,122.77,121.27,120.065,46.92295145599928,13:51:48
119.23,117.77,123.08,121.27,120.33749999999999,47.093193921999045,13:51:48
119.18,117.71,123.02,121.45,120.33999999999999,47.27597635199891,13:51:48
119.12,117.64,122.8,121.27,120.2075,47.48013384299884,13:51:48
119.12,117.64,122.8,121.27,120.2075,47.65661834899947,13:51:49
118.72,117.38,122.36,120.93,119.8475,47.82566311499977,13:51:49
118.72,117.38,122.36,120.93,119.8475,47.997098488998745,13:51:49
118.16,117.0,121.78,120.53,119.3675,48.171085721000054,13:51:49
118.16,117.0,121.78,120.53,119.3675,48.34757038399948,13:51:49
117.6,116.72,121.3,120.26,118.97,48.531583431999024,13:51:49
117.34,116.72,121.3,120.26,118.905,48.73825877099989,13:51:50
117.34,116.72,121.22,120.32,118.89999999999999,48.94736602099874,13:51:50
117.44,117.02,121.17,120.28,118.97749999999999,49.1163689649984,13:51:50
117.44,117.02,121.55,120.77,119.195,49.29157572099939,13:51:50
118.03,117.63,121.55,120.77,119.49499999999999,49.46054652999919,13:51:50
118.03,117.63,122.3,121.44,119.85,49.630802537998534,13:51:51
118.64,118.15,122.84,121.44,120.2675,49.83872651599995,13:51:51
118.64,118.15,122.84,121.86,120.3725,50.00893669299876,13:51:51
118.84,118.24,122.86,121.86,120.45,50.179197180999836,13:51:51
118.84,118.24,122.86,121.83,120.4425,50.355509814999095,13:51:51
118.61,118.04,122.52,121.83,120.25,50.52987584799848,13:51:51
118.61,118.04,122.52,121.58,120.1875,50.70505895899987,13:51:52
118.18,117.73,122.05,121.58,119.885,50.884107356998356,13:51:52
118.18,117.73,122.05,121.24,119.80000000000001,51.09338205499989,13:51:52
117.67,117.43,121.54,120.88,119.38000000000001,51.26267119699878,13:51:52
117.67,117.43,121.54,120.88,119.38000000000001,51.432894863999536,13:51:52
117.13,117.15,121.09,120.62,118.9975,51.60569627299992,13:51:53
117.13,117.15,121.09,120.62,118.9975,51.77593493999848,13:51:53
116.89,117.14,121.05,120.72,118.94999999999999,51.959937210000135,13:51:53
116.97,117.22,121.13,120.8,119.03,52.13144529599958,13:51:53
117.27,117.66,121.67,121.36,119.49000000000001,52.33680840799934,13:51:53
117.93,117.66,121.67,121.36,119.655,52.50705025199932,13:51:53
117.93,118.26,122.41,121.96,120.14,52.67860885899972,13:51:54
118.43,118.26,122.41,121.96,120.265,52.85397462699984,13:51:54
118.43,118.58,122.72,122.21,120.485,53.030346378000104,13:51:54
118.37,118.52,122.66,122.14,120.42249999999999,53.214468178999596,13:51:54
118.37,118.45,122.5,121.97,120.32249999999999,53.383762894998654,13:51:54
118.05,118.22,122.5,121.97,120.185,53.592927595998844,13:51:55
118.05,118.22,122.12,121.67,120.015,53.7631410569993,13:51:55
117.54,117.86,122.12,121.67,119.7975,53.939687702999436,13:51:55
117.54,117.86,121.6,121.3,119.575,54.125015955998606,13:51:55
117.13,117.62,121.6,121.3,119.41250000000001,54.29388593600015,13:51:55
117.13,117.62,121.2,121.05,119.25,54.49930790399958,13:51:55
116.8,117.52,121.01,120.98,119.0775,54.70595871799924,13:51:56
116.8,117.52,121.01,120.98,119.0775,54.8749890099989,13:51:56
116.81,117.66,121.18,121.23,119.22,55.04891504999978,13:51:56
116.77,117.61,121.13,121.18,119.1725,55.2264547629984,13:51:56
117.18,118.1,121.73,121.74,119.6875,55.40203626099901,13:51:56
117.18,118.1,121.73,121.74,119.6875,55.581117577999976,13:51:57
117.8,118.6,122.36,122.26,120.255,55.75771708999855,13:51:57
117.8,118.6,122.36,122.26,120.255,55.935364614999344,13:51:57
118.17,118.82,122.57,122.38,120.485,56.11195928399866,13:51:57
118.23,118.88,122.63,122.44,120.545,56.29754248399877,13:51:57
118.17,118.75,122.43,122.24,120.39750000000001,56.474077099999704,13:51:57
118.17,118.75,122.43,122.24,120.39750000000001,56.65190988499853,13:51:58
117.83,118.5,122.02,121.92,120.0675,56.834651855999255,13:51:58
117.42,118.5,122.02,121.92,119.965,57.040059867998934,13:51:58
117.48,118.26,121.62,121.65,119.7525,57.220287950000056,13:51:58
117.03,117.99,121.62,121.65,119.57249999999999,57.42189228999996,13:51:58
117.03,117.99,121.2,121.37,119.3975,57.594617402999575,13:51:59
116.64,117.79,121.2,121.37,119.25,57.769906560999516,13:51:59
116.64,117.79,120.94,121.22,119.14750000000001,57.9539262319995,13:51:59
116.65,117.94,120.92,121.2,119.1775,58.12290954799937,13:51:59
116.65,117.94,121.1,121.46,119.2875,58.30191326399836,13:51:59
117.02,118.36,121.63,121.46,119.61749999999999,58.50612253500003,13:51:59
117.02,118.36,121.63,121.94,119.7375,58.67609329299921,13:52:00
117.6,118.8,122.19,121.94,120.1325,58.845319940999616,13:52:00
117.6,118.8,122.19,122.37,120.24,59.02202721499998,13:52:00
117.85,118.92,122.32,122.29,120.345,59.20831864199863,13:52:00
117.85,118.92,122.32,122.43,120.38,59.3838990489985,13:52:00
117.81,118.82,122.13,122.26,120.255,59.58802696800012,13:52:01
117.52,118.82,122.13,122.26,120.18249999999999,59.79711959299857,13:52:01
117.52,118.58,121.78,121.98,119.965,59.96498047099885,13:52:01
117.1,118.56,121.76,121.96,119.845,60.13386373699905,13:52:01
117.1,118.26,121.33,121.61,119.575,60.30914227199901,13:52:01
116.73,118.26,121.33,121.61,119.4825,60.48439216099905,13:52:01
116.73,118.06,121.02,121.46,119.3175,60.65964017499937,13:52:02
116.61,118.06,121.02,121.46,119.2875,60.838695819998975,13:52:02
116.61,118.09,121.04,121.53,119.3175,61.04401560799852,13:52:02
116.75,118.3,121.0,121.49,119.385,61.22175131399854,13:52:02
116.75,118.3,121.31,121.83,119.5475,61.42850426899895,13:52:02
117.19,118.68,121.81,122.25,119.9825,61.62889310099854,13:52:03
117.19,118.68,121.81,122.25,119.9825,61.796630334998554,13:52:03
117.61,118.98,122.16,122.51,120.315,61.97198392199971,13:52:03
117.73,119.1,122.28,122.63,120.435,62.159745862998534,13:52:03
117.85,119.12,122.28,122.57,120.455,62.34227585999906,13:52:03
117.69,119.12,122.28,122.57,120.415,62.54674992499895,13:52:03
117.69,118.93,121.99,122.34,120.23750000000001,62.75089492999905,13:52:04
117.35,118.66,121.99,122.34,120.08500000000001,62.919825854998635,13:52:04
117.35,118.66,121.59,122.0,119.9,63.093793516000005,13:52:04
116.91,118.36,121.57,121.98,119.705,63.2741597259992,13:52:04
116.91,118.36,121.16,121.7,119.53249999999998,63.45064752599865,13:52:04
116.61,118.21,120.91,121.7,119.3575,63.6508814129993,13:52:05
116.61,118.21,120.91,121.57,119.325,63.82735567199961,13:52:05
116.51,118.26,120.95,121.57,119.3225,63.99886897499891,13:52:05
116.52,118.27,120.97,121.7,119.365,64.17791316399962,13:52:05
116.79,118.57,121.38,121.7,119.61,64.34686325599978,13:52:05
116.79,118.57,121.38,122.07,119.7025,64.5182731749992,13:52:05
117.29,118.97,121.87,122.07,120.05,64.69492951599932,13:52:06
117.29,118.97,121.87,122.51,120.16,64.87628441999914,13:52:06
117.65,119.2,122.14,122.51,120.375,65.04435894499875,13:52:06
117.61,119.16,122.1,122.61,120.37,65.22210543599977,13:52:06
117.62,119.08,121.96,122.61,120.3175,65.39356884399967,13:52:06
117.62,119.08,121.96,122.47,120.2825,65.56381799099836,13:52:07
117.39,118.86,121.66,122.47,120.095,65.74785553199945,13:52:07
117.39,118.86,121.66,122.26,120.04249999999999,65.95198689499921,13:52:07
117.0,118.57,121.26,121.91,119.685,66.1209405819991,13:52:07
117.0,118.57,121.26,121.91,119.685,66.29878827099856,13:52:07
116.67,118.38,120.96,121.71,119.42999999999999,66.46897767900009,13:52:07
116.67,118.38,120.96,121.71,119.42999999999999,66.63674824899863,13:52:08
116.51,118.34,120.91,121.74,119.375,66.80696046999947,13:52:08
116.51,118.34,120.91,121.74,119.375,66.98597940099899,13:52:08
116.67,118.54,121.19,122.02,119.60499999999999,67.16727550399992,13:52:08
117.09,118.54,121.19,122.02,119.71,67.37051864499881,13:52:08
117.09,118.91,121.63,122.42,120.0125,67.54197403499893,13:52:08
117.44,119.15,121.63,122.42,120.16000000000001,67.74735512999905,13:52:09
117.44,119.15,121.93,122.6,120.28,67.92385652699886,13:52:09
117.56,119.17,121.93,122.6,120.315,68.1078251129984,13:52:09
117.7,119.31,122.11,122.74,120.465,68.31194824900012,13:52:09
117.62,119.22,121.89,122.74,120.3675,68.47966569599885,13:52:09
117.62,119.22,121.89,122.57,120.325,68.65501095499894,13:52:10
117.34,118.98,121.56,122.32,120.05,68.85782113200003,13:52:10
117.34,118.98,121.56,122.32,120.05,69.0268201859999,13:52:10
116.83,118.55,121.04,121.85,119.5675,69.2058454729995,13:52:10
116.83,118.55,121.04,121.85,119.5675,69.38356983099948,13:52:10
116.46,118.37,120.73,121.67,119.3075,69.56143523099854,13:52:11
116.46,118.37,120.73,121.67,119.3075,69.74293940799907,13:52:11
116.41,118.42,120.82,121.83,119.36999999999999,69.94469927999853,13:52:11
116.73,118.42,120.82,121.83,119.45,70.1199524579988,13:52:11
116.73,118.75,121.31,122.3,119.77250000000001,70.28894599199884,13:52:11
117.26,118.75,121.31,122.3,119.905,70.46425719099898,13:52:11
117.26,119.18,121.81,122.69,120.235,70.6419351959994,13:52:12
117.72,119.18,121.81,122.69,120.35000000000001,70.81849706399953,13:52:12
117.72,119.46,122.15,122.91,120.56,71.02513013299904,13:52:12
117.85,119.5,122.23,122.99,120.6425,71.20279975399899,13:52:12
117.85,119.5,122.14,122.88,120.5925,71.37806939199982,13:52:12
117.65,119.29,121.84,122.88,120.41499999999999,71.5847032419988,13:52:13
117.65,119.29,121.84,122.64,120.35499999999999,71.75622530100009,13:52:13
117.32,119.04,121.48,122.64,120.12,71.9252620649986,13:52:13
117.32,119.04,121.48,122.36,120.05000000000001,72.09418935099893,13:52:13
116.94,118.75,121.08,122.34,119.7775,72.27192402399851,13:52:13
116.94,118.75,121.08,122.04,119.7025,72.45594969599915,13:52:13
116.6,118.57,120.8,121.88,119.46249999999999,72.66145860799952,13:52:14
116.47,118.57,120.8,121.88,119.42999999999999,72.87054327599981,13:52:14
116.47,118.55,120.73,121.89,119.41,73.04082669899981,13:52:14
116.65,118.57,120.75,121.91,119.47,73.22353868299979,13:52:14
116.65,118.79,121.11,122.27,119.705,73.40380359999835,13:52:14
117.12,119.18,121.11,122.27,119.92,73.60919501299941,13:52:15
117.12,119.18,121.58,122.66,120.13499999999999,73.81204649599931,13:52:15
117.5,119.44,121.88,122.66,120.37,73.98474698700011,13:52:15
117.5,119.44,121.88,122.87,120.4225,74.15509629499866,13:52:15
117.61,119.46,121.87,122.87,120.4525,74.32382238599894,13:52:15
117.61,119.46,121.87,122.82,120.44,74.49437096399924,13:52:15
117.47,119.28,121.64,122.82,120.3025,74.67319500699887,13:52:16
117.47,119.28,121.64,122.61,120.25,74.84982375199979,13:52:16
117.18,119.05,121.29,122.61,120.03250000000001,75.02669588199933,13:52:16
117.24,119.11,121.35,122.4,120.025,75.21209305799857,13:52:16
116.88,118.87,121.01,122.4,119.78999999999999,75.3899073679986,13:52:16
116.88,118.87,121.01,122.17,119.7325,75.57243794899841,13:52:17
116.62,118.72,120.78,122.02,119.535,75.78072887599956,13:52:17
116.52,118.72,120.78,122.02,119.50999999999999,75.9887217839987,13:52:17
116.4,118.59,120.63,121.95,119.3925,76.19168134099891,13:52:17
116.53,118.77,120.63,121.95,119.47,76.36689431599916,13:52:17
116.53,118.77,120.87,122.19,119.59,76.57228323099844,13:52:18
116.85,119.07,121.27,122.19,119.845,76.74248061599974,13:52:18
116.85,119.07,121.27,122.54,119.9325,76.91901571800008,13:52:18
117.34,119.44,121.75,122.54,120.2675,77.09299573299904,13:52:18
117.44,119.54,121.86,123.0,120.46000000000001,77.27207623499999,13:52:18
117.73,119.66,121.98,123.07,120.61,77.47501027199905,13:52:18
117.73,119.66,121.98,123.07,120.61,77.65140230299949,13:52:19
117.67,119.57,121.84,122.9,120.495,77.8592535989992,13:52:19
117.44,119.35,121.84,122.9,120.3825,78.07089387999986,13:52:19
117.42,119.33,121.49,122.64,120.22,78.27092028199877,13:52:19
117.09,119.09,121.14,122.64,119.99,78.44544175299961,13:52:19
117.09,119.09,121.14,122.37,119.9225,78.62302221299979,13:52:20
116.73,118.84,120.78,122.37,119.68,78.79942544299956,13:52:20
116.73,118.84,120.78,122.13,119.62,78.98250263699993,13:52:20
116.57,118.8,120.69,122.13,119.5475,79.19163366599969,13:52:20
116.57,118.8,120.69,122.13,119.5475,79.36568836900005,13:52:20
116.57,118.89,120.8,122.27,119.6325,79.5772642769989,13:52:21
116.8,119.12,120.8,122.27,119.7475,79.78762196399839,13:52:21
116.8,119.12,121.11,122.54,119.89250000000001,79.96282983799938,13:52:21
116.86,119.11,120.91,122.34,119.805,80.13686027199947,13:52:21
116.86,119.11,121.14,122.54,119.91250000000001,80.31333251199976,13:52:21
117.13,119.3,121.14,122.54,120.0275,80.48601337199943,13:52:21
117.13,119.3,121.37,122.7,120.125,80.69149609299893,13:52:22
117.23,119.35,121.41,122.71,120.175,80.8994319229987,13:52:22
117.2,119.35,121.41,122.71,120.1675,81.10848967199854,13:52:22
117.32,119.4,121.43,122.75,120.225,81.28369306799868,13:52:22
117.17,119.4,121.43,122.75,120.1875,81.46147076899979,13:52:22
117.17,119.29,121.24,122.6,120.07499999999999,81.64422301999912,13:52:23
116.95,119.13,121.24,122.6,119.97999999999999,81.85315233299843,13:52:23
116.95,119.13,121.01,122.42,119.8775,82.0626736739996,13:52:23
116.76,119.0,120.8,122.3,119.715,82.27571665799951,13:52:23
116.61,119.0,120.8,122.3,119.67750000000001,82.48237619499923,13:52:23
116.61,118.95,120.71,122.27,119.63499999999999,82.66260419299942,13:52:24
116.63,119.01,120.71,122.27,119.65499999999999,82.86556688099881,13:52:24
116.63,119.01,120.81,122.4,119.7125,83.03822935799872,13:52:24
116.85,119.24,120.85,122.44,119.84499999999998,83.21468347599875,13:52:24
116.85,119.24,121.06,122.64,119.94749999999999,83.41517196199857,13:52:24
117.1,119.42,121.3,122.81,120.1575,83.62297961799959,13:52:25
117.25,119.42,121.3,122.81,120.19500000000001,83.8333437149995,13:52:25
117.25,119.49,121.37,122.85,120.24000000000001,84.00607692099948,13:52:25
117.16,119.45,121.33,122.81,120.1875,84.18765767199875,13:52:25
117.16,119.39,121.21,122.69,120.1125,84.38900682999883,13:52:25
117.0,119.26,121.0,122.69,119.9875,84.60201064899957,13:52:26
117.0,119.26,121.0,122.55,119.9525,84.8127201619991,13:52:26
116.79,119.11,120.8,122.4,119.775,85.02436977199977,13:52:26
116.58,118.97,120.74,122.34,119.6575,85.23726791599984,13:52:26
116.58,118.97,120.61,122.28,119.61000000000001,85.43757525899855,13:52:26
116.55,119.0,120.65,122.35,119.63750000000002,85.64920872399853,13:52:27
116.71,119.0,120.65,122.35,119.67750000000001,85.85708659000011,13:52:27
116.71,119.16,120.88,122.57,119.83,86.03491169100016,13:52:27
117.06,119.48,120.96,122.65,120.0375,86.233841543999,13:52:27
117.06,119.48,121.26,122.89,120.1725,86.44420491399978,13:52:27
117.31,119.63,121.43,123.0,120.3425,86.65212746799989,13:52:28
117.31,119.63,121.43,123.0,120.3425,86.82501166499969,13:52:28
117.31,119.57,121.34,122.92,120.28500000000001,87.00009803499961,13:52:28
117.13,119.38,121.16,122.74,120.10249999999999,87.18288638299964,13:52:28
116.98,119.24,120.93,122.53,119.91999999999999,87.35937456600004,13:52:28
116.98,119.24,120.93,122.53,119.91999999999999,87.5359067599984,13:52:28
116.74,119.05,120.67,122.35,119.70249999999999,87.71119354499933,13:52:29
116.74,119.05,120.67,122.35,119.70249999999999,87.88883656500002,13:52:29
116.63,119.04,120.63,122.37,119.6675,88.07283631300015,13:52:29
116.79,119.14,120.73,122.47,119.7825,88.28072105499996,13:52:29
116.79,119.23,120.87,122.62,119.8775,88.46344357199996,13:52:29
117.0,119.41,120.87,122.62,119.975,88.67388480899899,13:52:30
117.0,119.41,121.1,122.81,120.08,88.882977199999,13:52:30
117.15,119.51,121.19,122.88,120.1825,89.09209448799993,13:52:30
117.21,119.57,121.26,122.95,120.24749999999999,89.2711938529992,13:52:30
117.22,119.57,121.21,122.9,120.225,89.47893354499865,13:52:30
117.12,119.46,121.21,122.9,120.17249999999999,89.67796803700003,13:52:31
117.12,119.46,121.03,122.77,120.095,89.8908737369984,13:52:31
116.92,119.32,120.81,122.61,119.915,90.09370012999898,13:52:31
116.68,119.28,120.77,122.57,119.825,90.30281882499912,13:52:31
116.68,119.15,120.57,122.43,119.7075,90.48181605599893,13:52:31
116.55,119.1,120.57,122.43,119.6625,90.6770665109998,13:52:32
116.55,119.1,120.49,122.41,119.63749999999999,90.8874512909988,13:52:32
116.6,119.19,120.61,122.56,119.74,91.09537416199964,13:52:32
116.9,119.29,120.71,122.66,119.88999999999999,91.30699851699865,13:52:32
116.9,119.48,120.97,122.87,120.055,91.51355384499948,13:52:32
117.14,119.65,120.97,122.87,120.1575,91.68734314299945,13:52:33
117.14,119.65,121.18,123.03,120.25,91.86287800299942,13:52:33
117.24,119.68,121.18,123.03,120.2825,92.04066805599905,13:52:33
117.12,119.56,121.07,122.9,120.1625,92.22722810300002,13:52:33
117.03,119.46,121.07,122.9,120.11500000000001,92.40379212199878,13:52:33
117.03,119.46,120.88,122.75,120.03,92.58048905799842,13:52:34
116.82,119.32,120.88,122.75,119.9425,92.7568507879987,13:52:34
116.82,119.32,120.67,122.61,119.855,92.93220700399979,13:52:34
116.67,119.22,120.67,122.61,119.7925,93.11278089299958,13:52:34
116.69,119.24,120.57,122.54,119.76,93.31669337599851,13:52:34
116.63,119.24,120.55,122.54,119.74000000000001,93.48473912000009,13:52:34
116.63,119.24,120.55,122.58,119.75,93.66251578899937,13:52:35
116.7,119.34,120.67,122.58,119.8225,93.83150470500004,13:52:35
116.7,119.34,120.67,122.67,119.84500000000001,94.00174126899947,13:52:35
116.7,119.32,120.71,122.57,119.82499999999999,94.17951689599977,13:52:35
116.7,119.32,120.71,122.71,119.85999999999999,94.35601065799892,13:52:35
116.9,119.46,120.89,122.71,119.99,94.5325093149986,13:52:35
116.9,119.46,120.89,122.86,120.0275,94.71650781799872,13:52:36
117.06,119.58,121.02,122.86,120.13,94.88423226399937,13:52:36
117.06,119.58,121.02,122.96,120.15499999999999,95.0645076669989,13:52:36
117.18,119.65,121.05,123.0,120.22,95.26865129499856,13:52:36
117.18,119.65,121.05,123.0,120.22,95.44263642799888,13:52:36
117.1,119.56,120.93,122.88,120.1175,95.6254401999995,13:52:37
117.1,119.56,120.93,122.88,120.1175,95.79569410899967,13:52:37
116.93,119.45,120.75,122.74,119.9675,95.99724593300016,13:52:37
116.73,119.45,120.75,122.74,119.9175,96.16626255799929,13:52:37
116.73,119.32,120.53,122.6,119.79500000000002,96.34275725899897,13:52:37
116.59,119.32,120.53,122.6,119.75999999999999,96.51675921499918,13:52:37
116.59,119.24,120.41,122.52,119.69,96.69200725799965,13:52:38
116.57,119.24,120.41,122.52,119.685,96.86974788799853,13:52:38
116.57,119.29,120.48,122.64,119.745,97.04125069499969,13:52:38
116.9,119.45,120.64,122.8,119.9475,97.22774527699949,13:52:38
116.9,119.63,120.88,123.01,120.10499999999999,97.40424242599875,13:52:38
117.15,119.63,120.88,123.01,120.16749999999999,97.58448908099854,13:52:39
117.15,119.8,121.05,123.13,120.2825,97.75471851199836,13:52:39
117.19,119.8,121.05,123.13,120.2925,97.93000431600012,13:52:39
117.19,119.79,121.01,123.1,120.27250000000001,98.10776400899886,13:52:39
116.98,119.71,120.93,123.02,120.16,98.28424412799905,13:52:39
116.98,119.58,120.72,122.86,120.035,98.46078450599998,13:52:39
116.74,119.58,120.72,122.86,119.975,98.6385147209985,13:52:40
116.74,119.42,120.48,122.69,119.8325,98.81506077699851,13:52:40
116.58,119.42,120.48,122.69,119.7925,98.99274953399981,13:52:40
116.54,119.3,120.32,122.59,119.6875,99.17799324099906,13:52:40
116.55,119.3,120.32,122.59,119.69,99.35072041700005,13:52:40
116.55,119.34,120.38,122.66,119.73249999999999,99.52474977099882,13:52:40
116.67,119.34,120.38,122.66,119.76249999999999,99.70128332799868,13:52:41
116.67,119.49,120.58,122.87,119.9025,99.87776709399986,13:52:41
116.92,119.49,120.58,122.87,119.965,100.05298013899846,13:52:41
117.0,119.77,120.92,123.14,120.2075,100.23574927899972,13:52:41
117.21,119.89,120.92,123.14,120.28999999999999,100.4398705679996,13:52:41
117.21,119.89,121.05,123.23,120.345,100.62138851899908,13:52:42
117.17,119.83,121.05,123.23,120.32000000000001,100.79033009699924,13:52:42
117.17,119.83,120.92,123.13,120.2625,100.96437778600011,13:52:42
117.01,119.7,120.9,123.11,120.18,101.13207619499917,13:52:42
117.01,119.7,120.72,122.98,120.1025,101.30492415299886,13:52:42
116.81,119.53,120.72,122.98,120.01,101.47638633799943,13:52:42
116.81,119.53,120.49,122.81,119.91,101.68176652599868,13:52:43
116.61,119.43,120.28,122.81,119.78250000000001,101.84944691499913,13:52:43
116.61,119.43,120.28,122.69,119.75250000000001,102.01971421399867,13:52:43
116.55,119.45,120.28,122.75,119.7575,102.19371560199943,13:52:43
116.55,119.45,120.28,122.74,119.755,102.36775313499857,13:52:43
116.59,119.54,120.4,122.74,119.8175,102.54552356099884,13:52:43
116.59,119.54,120.4,122.88,119.85249999999999,102.72320721699907,13:52:44
116.77,119.7,120.6,122.88,119.9875,102.89844094099863,13:52:44
116.77,119.7,120.6,123.04,120.0275,103.07623548099946,13:52:44
116.84,119.72,120.64,122.94,120.035,103.26272105799944,13:52:44
116.84,119.72,120.64,123.04,120.06,103.4694224879986,13:52:44
116.9,119.73,120.66,123.06,120.08749999999999,103.6458428199985,13:52:45
116.89,119.73,120.66,123.06,120.085,103.84872026599987,13:52:45
116.89,119.71,120.61,123.02,120.05749999999999,104.0177090849993,13:52:45
116.88,119.77,120.67,123.08,120.1,104.19293702899995,13:52:45
116.88,119.73,120.57,123.02,120.05,104.39708446699842,13:52:45
116.79,119.66,120.47,123.02,119.98499999999999,104.60369657699994,13:52:46
116.79,119.66,120.47,122.94,119.96499999999999,104.81032644699917,13:52:46
116.67,119.6,120.35,122.88,119.875,104.98433809800008,13:52:46
116.59,119.59,120.33,122.86,119.8425,105.18721090999861,13:52:46
116.59,119.54,120.27,122.85,119.8125,105.39518410399978,13:52:46
116.58,119.55,120.27,122.85,119.8125,105.56654874199921,13:52:47
116.58,119.55,120.29,122.86,119.82000000000001,105.74181850899913,13:52:47
116.63,119.63,120.29,122.86,119.8525,105.91581771299934,13:52:47
116.63,119.63,120.39,122.98,119.9075,106.09356324599867,13:52:47
116.81,119.79,120.39,122.98,119.9925,106.27000284999849,13:52:47
116.81,119.79,120.57,123.12,120.0725,106.47070973999871,13:52:47
116.94,119.86,120.66,123.12,120.14500000000001,106.64969896199909,13:52:48
116.94,119.86,120.66,123.18,120.16000000000001,106.82744152699888,13:52:48
116.95,119.84,120.63,123.18,120.15,107.00406847399972,13:52:48
116.96,119.86,120.64,123.18,120.16,107.17933272199843,13:52:48
116.89,119.81,120.51,123.18,120.0975,107.34955064899987,13:52:48
116.89,119.81,120.51,123.08,120.07249999999999,107.51853467899855,13:52:48
116.76,119.71,120.36,122.99,119.955,107.72647282399885,13:52:49
116.76,119.71,120.36,122.99,119.955,107.89667122099854,13:52:49
116.62,119.63,120.23,122.89,119.8425,108.10208808099924,13:52:49
116.46,119.5,120.12,122.79,119.7175,108.30745353599923,13:52:49
116.46,119.5,120.06,122.79,119.7025,108.48016993700003,13:52:49
116.47,119.56,120.14,122.79,119.74000000000001,108.6855944529998,13:52:50
116.47,119.56,120.14,122.88,119.7625,108.85954313899856,13:52:50
116.64,119.72,120.36,123.07,119.9475,109.06504447799853,13:52:50
116.62,119.7,120.34,123.05,119.9275,109.2376597349994,13:52:50
116.85,119.87,120.58,123.23,120.13250000000001,109.40278327099986,13:52:50
116.85,119.87,120.58,123.23,120.13250000000001,109.57189006099907,13:52:51
117.01,119.98,120.69,123.29,120.2425,109.74970351299999,13:52:51
117.05,119.98,120.69,123.29,120.25250000000001,109.95887451599992,13:52:51
117.05,119.96,120.66,123.25,120.22999999999999,110.1265332439998,13:52:51
116.95,119.96,120.66,123.25,120.205,110.30303904899847,13:52:51
116.95,119.85,120.49,123.13,120.105,110.50967465199938,13:52:51
116.76,119.72,120.27,123.13,119.97,110.71752212399952,13:52:52
116.76,119.72,120.27,122.99,119.935,110.92289544499909,13:52:52
116.59,119.62,120.08,122.87,119.79,111.10444710199954,13:52:52
116.6,119.72,120.18,122.97,119.8675,111.30984203799926,13:52:52
116.6,119.67,120.14,122.98,119.8475,111.48756236599911,13:52:52
116.63,119.67,120.14,122.98,119.855,111.66279458600002,13:52:53
116.63,119.74,120.22,123.04,119.90750000000001,111.86570787299934,13:52:53
116.7,119.83,120.22,123.04,119.9475,112.0421703459997,13:52:53
116.7,119.83,120.32,123.15,120.0,112.20989620999899,13:52:53
116.79,119.89,120.32,123.15,120.0375,112.39267108899912,13:52:53
116.79,119.89,120.37,123.19,120.06,112.56667050499891,13:52:54
116.8,119.88,120.37,123.19,120.06,112.73708947699924,13:52:54
116.8,119.88,120.36,123.18,120.055,112.91465709899967,13:52:54
116.79,119.88,120.36,123.18,120.05250000000001,113.0911537389984,13:52:54
116.79,119.88,120.32,123.18,120.0425,113.27265227299904,13:52:54
116.78,119.86,120.27,123.18,120.0225,113.47297463999894,13:52:54
116.78,119.86,120.27,123.15,120.01499999999999,113.68453682799918,13:52:55
116.71,119.82,120.19,123.11,119.9575,113.89116550899962,13:52:55
116.63,119.8,120.19,123.11,119.9325,114.09784455299996,13:52:55
116.55,119.71,120.05,122.99,119.825,114.27573607999875,13:52:55
116.52,119.7,120.02,122.99,119.8075,114.47580016899883,13:52:55
116.52,119.7,120.02,123.0,119.81,114.65229107999949,13:52:56
116.56,119.76,120.1,123.09,119.8775,114.85538515000007,13:52:56
116.56,119.76,120.1,123.09,119.8775,115.0241754359995,13:52:56
116.76,119.97,120.33,123.28,120.08500000000001,115.21692775099837,13:52:56
116.76,119.97,120.33,123.28,120.08500000000001,115.38970103099928,13:52:56
116.92,120.07,120.46,123.38,120.2075,115.559945994999,13:52:57
116.92,120.07,120.46,123.38,120.2075,115.74267155399866,13:52:57
116.97,120.09,120.45,123.37,120.22,115.94428537399835,13:52:57
116.88,120.09,120.45,123.37,120.1975,116.11951796199901,13:52:57
116.84,119.96,120.26,123.23,120.0725,116.2897794370001,13:52:57
116.69,119.96,120.26,123.23,120.035,116.46633956799997,13:52:57
116.69,119.86,120.09,123.1,119.935,116.66914999399887,13:52:58
116.54,119.75,120.09,123.1,119.87,116.84569684499911,13:52:58
116.54,119.75,119.94,123.03,119.815,117.05107543199847,13:52:58
116.51,119.78,119.94,123.07,119.825,117.22379459999866,13:52:58
116.51,119.78,119.94,123.07,119.825,117.43166311799905,13:52:58
116.54,119.83,120.02,123.15,119.88499999999999,117.60691195699837,13:52:59
116.65,119.83,120.02,123.15,119.9125,117.80974436399993,13:52:59
116.65,119.95,120.15,123.25,120.0,117.98628329899839,13:52:59
116.69,119.96,120.07,123.17,119.9725,118.18788967199907,13:52:59
116.69,119.96,120.16,123.27,120.01999999999998,118.36574135799856,13:52:59
116.77,120.01,120.22,123.27,120.0675,118.57233379199897,13:53:00
116.77,120.01,120.22,123.3,120.075,118.74120027799836,13:53:00
116.78,120.01,120.21,123.3,120.075,118.94784401499965,13:53:00
116.78,120.01,120.21,123.3,120.075,119.12576908699884,13:53:00
116.75,119.98,120.15,123.26,120.035,119.32727702400007,13:53:00
116.68,119.98,120.15,123.26,120.01750000000001,119.50251018699964,13:53:00
116.68,119.94,120.07,123.21,119.975,119.70652446199892,13:53:01
116.62,119.9,120.0,123.21,119.93249999999999,119.91197331199874,13:53:01
116.62,119.9,120.0,123.18,119.925,120.08848709199992,13:53:01
116.6,119.9,119.97,123.22,119.92250000000001,120.26373223500013,13:53:01
116.6,119.9,119.97,123.19,119.915,120.44024924399855,13:53:01
116.56,119.9,119.97,123.19,119.905,120.6167043789992,13:53:02
116.56,119.9,119.97,123.21,119.91,120.79321076499946,13:53:02
116.6,119.95,120.03,123.21,119.9475,120.96846804399866,13:53:02
116.56,119.91,119.99,123.24,119.925,121.14251215299919,13:53:02
116.67,119.99,120.08,123.24,119.995,121.3139481549988,13:53:02
116.67,119.99,120.08,123.3,120.01,121.48169735899864,13:53:02
116.74,120.06,120.13,123.34,120.0675,121.68959686999915,13:53:03
116.74,120.06,120.13,123.34,120.0675,121.86611148599877,13:53:03
116.75,120.07,120.14,123.36,120.08,122.06635250599902,13:53:03
116.83,120.15,120.22,123.44,120.16000000000001,122.24158124399946,13:53:03
116.83,120.12,120.16,123.41,120.13,122.45073798799967,13:53:03
116.75,120.08,120.16,123.41,120.1,122.61969754899837,13:53:04
116.75,120.08,120.06,123.33,120.05499999999999,122.81998653899973,13:53:04
116.65,120.0,119.94,123.33,119.98,122.9939657019986,13:53:04
116.55,119.9,119.84,123.16,119.86249999999998,123.16552050700011,13:53:04
116.44,119.83,119.75,123.16,119.79499999999999,123.34194663400012,13:53:04
116.44,119.83,119.75,123.1,119.78,123.54358915699959,13:53:04
116.39,119.85,119.75,123.13,119.78,123.72258354799851,13:53:05
116.39,119.85,119.75,123.13,119.78,123.89405340599842,13:53:05
116.47,119.94,119.87,123.25,119.8825,124.06044725599895,13:53:05
116.51,119.98,119.91,123.29,119.9225,124.2358928169997,13:53:05
116.7,120.13,120.11,123.47,120.10249999999999,124.40982140899905,13:53:05
116.7,120.13,120.11,123.47,120.10249999999999,124.58758075699916,13:53:06
116.88,120.27,120.27,123.58,120.24999999999999,124.75656474700008,13:53:06
116.88,120.27,120.27,123.58,120.24999999999999,124.92807580299996,13:53:06
116.94,120.29,120.26,123.56,120.2625,125.09582787399995,13:53:06
116.94,120.29,120.26,123.56,120.2625,125.2736024829992,13:53:06
116.87,120.2,120.11,123.45,120.1575,125.47398136999982,13:53:06
116.71,120.2,120.11,123.45,120.11749999999999,125.65044494599897,13:53:07
116.71,120.07,119.9,123.3,119.99499999999999,125.85710207400007,13:53:07
116.53,119.94,119.9,123.3,119.9175,126.0285812559996,13:53:07
116.55,119.96,119.72,123.19,119.855,126.235418278,13:53:07
116.42,119.9,119.66,123.16,119.785,126.44437137999921,13:53:07
116.39,119.9,119.66,123.16,119.7775,126.64969559999918,13:53:08
116.39,119.94,119.69,123.21,119.80749999999999,126.86008780799966,13:53:08
116.49,120.06,119.69,123.21,119.8625,127.03655862499909,13:53:08
116.49,120.06,119.82,123.34,119.92750000000001,127.24820879399886,13:53:08
116.68,120.2,120.01,123.5,120.0975,127.45992521199878,13:53:08
116.82,120.29,120.01,123.5,120.155,127.70531078299973,13:53:09
116.82,120.29,120.12,123.59,120.20500000000001,127.9168275159991,13:53:09
116.86,120.28,120.11,123.56,120.2025,128.12469276199954,13:53:09
116.88,120.31,120.13,123.58,120.225,128.30994086600003,13:53:09
116.8,120.24,120.0,123.5,120.13499999999999,128.51780897699973,13:53:09
116.66,120.13,120.0,123.5,120.07249999999999,128.71659881399864,13:53:10
116.66,120.13,119.83,123.37,119.9975,128.92586457299876,13:53:10
116.49,120.01,119.66,123.24,119.85,129.123948946999,13:53:10
116.49,120.01,119.66,123.24,119.85,129.31423936200008,13:53:10
116.38,119.96,119.58,123.2,119.77999999999999,129.52231273299913,13:53:10
116.38,119.97,119.58,123.2,119.7825,129.7316363559985,13:53:11
116.38,119.97,119.62,123.26,119.8075,129.94047602499995,13:53:11
116.41,120.04,119.7,123.32,119.86749999999999,130.12356591499884,13:53:11
116.41,120.04,119.7,123.32,119.86749999999999,130.31984571799876,13:53:11
116.59,120.17,119.87,123.49,120.03,130.52660862999983,13:53:11
116.75,120.17,119.87,123.49,120.07000000000001,130.702221173,13:53:12
116.75,120.31,120.04,123.62,120.18,130.8775581459995,13:53:12
116.86,120.31,120.04,123.62,120.20750000000001,131.05514505199972,13:53:12
116.86,120.36,120.08,123.65,120.23750000000001,131.26335352800015,13:53:12
116.83,120.32,120.08,123.65,120.22,131.43855768899994,13:53:12
116.83,120.32,119.97,123.56,120.17,131.64536044499982,13:53:13
116.72,120.21,119.83,123.46,120.05499999999999,131.84805442699871,13:53:13
116.72,120.21,119.83,123.46,120.05499999999999,132.02201135799987,13:53:13
116.51,120.05,119.63,123.29,119.87,132.19350528299947,13:53:13
116.51,120.05,119.63,123.29,119.87,132.37754506499914,13:53:13
116.37,119.96,119.49,123.22,119.75999999999999,132.55161537999993,13:53:14
116.37,119.96,119.49,123.22,119.75999999999999,132.72567449799863,13:53:14
116.3,119.95,119.5,123.27,119.755,132.89829180199922,13:53:14
116.3,119.95,119.5,123.27,119.755,133.07484215399927,13:53:14
116.53,120.2,119.77,123.54,120.01,133.2587806349984,13:53:14
116.53,120.2,119.77,123.54,120.01,133.43400161999853,13:53:14
116.78,120.43,120.04,123.73,120.245,133.6080241239997,13:53:15
116.78,120.43,120.04,123.73,120.245,133.78200761799962,13:53:15
116.94,120.5,120.12,123.78,120.33500000000001,133.98746621899954,13:53:15
116.86,120.46,120.08,123.74,120.285,134.16261637199932,13:53:15
116.86,120.39,119.97,123.65,120.2175,134.3428896689984,13:53:15
116.71,120.27,119.97,123.65,120.15,134.54064061099962,13:53:15
116.71,120.27,119.76,123.51,120.0625,134.74858674799907,13:53:16
116.52,120.13,119.58,123.36,119.8975,134.95895510899936,13:53:16
116.42,120.03,119.48,123.26,119.7975,135.13048549499945,13:53:16
116.25,119.93,119.33,123.18,119.6725,135.3119239409989,13:53:16
116.21,119.93,119.33,123.18,119.6625,135.52021658599915,13:53:16
116.21,119.97,119.37,123.25,119.7,135.72945969399916,13:53:17
116.37,120.14,119.37,123.25,119.7825,135.9022056979993,13:53:17
116.37,120.14,119.6,123.49,119.9,136.0798084929993,13:53:17
116.78,120.49,119.68,123.57,120.13,136.2629018769985,13:53:17
116.78,120.49,120.02,123.83,120.27999999999999,136.44062571299946,13:53:17
117.01,120.65,120.18,123.83,120.4175,136.64483109399953,13:53:18
117.01,120.65,120.18,123.91,120.4375,136.8124645279986,13:53:18
117.03,120.61,120.11,123.85,120.4,137.0191470289992,13:53:18
117.11,120.69,120.19,123.94,120.4825,137.19062304199906,13:53:18
116.94,120.53,119.97,123.76,120.3,137.39730819899887,13:53:18
116.71,120.53,119.97,123.76,120.2425,137.5651628809992,13:53:19
116.71,120.33,119.69,123.55,120.07000000000001,137.732722879,13:53:19
116.43,120.33,119.69,123.55,120.0,137.9092477129998,13:53:19
116.43,120.14,119.38,123.33,119.82,138.07824301399887,13:53:19
116.2,120.14,119.38,123.33,119.7625,138.25348488799864,13:53:19
116.2,119.99,119.19,123.21,119.6475,138.42749187399932,13:53:19
116.15,119.99,119.19,123.21,119.63499999999999,138.60160875600013,13:53:20
116.15,120.04,119.27,123.31,119.6925,138.77046259999952,13:53:20
116.31,120.04,119.27,123.31,119.7325,138.9419896549989,13:53:20
116.31,120.21,119.5,123.53,119.88749999999999,139.1185292299997,13:53:20
116.58,120.19,119.48,123.51,119.94,139.30522108199875,13:53:20
116.58,120.45,119.78,123.77,120.145,139.48153482499947,13:53:20
116.81,120.45,119.78,123.77,120.20249999999999,139.65805007699964,13:53:21
116.81,120.62,119.98,123.91,120.33000000000001,139.8332815369995,13:53:21
116.88,120.62,119.98,123.91,120.3475,140.0072685769992,13:53:21
116.86,120.59,119.94,123.83,120.30499999999999,140.18876551499852,13:53:21
116.78,120.59,119.94,123.83,120.285,140.3602326759992,13:53:21
116.78,120.49,119.79,123.72,120.195,140.565633573,13:53:22
116.59,120.34,119.79,123.72,120.11000000000001,140.74214611800016,13:53:22
116.59,120.34,119.58,123.55,120.015,140.90989220999836,13:53:22
116.39,120.2,119.37,123.55,119.87750000000001,141.11159125799895,13:53:22
116.41,120.22,119.38,123.42,119.8575,141.28800213700015,13:53:22
116.24,120.11,119.24,123.42,119.7525,141.46070882099957,13:53:22
116.24,120.11,119.24,123.35,119.73499999999999,141.6372221999991,13:53:23
116.19,120.15,119.28,123.35,119.7425,141.81246319099955,13:53:23
116.19,120.15,119.28,123.42,119.76,141.9864546079989,13:53:23
116.27,120.23,119.4,123.34,119.81,142.16422553099983,13:53:23
116.27,120.23,119.4,123.53,119.85749999999999,142.33946584499972,13:53:23
116.48,120.42,119.64,123.72,120.065,142.54737740499877,13:53:24
116.7,120.42,119.64,123.72,120.12,142.75274283599902,13:53:24
116.7,120.57,119.81,123.85,120.23249999999999,142.9556631790001,13:53:24
116.84,120.63,119.85,123.89,120.3025,143.12329823099935,13:53:24
116.84,120.63,119.87,123.89,120.3075,143.30858155399983,13:53:24
116.77,120.57,119.75,123.89,120.24499999999999,143.51535598599912,13:53:24
116.77,120.57,119.75,123.79,120.22,143.69171202299913,13:53:25
116.6,120.41,119.56,123.63,120.05,143.89836208199995,13:53:25
116.6,120.41,119.56,123.63,120.05,144.06987638099963,13:53:25
116.37,120.24,119.32,123.45,119.845,144.25396731599903,13:53:25
116.37,120.24,119.32,123.45,119.845,144.43045913399874,13:53:25
116.2,120.15,119.2,123.38,119.7325,144.6144690279998,13:53:26
116.2,120.15,119.2,123.38,119.7325,144.79198636099864,13:53:26
116.2,120.18,119.23,123.45,119.765,144.9700733259997,13:53:26
116.35,120.22,119.27,123.49,119.8325,145.17555526899923,13:53:26
116.35,120.37,119.46,123.66,119.96000000000001,145.3833940179993,13:53:26
116.56,120.54,119.46,123.66,120.055,145.55733944799977,13:53:27
116.56,120.54,119.65,123.83,120.145,145.76395961199887,13:53:27
116.72,120.65,119.75,123.9,120.255,145.97314543799985,13:53:27
116.72,120.65,119.75,123.9,120.255,146.1432852149992,13:53:27
116.7,120.6,119.7,123.84,120.21000000000001,146.31218453199835,13:53:27
116.7,120.6,119.7,123.84,120.21000000000001,146.481466919,13:53:27
116.59,120.5,119.55,123.72,120.09,146.65042165299928,13:53:28
116.59,120.5,119.55,123.72,120.09,146.82191423499899,13:53:28
116.43,120.37,119.37,123.57,119.935,146.99341551399993,13:53:28
116.43,120.37,119.37,123.57,119.935,147.1650025229992,13:53:28
116.28,120.25,119.19,123.46,119.795,147.34155866499896,13:53:28
116.28,120.25,119.19,123.46,119.795,147.5166847649998,13:53:28
116.18,120.21,119.14,123.49,119.755,147.68818026400004,13:53:29
116.18,120.21,119.14,123.49,119.755,147.8634213639998,13:53:29
116.22,120.28,119.24,123.59,119.83250000000001,148.0412066659992,13:53:29
116.25,120.32,119.28,123.63,119.87,148.22769737999988,13:53:29
116.47,120.53,119.53,123.81,120.085,148.39676232199963,13:53:29
116.47,120.53,119.53,123.81,120.085,148.5794433739993,13:53:30
116.65,120.68,119.69,123.94,120.24,148.78612286299904,13:53:30
116.72,120.68,119.69,123.94,120.25750000000001,148.9600808469986,13:53:30
116.76,120.74,119.74,123.97,120.30250000000001,149.12906459299847,13:53:30
116.67,120.74,119.74,123.97,120.28,149.3143052639989,13:53:30
116.67,120.65,119.59,123.85,120.19,149.48706195299928,13:53:30
116.51,120.49,119.59,123.85,120.11000000000001,149.6950756009992,13:53:31
116.51,120.49,119.41,123.69,120.02499999999999,149.86389018199952,13:53:31
116.33,120.38,119.41,123.69,119.9525,150.04031143099928,13:53:31
116.19,120.24,119.08,123.43,119.735,150.21694398199907,13:53:31
116.04,120.15,118.96,123.43,119.645,150.42359545199906,13:53:31
116.04,120.15,118.96,123.37,119.63,150.63018317299975,13:53:32
116.05,120.21,119.07,123.49,119.705,150.80418329299937,13:53:32
116.05,120.21,119.07,123.49,119.705,150.98317723499895,13:53:32
116.3,120.5,119.42,123.79,120.00250000000001,151.16720994599928,13:53:32
116.3,120.5,119.42,123.79,120.00250000000001,151.34982782299994,13:53:32
116.64,120.76,119.73,124.04,120.2925,151.55434883899943,13:53:33
116.83,120.84,119.73,124.04,120.36000000000001,151.76088333199914,13:53:33
116.83,120.84,119.82,124.11,120.4,151.9349780879984,13:53:33
116.75,120.73,119.82,124.11,120.3525,152.10628088299927,13:53:33
116.75,120.73,119.69,123.98,120.28750000000001,152.29039494799872,13:53:33
116.65,120.64,119.53,123.98,120.20000000000002,152.49326535099863,13:53:33
116.65,120.64,119.53,123.81,120.15750000000001,152.70614297999964,13:53:34
116.44,120.48,119.29,123.64,119.9625,152.91026222999972,13:53:34
116.22,120.32,119.29,123.64,119.86749999999999,153.12191601299855,13:53:34
116.22,120.32,119.06,123.49,119.77250000000001,153.30338452399883,13:53:34
116.08,120.24,119.06,123.49,119.7175,153.4811435269985,13:53:34
116.08,120.24,118.99,123.46,119.6925,153.6663733159985,13:53:35
116.11,120.33,119.08,123.46,119.74499999999999,153.877813092,13:53:35
116.11,120.33,119.08,123.59,119.7775,154.05083754299994,13:53:35
116.31,120.54,119.33,123.79,119.9925,154.26130112699866,13:53:35
116.53,120.54,119.33,123.79,120.0475,154.47300319299939,13:53:35
116.53,120.73,119.56,123.97,120.19749999999999,154.64573254199968,13:53:36
116.64,120.73,119.56,123.97,120.225,154.8171467960001,13:53:36
116.64,120.73,119.58,123.98,120.2325,154.99120931499965,13:53:36
116.7,120.79,119.64,124.04,120.2925,155.17533088299933,13:53:36
116.7,120.79,119.61,123.98,120.27000000000001,155.34800533699854,13:53:36
116.57,120.68,119.61,123.98,120.21000000000001,155.5521133379989,13:53:37
116.57,120.68,119.41,123.85,120.1275,155.73110874099984,13:53:37
116.41,120.52,119.22,123.85,120.0,155.92886261799867,13:53:37
116.41,120.52,119.22,123.68,119.9575,156.1038970569989,13:53:37
116.2,120.4,119.02,123.68,119.825,156.2781280649997,13:53:37
116.2,120.4,119.02,123.56,119.795,156.45344818000012,13:53:37
116.1,120.35,118.96,123.56,119.74249999999999,156.62624138499996,13:53:38
116.1,120.35,118.96,123.54,119.7375,156.83679835600014,13:53:38
116.12,120.42,119.04,123.64,119.805,157.0058356999998,13:53:38
116.0,120.3,118.92,123.52,119.685,157.1835415810001,13:53:38
116.1,120.41,119.05,123.64,119.8,157.35748571600016,13:53:38
116.1,120.41,119.05,123.64,119.8,157.5327040100001,13:53:38
116.33,120.62,119.36,123.89,120.05,157.7129587290001,13:53:39
116.57,120.62,119.36,123.89,120.11,157.92084681199958,13:53:39
116.57,120.8,119.57,124.05,120.2475,158.12619131799875,13:53:39
116.69,120.85,119.61,124.05,120.3,158.32784793099927,13:53:39
116.69,120.85,119.61,124.06,120.3025,158.50567855199915,13:53:39
116.65,120.78,119.5,124.06,120.2475,158.6745649079985,13:53:40
116.65,120.78,119.5,123.96,120.2225,158.84489578600005,13:53:40
116.49,120.65,119.31,123.96,120.10249999999999,159.02138089599976,13:53:40
116.53,120.69,119.35,123.85,120.10499999999999,159.202620869999,13:53:40
116.33,120.53,119.14,123.68,119.92,159.4133645089987,13:53:40
116.15,120.53,119.14,123.68,119.875,159.62253253199924,13:53:41
116.15,120.42,118.97,123.58,119.77999999999999,159.79390434199922,13:53:41
116.03,120.42,118.97,123.58,119.74999999999999,159.96677379799985,13:53:41
116.13,120.44,118.99,123.65,119.80250000000001,160.1381558689991,13:53:41
116.21,120.44,118.99,123.65,119.82249999999999,160.32349576499837,13:53:41
116.21,120.59,119.14,123.82,119.94,160.5313648399988,13:53:41
116.39,120.74,119.33,123.82,120.07,160.7404251049993,13:53:42
116.39,120.74,119.33,123.97,120.10749999999999,160.91436549199898,13:53:42
116.5,120.82,119.43,123.97,120.18,161.084408196999,13:53:42
116.54,120.86,119.47,124.07,120.235,161.25757509999858,13:53:42
116.56,120.85,119.43,124.07,120.2275,161.43567947099837,13:53:42
116.56,120.85,119.43,124.01,120.2125,161.61167224099881,13:53:43
116.47,120.76,119.28,124.01,120.13,161.78957552099928,13:53:43
116.47,120.76,119.28,123.92,120.1075,161.9877070549992,13:53:43
116.2,120.53,118.98,123.67,119.84500000000001,162.16923619699992,13:53:43
116.2,120.53,118.98,123.67,119.84500000000001,162.34438954599864,13:53:43
116.01,120.38,118.82,123.57,119.695,162.51966102000006,13:53:43
116.01,120.38,118.82,123.57,119.695,162.70117031799964,13:53:44
116.02,120.44,118.89,123.64,119.74749999999999,162.90546150099908,13:53:44
116.15,120.44,118.89,123.64,119.78,163.0742745789994,13:53:44
116.15,120.59,119.12,123.83,119.9225,163.24572482799886,13:53:44
116.38,120.59,119.12,123.83,119.98,163.417360387999,13:53:44
116.38,120.79,119.36,124.02,120.1375,163.58629216400004,13:53:45
116.54,120.79,119.36,124.02,120.1775,163.76032744799886,13:53:45
116.54,120.9,119.47,124.11,120.255,163.94435162699847,13:53:45
116.59,120.89,119.47,124.11,120.26500000000001,164.12835778499903,13:53:45
116.57,120.87,119.42,124.06,120.23,164.3161207939993,13:53:45
116.47,120.76,119.27,124.06,120.14,164.5254915810001,13:53:45
116.47,120.76,119.27,123.92,120.105,164.69678802899944,13:53:46
116.26,120.59,119.03,123.92,119.95,164.86828588299977,13:53:46
116.26,120.59,119.03,123.75,119.9075,165.0435509529998,13:53:46
116.17,120.53,118.94,123.83,119.86749999999999,165.23010308499943,13:53:46
116.17,120.53,118.94,123.73,119.8425,165.41535439200015,13:53:46
116.15,120.58,118.99,123.77,119.8725,165.61570148699866,13:53:47
116.19,120.58,118.99,123.77,119.8825,165.82593732199894,13:53:47
116.19,120.66,119.05,123.84,119.935,165.99743762399885,13:53:47
116.17,120.56,118.95,123.74,119.855,166.17259102800017,13:53:47
116.17,120.63,119.04,123.81,119.91250000000001,166.35041462299887,13:53:47
116.24,120.63,119.04,123.81,119.93,166.5281941559988,13:53:47
116.24,120.7,119.14,123.9,119.995,166.7123047419991,13:53:48
116.33,120.77,119.14,123.9,120.035,166.9176824319984,13:53:48
116.33,120.77,119.21,123.95,120.065,167.12807586999952,13:53:48
116.45,120.87,119.32,124.03,120.16749999999999,167.30456160999893,13:53:48
116.45,120.87,119.32,124.05,120.1725,167.47728294699846,13:53:48
116.39,120.81,119.2,124.05,120.1125,167.64752799799862,13:53:49
116.39,120.81,119.2,123.96,120.08999999999999,167.82539544799874,13:53:49
116.3,120.74,119.11,123.96,120.02749999999999,168.00681667799836,13:53:49
116.14,120.58,118.95,123.73,119.85000000000001,168.18704239399995,13:53:49
116.06,120.5,118.83,123.65,119.75999999999999,168.39618328899996,13:53:49
115.98,120.5,118.83,123.65,119.74000000000001,168.60539454899845,13:53:50
115.98,120.5,118.83,123.68,119.7475,168.81440851799925,13:53:50
116.08,120.61,118.83,123.68,119.8,168.9846226849986,13:53:50
116.16,120.69,119.06,123.9,119.95249999999999,169.15351977699902,13:53:50
116.35,120.85,119.06,123.9,120.03999999999999,169.32744397199895,13:53:50
116.35,120.85,119.28,124.07,120.1375,169.50282018899998,13:53:50
116.51,120.95,119.4,124.07,120.2325,169.71111411199854,13:53:51
116.51,120.95,119.4,124.17,120.25750000000001,169.8876483949989,13:53:51
116.53,120.96,119.36,124.1,120.23750000000001,170.09303462800017,13:53:51
116.51,120.94,119.34,124.08,120.21749999999999,170.26826214899847,13:53:51
116.35,120.77,119.12,123.92,120.04,170.4447580469987,13:53:51
116.35,120.77,119.12,123.92,120.04,170.6287694699986,13:53:52
116.22,120.69,118.99,123.81,119.9275,170.82917818299939,13:53:52
116.09,120.69,118.99,123.81,119.895,170.99687314899893,13:53:52
116.09,120.58,118.86,123.74,119.81750000000001,171.1696292279994,13:53:52
116.02,120.58,118.86,123.74,119.8,171.33968678199926,13:53:52
116.02,120.55,118.83,123.74,119.785,171.51026183299837,13:53:52
116.06,120.55,118.83,123.74,119.795,171.69424622599945,13:53:53
116.06,120.66,118.94,123.85,119.8775,171.9022051009997,13:53:53
116.2,120.78,118.94,123.85,119.9425,172.07122760999846,13:53:53
116.32,120.9,119.23,124.12,120.1425,172.24898631399992,13:53:53
116.44,120.99,119.23,124.12,120.19500000000001,172.41800085499926,13:53:53
116.44,120.99,119.32,124.2,120.2375,172.58825137799977,13:53:54
116.5,121.02,119.32,124.2,120.25999999999999,172.7647407149998,13:53:54
116.5,121.02,119.35,124.19,120.265,172.94249572099943,13:53:54
116.28,120.78,119.05,124.03,120.035,173.13275517900001,13:53:54
116.28,120.78,119.05,123.92,120.00750000000001,173.31800128299983,13:53:54
116.11,120.64,118.86,123.92,119.88250000000001,173.48827076499947,13:53:54
116.11,120.64,118.86,123.78,119.8475,173.65723613999944,13:53:55
115.98,120.57,118.76,123.78,119.77250000000001,173.83380849899913,13:53:55
115.98,120.57,118.76,123.72,119.7575,174.0179587249986,13:53:55
116.13,120.76,118.96,123.89,119.93499999999999,174.19680263099872,13:53:55
116.13,120.76,118.96,123.96,119.95249999999999,174.39750311599892,13:53:55
116.24,120.89,119.11,124.05,120.0725,174.57023487399965,13:53:56
116.24,120.89,119.11,124.05,120.0725,174.7442290729996,13:53:56
116.29,120.89,119.16,124.11,120.11250000000001,174.92323282299913,13:53:56
116.29,120.89,119.16,124.11,120.11250000000001,175.10349291799866,13:53:56
116.22,120.82,119.03,123.97,120.00999999999999,175.31012024099982,13:53:56
116.15,120.82,119.03,123.97,119.9925,175.48161153899855,13:53:56
116.15,120.75,118.94,123.89,119.9325,175.6505669679991,13:53:57
116.08,120.75,118.94,123.89,119.91499999999999,175.82332299799964,13:53:57
116.08,120.72,118.9,123.86,119.89000000000001,175.99611808999907,13:53:57
116.16,120.81,118.98,123.94,119.9725,176.20401962399956,13:53:57
116.16,120.81,118.96,123.97,119.975,176.40428579099898,13:53:57
116.17,120.83,119.01,123.97,119.995,176.57829066699924,13:53:58
116.17,120.83,119.01,124.0,120.0025,176.75608692499918,13:53:58
116.21,120.86,119.03,124.0,120.025,176.93123226399985,13:53:58
116.21,120.86,119.03,124.02,120.03,177.10318184099924,13:53:58
116.1,120.74,118.91,123.92,119.9175,177.28100044299936,13:53:58
116.1,120.74,118.91,123.92,119.9175,177.4864262129995,13:53:58
116.07,120.75,118.87,123.89,119.895,177.6565699169987,13:53:59
116.07,120.75,118.87,123.89,119.895,177.82563602399932,13:53:59
116.03,120.72,118.87,123.91,119.8825,178.00201802099946,13:53:59
116.03,120.72,118.87,123.91,119.8825,178.1773292959988,13:53:59
116.1,120.78,118.96,123.99,119.9575,178.36253670599945,13:53:59
116.21,120.78,118.96,123.99,119.985,178.56281990499883,13:54:00
116.21,120.89,119.07,124.06,120.05749999999999,178.73307590100012,13:54:00
116.26,120.89,119.07,124.06,120.07000000000001,178.90078988200003,13:54:00
116.26,120.93,119.11,124.1,120.1,179.0736114859992,13:54:00
116.3,120.95,119.13,124.12,120.125,179.24360456700015,13:54:00
116.3,120.94,119.11,124.09,120.11000000000001,179.41417722699953,13:54:00
116.24,120.94,119.11,124.09,120.095,179.59165947899965,13:54:01
116.24,120.89,119.02,124.03,120.04499999999999,179.76829803799956,13:54:01
116.15,120.89,119.02,124.03,120.02250000000001,179.9401980349994,13:54:01
116.15,120.83,118.91,123.96,119.96249999999999,180.11928329799957,13:54:01
116.12,120.83,118.97,124.02,119.98499999999999,180.3284600349998,13:54:01
116.12,120.83,118.89,123.98,119.955,180.5312986359986,13:54:01
116.08,120.81,118.85,123.98,119.93,180.70021901600012,13:54:02
116.08,120.81,118.85,123.95,119.9225,180.86931267699947,13:54:02
116.06,120.81,118.85,123.95,119.9175,181.03832378599873,13:54:02
116.04,120.79,118.83,123.93,119.89750000000001,181.21735535199878,13:54:02
116.02,120.8,118.84,123.93,119.8975,181.39382188199852,13:54:02
116.02,120.8,118.84,123.97,119.9075,181.56537958899935,13:54:03
116.07,120.84,118.89,123.97,119.9425,181.739343792,13:54:03
116.07,120.84,118.89,124.01,119.9525,181.91831702599848,13:54:03
116.16,120.92,118.98,124.01,120.0175,182.0935493979996,13:54:03
116.16,120.92,118.98,124.11,120.0425,182.27132185799928,13:54:03
116.24,120.99,119.07,124.15,120.11249999999998,182.4792754279988,13:54:03
116.24,120.99,119.07,124.15,120.11249999999998,182.65202771199984,13:54:04
116.24,120.98,119.05,124.14,120.10249999999999,182.85983492899868,13:54:04
116.21,120.98,119.05,124.14,120.095,183.0325503899985,13:54:04
116.29,121.02,119.04,124.15,120.125,183.20402908899996,13:54:04
116.2,121.02,119.04,124.15,120.10249999999999,183.37431696199928,13:54:04
116.2,120.94,118.95,124.08,120.04249999999999,183.5458048269993,13:54:04
116.09,120.94,118.95,124.08,120.015,183.72735992099842,13:54:05
116.09,120.88,118.82,124.01,119.94999999999999,183.9302420139993,13:54:05
116.0,120.82,118.82,124.01,119.9125,184.10420455099847,13:54:05
115.94,120.76,118.68,123.89,119.8175,184.2733075369997,13:54:05
115.89,120.74,118.68,123.89,119.8,184.44226484599858,13:54:05
115.89,120.74,118.65,123.86,119.785,184.61516640099944,13:54:06
115.9,120.77,118.65,123.86,119.79500000000002,184.79031236899937,13:54:06
115.9,120.77,118.7,123.96,119.8325,184.9642628239999,13:54:06
116.08,120.95,118.76,124.02,119.9525,185.1370735469991,13:54:06
116.08,120.95,118.95,124.19,120.0425,185.3335276609996,13:54:06
116.32,121.14,118.95,124.19,120.14999999999999,185.50247746999958,13:54:06
116.32,121.14,119.18,124.33,120.24249999999999,185.6790541069986,13:54:07
116.41,121.19,119.2,124.33,120.2825,185.88437779999913,13:54:07
116.41,121.19,119.2,124.35,120.2875,186.05466817499837,13:54:07
116.33,121.07,119.06,124.31,120.1925,186.2311899689994,13:54:07
116.33,121.07,119.06,124.2,120.16499999999999,186.43537486700006,13:54:07
116.16,120.96,118.87,124.05,120.01,186.64318791999904,13:54:08
116.0,120.96,118.87,124.05,119.97,186.81960731899926,13:54:08
116.0,120.83,118.69,123.93,119.8625,186.98981529899902,13:54:08
115.85,120.8,118.67,123.91,119.8075,187.16360450699904,13:54:08
115.85,120.74,118.58,123.86,119.7575,187.34276008599954,13:54:08
115.83,120.77,118.58,123.86,119.76,187.55254276199958,13:54:09
115.83,120.77,118.63,123.93,119.79,187.75248649099922,13:54:09
115.95,120.89,118.78,123.93,119.8875,187.9226868679998,13:54:09
115.95,120.89,118.78,124.06,119.92,188.0942502049984,13:54:09
116.16,121.1,119.06,124.12,120.11,188.2857084669995,13:54:09
116.16,121.1,119.06,124.31,120.1575,188.49235277799926,13:54:09
116.39,121.24,119.21,124.39,120.30749999999999,188.7002850509998,13:54:10
116.41,121.24,119.21,124.39,120.31249999999999,188.86925033199987,13:54:10
116.41,121.22,119.18,124.36,120.2925,189.07718000099885,13:54:10
116.25,121.05,119.1,124.28,120.16999999999999,189.24725897200005,13:54:10
116.25,121.05,118.91,124.14,120.0875,189.4238050899985,13:54:10
116.06,120.89,118.91,124.14,120.0,189.60767298499923,13:54:11
116.06,120.89,118.73,124.0,119.92,189.81591926699912,13:54:11
115.89,120.79,118.59,123.89,119.78999999999999,190.02536757300004,13:54:11
115.87,120.77,118.57,123.87,119.77,190.1978817379986,13:54:11
115.77,120.71,118.48,123.85,119.70249999999999,190.36813555299887,13:54:11
115.77,120.71,118.48,123.85,119.70249999999999,190.5521276139989,13:54:12
115.84,120.82,118.66,124.02,119.835,190.72110096899996,13:54:12
116.06,120.82,118.66,124.02,119.88999999999999,190.9253870679986,13:54:12
116.06,121.02,118.92,124.21,120.0525,191.09800690999873,13:54:12
116.32,121.07,118.96,124.25,120.14999999999999,191.2707413349999,13:54:12
116.32,121.2,119.15,124.4,120.26749999999998,191.44599767099862,13:54:12
116.41,121.2,119.15,124.4,120.28999999999999,191.61362337799983,13:54:13
116.41,121.23,119.17,124.4,120.30250000000001,191.7902872579998,13:54:13
116.34,121.23,119.17,124.4,120.285,191.97415531099978,13:54:13
116.38,121.21,119.08,124.33,120.24999999999999,192.1409637839988,13:54:13
116.22,121.21,119.08,124.33,120.21,192.31750302899854,13:54:13
116.22,121.07,118.87,124.17,120.0825,192.48535462099971,13:54:13
115.99,121.07,118.87,124.17,120.025,192.65672520099906,13:54:14
115.99,120.88,118.62,123.97,119.86500000000001,192.82459934500002,13:54:14
115.79,120.88,118.62,123.97,119.815,192.99609903999954,13:54:14
115.79,120.76,118.48,123.89,119.73,193.17255250499875,13:54:14
115.75,120.76,118.48,123.89,119.72,193.34909820899884,13:54:14
115.75,120.78,118.48,123.93,119.735,193.5243583479987,13:54:14
115.88,120.78,118.48,123.93,119.7675,193.70847556699846,13:54:15
115.88,120.96,118.72,124.14,119.92499999999998,193.91261906499858,13:54:15
116.12,121.15,118.96,124.14,120.0925,194.11800125399895,13:54:15
116.12,121.15,118.96,124.32,120.1375,194.29196629799844,13:54:15
116.29,121.26,119.1,124.41,120.26499999999999,194.49496610499955,13:54:15
116.29,121.26,119.1,124.41,120.26499999999999,194.66751751299853,13:54:16
116.32,121.24,119.07,124.37,120.25,194.8368993569984,13:54:16
116.32,121.24,119.07,124.37,120.25,195.00850868699854,13:54:16
116.16,121.07,118.85,124.18,120.065,195.19389136799873,13:54:16
116.16,121.07,118.85,124.18,120.065,195.3767264599992,13:54:16
116.0,120.95,118.66,124.05,119.915,195.58568222099893,13:54:17
115.86,120.85,118.66,124.05,119.855,195.78762333899977,13:54:17
115.86,120.85,118.53,123.96,119.8,195.956592008999,13:54:17
115.79,120.84,118.53,123.96,119.77999999999999,196.12431152099998,13:54:17
115.81,120.86,118.53,123.99,119.79750000000001,196.3008460809997,13:54:17
115.84,120.92,118.53,123.99,119.82,196.4698407929991,13:54:17
115.84,120.92,118.63,124.08,119.86749999999999,196.64008544499848,13:54:18
115.95,121.03,118.63,124.08,119.9225,196.81160274499962,13:54:18
115.95,121.03,118.77,124.22,119.9925,196.98806741099907,13:54:18
116.14,121.17,118.76,124.2,120.0675,197.16333885399945,13:54:18
116.14,121.17,118.94,124.32,120.1425,197.3674945419989,13:54:18
116.23,121.2,118.98,124.36,120.19250000000001,197.57160502199986,13:54:19
116.23,121.2,118.98,124.36,120.19250000000001,197.74179748799907,13:54:19
116.22,121.17,118.92,124.29,120.15,197.91688231899934,13:54:19
116.22,121.17,118.92,124.29,120.15,198.09502254699873,13:54:19
116.06,121.03,118.74,124.14,119.99249999999999,198.2800026799996,13:54:19
116.06,121.03,118.74,124.14,119.99249999999999,198.4619203329985,13:54:19
115.94,120.94,118.6,124.03,119.8775,198.66608060499857,13:54:20
115.84,120.87,118.6,124.03,119.83500000000001,198.86634027699984,13:54:20
115.84,120.87,118.52,124.0,119.8075,199.0378194019995,13:54:20
115.9,120.96,118.63,124.1,119.89750000000001,199.2118079389984,13:54:20
115.9,120.96,118.62,124.12,119.9,199.388374791999,13:54:20
116.0,121.09,118.62,124.12,119.95750000000001,199.5710700439995,13:54:21
116.0,121.09,118.77,124.24,120.025,199.7764508829987,13:54:21
116.11,121.17,118.86,124.24,120.095,199.94291696699838,13:54:21
116.11,121.17,118.86,124.31,120.1125,200.11944830099856,13:54:21
116.1,121.14,118.83,124.25,120.08,200.28718979399855,13:54:21
116.1,121.14,118.83,124.26,120.0825,200.45501196299847,13:54:21
116.07,121.1,118.76,124.26,120.0475,200.62895164699876,13:54:22
116.07,121.1,118.76,124.21,120.035,200.80423064499882,13:54:22
115.99,121.05,118.68,124.21,119.9825,200.98079770799995,13:54:22
116.06,121.11,118.74,124.2,120.0275,201.14993773399874,13:54:22
115.99,121.06,118.68,124.2,119.9825,201.3252696489999,13:54:22
115.99,121.06,118.68,124.19,119.98,201.5318751679988,13:54:22
115.94,121.05,118.64,124.15,119.945,201.70451564099858,13:54:23
115.94,121.05,118.64,124.15,119.945,201.87605143399924,13:54:23
115.86,120.98,118.56,124.12,119.88,202.0463094229999,13:54:23
115.86,120.98,118.56,124.12,119.88,202.23655421299918,13:54:23
115.9,121.04,118.64,124.17,119.9375,202.44199057399965,13:54:23
115.96,121.04,118.64,124.17,119.9525,202.61089044599976,13:54:24
115.96,121.08,118.7,124.23,119.9925,202.78365081499942,13:54:24
116.03,121.14,118.7,124.23,120.025,202.99283954899875,13:54:24
115.95,121.06,118.67,124.2,119.97,203.19692654399842,13:54:24
115.98,121.08,118.7,124.2,119.99,203.37591640499886,13:54:24
115.98,121.08,118.7,124.2,119.99,203.55373549299838,13:54:25
115.99,121.09,118.7,124.2,119.99499999999999,203.73525565099953,13:54:25
115.99,121.09,118.7,124.23,120.0025,203.94432266699914,13:54:25
116.08,121.19,118.79,124.3,120.09,204.14329808000002,13:54:25
116.03,121.19,118.79,124.3,120.0775,204.32604151299893,13:54:25
116.03,121.14,118.71,124.26,120.035,204.50003583299986,13:54:25
116.01,121.14,118.71,124.26,120.03,204.67653800299922,13:54:26
116.01,121.12,118.68,124.24,120.0125,204.8592800289989,13:54:26
115.98,121.11,118.68,124.24,120.0025,205.06717387699973,13:54:26
115.94,121.06,118.62,124.18,119.95,205.27879040900007,13:54:26
115.89,121.04,118.57,124.15,119.9125,205.48668482899848,13:54:26
115.89,121.04,118.57,124.15,119.9125,205.66188544499892,13:54:27
115.86,121.03,118.57,124.15,119.9025,205.83461331599938,13:54:27
115.86,121.03,118.57,124.15,119.9025,206.00990137999906,13:54:27
115.89,121.06,118.6,124.2,119.93749999999999,206.18386549299976,13:54:27
115.89,121.06,118.6,124.2,119.93749999999999,206.35927756699857,13:54:27
115.93,121.11,118.68,124.26,119.995,206.57196122799905,13:54:28
116.02,121.17,118.68,124.26,120.0325,206.78395218699916,13:54:28
116.02,121.17,118.74,124.31,120.06,206.98556977299995,13:54:28
116.11,121.26,118.82,124.41,120.15,207.16201272499893,13:54:28
116.11,121.26,118.82,124.39,120.145,207.34100993299944,13:54:28
116.12,121.25,118.8,124.39,120.14,207.52250842699868,13:54:28
116.12,121.25,118.8,124.39,120.14,207.731656173999,13:54:29
116.06,121.21,118.71,124.3,120.07,207.94201625799906,13:54:29
115.86,121.02,118.61,124.2,119.9225,208.14513742899908,13:54:29
115.86,121.02,118.49,124.11,119.87,208.32025299499946,13:54:29
115.75,120.96,118.49,124.11,119.8275,208.49557736199858,13:54:29
115.75,120.96,118.4,124.07,119.795,208.66573993800012,13:54:30
115.75,120.99,118.4,124.07,119.8025,208.8359083489995,13:54:30
115.75,120.99,118.44,124.11,119.8225,209.0063210799999,13:54:30
115.84,121.09,118.44,124.11,119.87,209.17913962999955,13:54:30
115.84,121.09,118.58,124.26,119.9425,209.3540986349999,13:54:30
116.01,121.23,118.58,124.26,120.02,209.5234891330001,13:54:30
116.01,121.23,118.76,124.39,120.0975,209.73259891299858,13:54:31
116.13,121.31,118.87,124.39,120.175,209.9040624199988,13:54:31
116.13,121.31,118.87,124.45,120.19,210.07427525799903,13:54:31
116.08,121.22,118.75,124.41,120.11500000000001,210.2445180429986,13:54:31
116.08,121.22,118.75,124.35,120.1,210.41979126499973,13:54:31
115.99,121.14,118.68,124.35,120.03999999999999,210.59636036499978,13:54:32
115.99,121.14,118.68,124.28,120.02250000000001,210.77286956899843,13:54:32
115.93,121.1,118.57,124.28,119.97,210.94812315699892,13:54:32
116.03,121.2,118.67,124.33,120.0575,211.1458886349992,13:54:32
115.97,121.16,118.63,124.28,120.00999999999999,211.33501281200006,13:54:32
115.93,121.16,118.63,124.28,120.0,211.5402173579987,13:54:32
115.93,121.15,118.59,124.26,119.9825,211.70922421399882,13:54:33
115.89,121.15,118.59,124.26,119.9725,211.88064720199873,13:54:33
115.89,121.13,118.56,124.24,119.955,212.04972634899968,13:54:33
115.87,121.13,118.56,124.24,119.95,212.2353097689993,13:54:33
115.87,121.11,118.55,124.24,119.94250000000001,212.411782150999,13:54:33
115.88,121.11,118.55,124.24,119.94500000000001,212.58691761499904,13:54:34
115.88,121.15,118.57,124.27,119.9675,212.76367885099899,13:54:34
115.91,121.18,118.57,124.27,119.98249999999999,212.96669778700016,13:54:34
115.91,121.18,118.59,124.3,119.995,213.13590146599927,13:54:34
115.83,121.1,118.51,124.22,119.91499999999999,213.31084422299864,13:54:34
115.83,121.1,118.5,124.21,119.91,213.4809807089987,13:54:34
115.81,121.08,118.5,124.21,119.89999999999999,213.65520237700002,13:54:35
115.81,121.08,118.52,124.23,119.91,213.8303565919996,13:54:35
