139.84
139.82
139.89
139.9
139.92
140.08
140.09
139.92
139.97
140.0
140.03
140.04
140.08
140.2
140.22
140.24
140.28
140.36
140.43
140.54
140.51
140.54
140.69
140.73
140.75
140.82
140.85
140.93
141.02
141.08
140.96
141.05
141.22
141.3
141.39
141.43
141.51
141.64
141.75
141.64
141.72
141.87
141.9
141.96
142.06
142.13
142.23
142.29
142.39
142.42
142.55
142.6
142.69
142.73
142.69
142.73
142.92
143.01
143.19
143.29
143.37
143.48
143.39
143.47
143.56
143.71
143.8
143.81
143.89
143.94
144.04
144.03
144.06
144.22
144.3
144.36
144.44
144.55
144.66
144.65
144.75
144.87
145.04
145.12
145.05
145.15
145.14
145.25
145.45
145.55
145.56
145.67
145.69
145.77
145.9
145.97
146.08
146.19
146.29
146.33
146.35
146.47
146.52
146.58
146.64
146.74
146.83
146.87
147.0
147.15
147.24
147.25
147.31
147.34
147.47
147.51
147.68
147.74
147.85
147.9
147.94
148.0
148.07
148.14
148.22
148.32
148.51
148.6
148.52
148.62
148.61
148.72
148.74
148.85
148.97
149.1
149.21
149.21
149.32
149.37
149.47
149.56
149.65
149.77
149.86
149.83
149.95
150.03
150.11
150.16
150.29
150.33
150.45
150.5
150.55
150.62
150.67
150.76
150.87
150.99
151.08
151.16
151.09
151.19
151.26
151.43
151.57
151.59
151.67
151.79
151.88
151.93
152.0
151.81
151.85
152.05
152.09
152.21
152.26
152.26
152.31
152.42
152.51
152.62
152.6
152.66
152.85
152.89
152.88
152.92
153.11
153.19
153.17
153.26
153.3
153.4
153.45
153.49
153.55
153.68
153.72
153.82
153.92
153.94
154.04
153.94
154.01
154.24
154.27
154.37
154.43
154.45
154.48
154.54
154.76
154.8
154.69
154.74
154.82
154.91
154.94
155.02
155.36
155.29
155.38
155.39
155.45
155.43
155.5
155.64
155.71
155.88
155.93
155.87
155.95
155.99
156.07
156.12
156.26
156.3
156.25
156.32
156.35
156.43
156.58
156.67
156.63
156.71
156.8
156.89
156.88
156.95
157.09
157.21
157.28
157.32
157.37
157.39
157.46
157.6
157.68
157.59
157.62
157.75
157.79
157.87
157.94
157.86
157.91
158.1
158.17
158.25
158.25
158.3
158.35
158.42
158.49
158.57
158.68
158.77
158.69
158.77
158.73
158.8
159.02
159.05
158.98
159.14
159.18
159.14
159.2
159.33
159.37
159.48
159.54
159.6
159.63
159.64
159.67
159.73
159.6
159.67
159.95
159.99
160.11
160.14
160.17
160.21
160.28
160.31
160.29
160.37
160.39
160.46
160.48
160.61
160.68
160.78
160.81
160.72
160.78
160.86
160.92
161.08
161.14
161.12
161.2
161.25
161.28
161.27
161.3
161.44
161.58
161.64
161.55
161.6
161.79
161.83
161.87
161.87
161.92
161.93
161.96
161.96
162.15
162.2
162.11
162.17
162.19
162.35
162.39
162.42
162.49
162.38
162.43
162.5
162.58
162.71
162.77
162.77
162.87
162.92
162.87
162.91
162.88
162.93
163.0
163.08
163.11
163.16
163.18
163.19
163.45
163.46
163.54
163.56
163.49
163.58
163.61
163.65
163.68
163.88
163.91
163.8
163.82
163.95
164.0
163.97
164.01
164.13
164.19
164.06
164.12
164.16
164.17
164.2
164.22
164.27
164.49
164.49
164.48
164.51
164.71
164.75
164.76
164.76
164.76
164.8
164.79
164.84
164.84
164.91
164.94
164.98
165.02
165.06
165.11
165.22
165.25
165.28
165.33
165.56
165.6
165.62
165.7
165.51
165.53
165.57
165.56
165.5
165.72
165.79
165.9
165.94
165.8
165.83
165.95
165.97
165.99
166.06
166.02
166.04
166.25
166.26
166.24
166.27
166.24
166.43
166.51
166.37
166.41
166.43
166.46
166.47
166.53
166.68
166.69
166.63
166.67
166.85
166.9
166.81
166.86
166.97
166.98
167.02
167.08
167.13
167.21
167.22
167.11
167.13
167.24
167.28
167.42
167.48
167.41
167.43
167.45
167.5
167.55
167.43
167.46
167.55
167.59
167.64
167.72
167.69
167.73
167.7
167.71
167.8
167.83
167.85
167.86
167.86
167.88
167.97
168.07
168.08
168.07
168.09
168.2
168.23
168.3
168.31
168.28
168.29
168.44
168.46
168.4
168.45
168.46
168.55
168.58
168.51
168.53
168.63
168.67
168.62
168.65
168.75
168.78
168.74
168.79
168.8
168.82
168.9
168.92
168.93
168.98
169.08
169.1
169.12
169.21
169.24
169.34
169.35
169.32
169.35
169.35
169.37
169.37
169.4
169.4
169.44
169.47
169.6
169.63
169.64
169.65
169.63
169.69
169.68
169.72
169.85
169.85
169.83
169.89
169.9
169.91
170.09
170.06
170.1
170.01
170.01
169.93
169.95
170.07
170.09
170.13
170.15
170.18
170.21
170.21
170.23
170.34
170.38
170.54
170.48
170.52
170.48
170.51
170.47
170.51
170.6
170.64
170.59
170.6
170.78
170.79
170.75
170.76
170.88
170.91
170.76
170.88
170.92
170.87
170.9
170.87
170.91
170.86
170.89
170.93
170.95
171.13
171.17
171.07
171.11
171.16
171.18
171.19
171.13
171.15
171.2
171.24
171.35
171.36
171.38
171.44
171.45
171.47
171.57
171.62
171.61
171.61
171.64
171.67
171.69
171.61
171.62
171.78
171.8
171.84
171.87
171.78
171.81
171.97
172.01
172.01
172.04
172.0
172.04
172.04
172.09
172.08
172.48
172.51
172.02
172.02
172.2
172.22
172.16
172.18
172.27
172.28
172.38
172.33
172.34
172.41
172.42
172.47
172.5
172.53
172.55
172.52
172.55
172.47
172.51
172.61
172.64
172.72
172.74
172.77
172.79
172.82
172.82
172.85
172.82
172.84
172.86
172.88
172.98
172.99
172.99
173.01
172.86
172.86
173.0
173.03
173.12
173.13
173.08
173.27
173.29
173.3
173.3
173.17
173.18
173.16
173.17
173.33
173.36
173.3
173.3
173.38
173.39
173.36
173.35
173.38
173.41
173.53
173.55
173.5
173.59
173.61
173.52
173.53
173.57
173.57
173.6
173.59
173.62
173.63
173.61
173.63
173.71
173.74
173.97
173.87
173.87
173.83
173.85
173.94
173.96
174.09
174.12
173.87
173.89
173.95
173.98
173.92
173.96
173.97
173.98
174.17
174.18
174.18
174.15
174.17
174.23
174.25
174.22
174.24
174.36
174.36
174.33
174.33
174.42
174.44
174.48
174.49
174.41
174.43
174.44
174.56
174.57
174.51
174.53
174.6
174.6
174.6
174.61
174.69
174.7
174.62
174.64
174.77
174.77
174.72
174.73
174.74
174.78
174.91
174.91
174.86
174.88
174.84
174.86
174.97
174.85
174.88
174.91
174.93
174.92
174.93
175.06
175.08
175.18
175.22
175.22
175.25
175.04
175.06
175.07
175.08
175.22
175.21
175.25
175.22
175.23
175.27
175.28
175.28
175.33
175.26
175.29
175.35
175.35
175.28
175.28
175.45
175.45
175.5
175.53
175.45
175.45
175.56
175.61
175.52
175.59
175.61
175.64
175.66
175.54
175.58
175.67
175.69
175.59
175.62
175.71
175.72
175.77
175.79
175.71
175.76
175.78
175.77
175.79
175.85
175.88
175.93
175.95
175.9
175.94
175.91
175.94
176.08
176.1
175.96
175.98
176.04
175.98
175.99
176.1
176.1
176.16
176.17
176.19
176.21
176.17
176.18
176.18
176.18
176.13
176.16
176.19
176.28
176.29
176.29
176.28
176.32
176.35
176.43
176.46
176.26
176.28
176.39
176.4
176.46
176.5
176.49
176.54
176.55
176.5
176.51
176.43
176.45
176.73
176.74
176.58
176.58
176.6
176.63
176.67
176.7
176.79
176.81
176.74
176.74
176.75
176.76
176.8
176.73
176.74
176.91
176.95
176.81
176.8
176.85
176.87
176.99
177.0
176.9
176.92
176.94
176.99
177.07
177.08
177.1
177.13
177.14
177.02
177.01
176.97
177.03
176.98
176.99
177.15
177.16
177.18
177.21
177.22
177.23
177.24
177.22
177.22
177.31
177.33
177.2
177.2
177.45
177.45
177.45
177.46
177.4
177.31
177.34
177.49
177.5
177.5
177.51
177.53
177.54
177.48
177.49
177.48
177.51
177.61
177.61
177.62
177.63
177.59
177.53
177.54
177.58
177.61
177.62
177.6
177.8
177.8
177.7
177.72
177.68
177.71
177.85
177.84
177.76
177.77
177.77
177.81
177.8
177.87
177.86
177.77
177.8
177.77
177.77
177.87
177.88
177.92
177.93
177.91
177.94
178.07
178.09
178.06
178.08
178.09
177.97
177.97
178.01
178.03
178.09
178.11
178.18
178.21
178.02
178.01
178.03
178.05
178.24
178.22
178.24
178.28
178.29
178.2
178.21
178.4
178.39
178.19
178.21
178.27
178.27
178.37
178.41
178.41
178.43
178.38
178.39
178.47
178.47
178.36
178.37
178.38
178.4
178.41
178.49
178.51
178.5
178.51
178.58
178.6
178.61
178.62
178.59
178.59
178.57
178.58
178.52
178.69
178.72
178.72
178.69
178.73
178.74
178.61
178.62
178.71
178.71
178.73
178.76
178.71
178.74
178.77
178.76
178.89
178.89
178.82
178.86
178.87
178.88
178.9
178.93
178.94
178.98
178.96
178.86
178.87
178.82
178.81
178.93
178.93
178.94
178.94
178.93
179.09
179.07
179.17
179.18
178.98
178.98
178.95
178.96
179.18
179.16
179.18
179.17
179.19
179.24
179.25
179.26
179.29
179.21
179.21
179.31
179.32
179.28
179.3
179.23
179.22
179.23
179.25
179.25
179.24
179.24
179.48
179.49
179.29
179.28
179.53
179.53
179.42
179.42
179.41
179.45
179.54
179.58
179.39
179.42
179.47
179.48
179.51
179.45
179.45
179.55
179.57
179.58
179.56
179.6
179.59
179.65
179.65
179.58
179.62
179.57
179.58
179.63
179.55
179.56
179.68
179.69
179.61
179.64
179.73
179.75
179.69
179.71
179.73
179.73
179.75
179.78
179.76
179.76
179.75
179.77
179.78
179.83
179.86
179.87
179.89
179.79
179.76
179.91
179.91
179.73
179.93
179.94
179.84
179.85
179.86
179.88
179.9
179.9
180.0
180.0
180.06
180.07
180.05
180.06
180.04
180.11
180.11
180.1
180.1
180.08
180.08
179.99
180.0
180.01
180.03
180.03
180.05
180.18
180.22
180.22
180.16
180.17
180.3
180.32
180.33
180.34
180.33
180.35
180.29
180.28
180.25
180.25
180.33
180.33
180.13
180.45
180.45
180.32
180.33
180.36
180.38
180.45
180.47
180.39
180.38
180.45
180.47
180.43
180.42
180.39
180.49
180.5
180.52
180.53
180.56
180.58
180.46
180.47
180.55
180.56
180.55
180.56
180.61
180.6
180.48
180.49
180.62
180.5
180.51
180.67
180.67
180.62
180.63
180.63
180.61
180.64
180.69
180.78
180.78
180.67
180.68
180.73
180.73
180.79
180.83
180.82
180.79
180.83
180.76
180.78
180.86
180.86
180.72
180.74
180.88
180.89
181.0
181.01
180.89
180.9
180.97
180.89
180.9
180.85
180.85
181.07
181.05
180.87
180.91
180.92
180.93
180.96
180.98
181.0
181.01
181.0
181.02
181.03
181.04
181.11
181.13
180.99
181.04
181.02
181.19
181.17
181.07
181.08
181.05
181.05
181.17
181.17
181.12
181.14
181.22
181.19
181.15
181.28
181.3
181.25
181.26
181.29
181.29
181.26
181.25
181.31
181.33
181.24
181.25
181.33
181.35
181.32
181.35
181.37
181.49
181.51
181.3
181.29
181.28
181.32
181.39
181.4
181.55
181.53
181.54
181.53
181.58
181.43
181.41
181.44
181.47
181.57
181.58
181.56
181.57
181.44
181.43
181.63
181.62
181.63
181.63
181.56
181.56
181.63
181.5
181.52
181.58
181.58
181.52
181.49
181.59
181.58
181.68
181.67
181.7
181.68
181.76
181.78
181.76
181.71
181.73
181.72
181.73
181.7
181.68
181.82
181.82
181.77
181.77
181.83
181.86
181.86
181.87
181.96
181.95
181.85
181.85
181.86
181.95
181.95
181.9
181.88
181.84
181.85
181.94
181.96
182.02
182.01
182.0
182.01
181.95
182.02
182.02
181.99
182.0
181.99
182.0
182.08
182.11
182.18
182.18
182.25
182.24
181.99
181.98
182.0
182.01
182.14
182.02
182.03
182.11
182.13
182.16
182.18
182.1
182.12
182.11
182.14
182.27
182.29
182.15
182.19
182.18
182.2
182.17
182.18
182.18
182.21
182.22
182.34
182.32
182.24
182.27
182.34
182.33
182.28
182.27
182.34
182.35
182.3
182.29
182.39
182.39
182.45
182.44
182.45
182.46
182.46
182.51
182.54
182.36
182.35
182.36
182.36
182.51
182.52
182.44
182.45
182.47
182.56
182.6
182.61
182.61
182.42
182.43
182.54
182.54
182.6
182.59
182.48
182.49
182.56
182.49
182.52
182.59
182.59
182.58
182.58
182.68
182.67
182.75
182.77
182.69
182.72
182.66
182.65
182.62
182.61
182.77
182.74
182.75
182.62
182.6
182.65
182.66
182.65
182.68
182.67
182.67
182.68
182.67
182.62
182.65
182.81
182.82
182.93
182.71
182.74
182.69
182.69
182.76
182.74
182.77
182.77
182.82
182.82
182.82
182.82
182.74
182.74
182.85
182.9
182.89
182.82
182.83
182.9
182.89
182.92
182.91
183.02
183.01
183.02
183.04
183.0
183.0
182.97
182.95
182.96
182.98
183.01
183.04
183.05
183.05
183.06
183.18
183.16
183.17
183.16
182.94
182.95
183.0
183.0
183.0
183.08
183.1
183.05
183.08
183.1
183.08
183.11
183.11
183.18
183.18
183.18
183.19
183.35
183.34
183.2
183.24
183.23
183.22
183.23
183.31
183.31
183.22
183.23
183.27
183.28
183.33
183.33
183.28
183.33
183.33
183.34
183.27
183.28
183.39
183.18
183.2
183.41
183.41
183.38
183.39
183.46
183.47
183.31
183.33
183.5
183.51
183.37
183.37
183.37
183.36
183.58
183.58
183.43
183.54
183.54
183.51
183.52
183.51
183.51
183.59
183.59
183.49
183.5
183.59
183.58
183.55
183.57
183.65
183.67
183.57
183.51
183.5
183.76
183.77
183.73
183.71
183.61
183.61
183.65
183.64
183.56
183.57
183.8
183.83
183.76
183.74
183.68
183.71
183.68
183.66
183.67
183.76
183.79
183.69
183.69
183.7
183.7
183.7
183.68
183.7
183.87
183.88
183.83
183.83
183.83
183.83
183.83
183.81
183.81
183.81
183.91
183.92
183.77
183.76
183.81
183.92
183.9
183.95
183.95
183.87
183.88
183.91
183.91
183.9
183.9
184.0
184.01
184.03
183.99
183.99
183.88
183.88
183.9
183.91
183.98
183.96
183.93
183.96
184.04
184.07
183.99
183.99
183.98
184.0
183.93
183.94
184.09
184.06
184.06
184.05
184.09
184.11
184.13
184.13
184.14
184.09
184.1
184.12
184.13
184.13
184.13
184.1
184.13
184.14
184.12
184.12
184.15
184.13
184.05
184.09
184.25
184.25
184.14
184.15
184.12
184.11
184.25
184.24
184.17
184.16
184.28
184.28
184.3
184.28
184.2
184.28
184.31
184.28
184.29
184.4
184.41
184.2
184.2
184.32
184.3
184.33
184.33
184.24
184.26
184.26
184.37
184.37
184.36
184.38
184.42
184.43
184.43
184.44
184.45
184.46
184.52
184.53
184.4
184.39
184.46
184.48
184.52
184.48
184.49
184.43
184.44
184.59
184.6
184.53
184.53
184.55
184.55
184.53
184.55
184.55
184.55
184.48
184.49
184.48
184.46
184.46
184.5
184.65
184.55
184.54
184.55
184.58
184.65
184.66
184.64
184.65
184.67
184.68
184.67
184.64
184.64
184.8
184.81
184.67
184.67
184.61
184.64
184.86
184.88
184.69
184.71
184.74
184.76
184.77
184.77
184.77
184.79
184.78
184.69
184.71
184.87
184.86
184.77
184.78
184.68
184.71
184.84
184.85
184.85
184.81
184.83
184.71
184.72
184.82
184.82
184.82
184.81
184.9
184.9
184.98
185.0
184.88
184.88
184.93
184.92
185.02
185.04
184.84
184.85
184.85
184.8
184.84
184.97
184.98
184.85
184.81
185.01
185.02
184.95
184.95
184.89
184.88
184.97
184.97
184.95
184.97
184.94
184.9
184.89
184.96
184.97
184.96
184.98
185.07
185.09
185.1
185.11
185.03
185.04
185.0
185.04
185.04
185.04
185.18
185.23
185.24
185.21
185.24
185.24
185.25
185.26
185.27
185.11
185.12
185.15
185.14
185.14
185.15
185.16
185.09
185.09
185.17
185.17
185.26
185.24
185.2
185.21
185.14
185.13
185.41
185.39
185.38
185.37
185.3
185.31
185.31
