139.96
139.97
140.04
140.36
140.57
141.15
141.55
141.57
141.98
142.2
142.57
142.7
143.04
143.27
143.59
143.71
143.99
144.29
144.45
144.78
144.96
145.09
145.45
145.6
145.8
145.92
146.18
146.29
146.6
146.72
146.8
146.93
147.3
147.52
147.64
147.86
147.98
148.29
148.54
148.51
148.73
148.88
149.1
149.29
149.39
149.63
149.72
149.94
150.05
150.25
150.39
150.59
150.76
150.87
150.9
151.02
151.29
151.38
151.7
151.79
151.99
152.12
152.05
152.17
152.29
152.46
152.54
152.65
152.81
152.89
153.05
153.01
153.17
153.35
153.43
153.55
153.61
153.84
153.91
154.0
154.06
154.26
154.42
154.56
154.52
154.59
154.65
154.7
154.99
155.11
155.11
155.24
155.25
155.36
155.45
155.58
155.69
155.8
155.93
155.91
155.99
156.08
156.17
156.21
156.28
156.38
156.42
156.49
156.57
156.77
156.86
156.86
156.91
156.94
157.05
157.09
157.26
157.31
157.39
157.43
157.45
157.51
157.54
157.56
157.66
157.7
157.92
158.0
157.89
157.96
157.97
158.03
158.05
158.13
158.19
158.33
158.37
158.4
158.47
158.52
158.59
158.66
158.69
158.81
158.85
158.83
158.88
158.96
159.0
159.03
159.13
159.14
159.23
159.25
159.28
159.31
159.33
159.36
159.47
159.49
159.62
159.66
159.57
159.63
159.64
159.8
159.85
159.89
159.91
160.04
160.07
160.12
160.17
159.94
159.98
160.13
160.18
160.25
160.31
160.28
160.31
160.37
160.45
160.52
160.43
160.48
160.62
160.64
160.6
160.62
160.75
160.77
160.74
160.76
160.8
160.84
160.88
160.88
160.91
160.99
161.0
161.06
161.08
161.11
161.15
161.02
161.06
161.21
161.25
161.3
161.3
161.3
161.24
161.33
161.48
161.51
161.31
161.37
161.4
161.4
161.45
161.48
161.76
161.68
161.72
161.72
161.73
161.67
161.7
161.8
161.86
161.94
161.97
161.87
161.88
161.92
161.93
161.97
162.06
162.07
161.97
162.0
162.0
162.01
162.16
162.2
162.13
162.16
162.24
162.28
162.24
162.26
162.38
162.45
162.47
162.49
162.48
162.49
162.51
162.63
162.66
162.51
162.54
162.62
162.63
162.67
162.67
162.55
162.56
162.75
162.78
162.83
162.8
162.81
162.81
162.83
162.89
162.9
163.01
163.04
162.93
162.96
162.9
162.93
163.1
163.1
162.98
163.1
163.12
163.04
163.05
163.17
163.16
163.25
163.28
163.26
163.3
163.23
163.25
163.27
163.12
163.16
163.39
163.4
163.5
163.49
163.49
163.5
163.51
163.55
163.48
163.49
163.52
163.51
163.56
163.62
163.67
163.74
163.72
163.61
163.65
163.68
163.7
163.85
163.86
163.82
163.85
163.84
163.87
163.81
163.83
163.91
164.05
164.05
163.94
163.96
164.11
164.12
164.12
164.11
164.1
164.11
164.11
164.09
164.23
164.26
164.11
164.15
164.16
164.27
164.27
164.3
164.31
164.19
164.2
164.26
164.3
164.41
164.43
164.4
164.48
164.48
164.41
164.43
164.38
164.37
164.44
164.46
164.48
164.5
164.48
164.49
164.72
164.72
164.72
164.75
164.63
164.67
164.69
164.69
164.71
164.85
164.87
164.74
164.77
164.83
164.84
164.81
164.81
164.92
164.94
164.78
164.8
164.85
164.8
164.82
164.81
164.85
165.01
165.01
164.97
164.98
165.14
165.17
165.12
165.12
165.1
165.09
165.07
165.08
165.09
165.11
165.13
165.14
165.17
165.17
165.18
165.28
165.29
165.29
165.32
165.53
165.53
165.55
165.58
165.36
165.37
165.36
165.36
165.25
165.47
165.47
165.6
165.61
165.44
165.46
165.56
165.56
165.54
165.59
165.51
165.52
165.71
165.72
165.66
165.67
165.61
165.8
165.85
165.67
165.7
165.69
165.7
165.71
165.74
165.87
165.85
165.76
165.78
165.94
165.95
165.84
165.85
165.97
165.93
165.96
165.98
166.03
166.09
166.08
165.95
165.93
166.05
166.05
166.18
166.2
166.14
166.14
166.15
166.18
166.2
166.08
166.07
166.16
166.17
166.22
166.26
166.23
166.25
166.21
166.2
166.23
166.28
166.27
166.27
166.25
166.28
166.32
166.41
166.39
166.35
166.37
166.45
166.46
166.52
166.52
166.46
166.46
166.56
166.58
166.52
166.54
166.54
166.62
166.62
166.53
166.54
166.6
166.61
166.56
166.55
166.64
166.66
166.6
166.63
166.62
166.63
166.67
166.69
166.7
166.72
166.8
166.81
166.82
166.87
166.89
166.98
166.98
166.93
166.94
166.91
166.92
166.9
166.89
166.89
166.92
166.91
167.05
167.04
167.05
167.05
166.99
167.04
167.04
167.04
167.17
167.16
167.12
167.15
167.15
167.16
167.32
167.27
167.29
167.16
167.19
167.07
167.08
167.17
167.18
167.2
167.2
167.21
167.24
167.24
167.25
167.32
167.33
167.5
167.41
167.42
167.4
167.4
167.35
167.36
167.45
167.47
167.39
167.4
167.54
167.57
167.49
167.5
167.58
167.61
167.45
167.57
167.58
167.52
167.54
167.5
167.51
167.44
167.46
167.48
167.51
167.67
167.68
167.56
167.59
167.64
167.63
167.63
167.58
167.57
167.61
167.61
167.7
167.7
167.72
167.75
167.78
167.76
167.86
167.89
167.86
167.85
167.86
167.9
167.9
167.8
167.81
167.95
167.96
167.99
167.99
167.9
167.91
168.07
168.08
168.08
168.11
168.04
168.07
168.08
168.1
168.07
168.47
168.48
167.97
167.98
168.14
168.15
168.07
168.09
168.18
168.17
168.25
168.17
168.19
168.24
168.25
168.28
168.3
168.32
168.33
168.27
168.29
168.21
168.23
168.34
168.33
168.41
168.43
168.43
168.43
168.45
168.46
168.47
168.44
168.44
168.45
168.46
168.53
168.55
168.53
168.55
168.39
168.4
168.5
168.52
168.6
168.62
168.53
168.73
168.74
168.72
168.73
168.59
168.59
168.57
168.58
168.7
168.73
168.66
168.66
168.71
168.72
168.66
168.67
168.71
168.71
168.81
168.83
168.77
168.85
168.86
168.75
168.76
168.77
168.81
168.79
168.78
168.8
168.82
168.78
168.79
168.87
168.87
169.1
168.98
168.99
168.94
168.94
169.03
169.04
169.17
169.18
168.93
168.94
168.97
169.0
168.94
168.97
168.97
168.97
169.14
169.15
169.14
169.11
169.12
169.18
169.19
169.15
169.15
169.28
169.28
169.22
169.23
169.31
169.3
169.34
169.33
169.26
169.27
169.28
169.39
169.4
169.33
169.32
169.39
169.38
169.38
169.39
169.46
169.47
169.37
169.38
169.5
169.5
169.43
169.43
169.44
169.46
169.61
169.6
169.55
169.55
169.5
169.51
169.58
169.48
169.48
169.53
169.5
169.52
169.51
169.65
169.66
169.74
169.79
169.78
169.8
169.59
169.6
169.61
169.62
169.74
169.72
169.76
169.72
169.73
169.77
169.76
169.75
169.8
169.73
169.75
169.8
169.81
169.71
169.71
169.86
169.89
169.92
169.92
169.85
169.85
169.97
169.98
169.89
169.95
169.96
169.99
170.0
169.87
169.9
169.99
170.02
169.91
169.94
170.01
170.01
170.05
170.06
169.97
170.03
170.04
170.01
170.03
170.1
170.11
170.16
170.17
170.12
170.13
170.13
170.13
170.27
170.27
170.12
170.15
170.19
170.13
170.15
170.24
170.24
170.3
170.32
170.31
170.32
170.23
170.27
170.26
170.26
170.22
170.22
170.27
170.34
170.33
170.33
170.32
170.36
170.39
170.44
170.46
170.26
170.28
170.36
170.39
170.42
170.47
170.45
170.51
170.53
170.44
170.44
170.38
170.39
170.64
170.66
170.48
170.49
170.5
170.52
170.57
170.58
170.66
170.67
170.62
170.6
170.61
170.61
170.64
170.56
170.57
170.74
170.78
170.61
170.61
170.66
170.67
170.78
170.78
170.69
170.69
170.72
170.75
170.84
170.85
170.86
170.87
170.88
170.76
170.75
170.73
170.74
170.71
170.72
170.85
170.86
170.88
170.9
170.9
170.92
170.91
170.89
170.89
170.97
170.97
170.86
170.85
171.08
171.11
171.08
171.09
171.03
170.93
170.93
171.1
171.11
171.08
171.1
171.1
171.11
171.06
171.07
171.06
171.08
171.17
171.17
171.17
171.18
171.15
171.07
171.08
171.12
171.13
171.12
171.13
171.3
171.3
171.19
171.22
171.19
171.19
171.32
171.31
171.23
171.23
171.24
171.26
171.24
171.32
171.32
171.22
171.24
171.2
171.21
171.3
171.31
171.33
171.34
171.31
171.34
171.47
171.47
171.44
171.46
171.44
171.33
171.34
171.38
171.37
171.45
171.46
171.54
171.54
171.36
171.36
171.38
171.38
171.55
171.54
171.54
171.58
171.6
171.49
171.5
171.69
171.69
171.47
171.5
171.54
171.53
171.65
171.68
171.67
171.69
171.61
171.64
171.7
171.72
171.6
171.6
171.6
171.59
171.62
171.71
171.72
171.7
171.71
171.78
171.79
171.78
171.8
171.76
171.74
171.73
171.75
171.68
171.87
171.87
171.86
171.86
171.89
171.89
171.75
171.76
171.84
171.84
171.86
171.89
171.84
171.86
171.87
171.85
172.0
171.98
171.92
171.95
171.95
171.96
172.0
171.99
172.02
172.03
172.02
171.93
171.93
171.87
171.88
171.97
171.98
171.99
172.0
171.99
172.12
172.12
172.19
172.2
172.0
172.01
171.96
171.97
172.18
172.16
172.17
172.17
172.18
172.23
172.24
172.25
172.26
172.18
172.17
172.28
172.28
172.24
172.26
172.17
172.17
172.19
172.2
172.18
172.17
172.17
172.41
172.41
172.22
172.2
172.44
172.45
172.34
172.35
172.34
172.36
172.45
172.47
172.3
172.31
172.36
172.37
172.39
172.3
172.33
172.44
172.45
172.45
172.44
172.47
172.47
172.53
172.52
172.45
172.48
172.42
172.43
172.48
172.41
172.41
172.54
172.55
172.47
172.48
172.58
172.59
172.48
172.54
172.56
172.58
172.58
172.62
172.59
172.58
172.57
172.58
172.6
172.66
172.67
172.67
172.69
172.57
172.57
172.7
172.7
172.51
172.72
172.71
172.62
172.64
172.65
172.64
172.67
172.68
172.76
172.76
172.81
172.82
172.81
172.8
172.77
172.84
172.86
172.84
172.84
172.8
172.81
172.72
172.73
172.73
172.74
172.76
172.76
172.88
172.93
172.93
172.87
172.87
173.01
173.02
173.03
173.03
173.02
173.02
172.96
172.96
172.92
172.91
172.99
173.01
172.79
173.09
173.1
172.96
172.98
173.0
173.01
173.09
173.09
173.02
173.01
173.08
173.09
173.04
173.04
173.0
173.1
173.11
173.12
173.12
173.16
173.18
173.05
173.06
173.14
173.13
173.13
173.14
173.18
173.18
173.04
173.05
173.19
173.05
173.07
173.21
173.2
173.16
173.16
173.16
173.15
173.19
173.22
173.32
173.3
173.2
173.21
173.25
173.25
173.31
173.35
173.34
173.31
173.33
173.27
173.28
173.37
173.36
173.21
173.24
173.37
173.4
173.5
173.49
173.37
173.38
173.45
173.38
173.39
173.34
173.33
173.54
173.52
173.34
173.39
173.39
173.39
173.42
173.43
173.47
173.46
173.44
173.47
173.5
173.49
173.56
173.57
173.42
173.47
173.46
173.61
173.58
173.5
173.5
173.46
173.46
173.59
173.59
173.54
173.54
173.6
173.61
173.53
173.68
173.7
173.63
173.63
173.67
173.68
173.64
173.63
173.7
173.68
173.62
173.62
173.7
173.71
173.69
173.72
173.71
173.83
173.87
173.64
173.64
173.67
173.66
173.73
173.75
173.88
173.86
173.86
173.86
173.9
173.75
173.75
173.76
173.79
173.88
173.9
173.88
173.89
173.74
173.74
173.92
173.91
173.93
173.94
173.86
173.86
173.91
173.81
173.82
173.85
173.86
173.79
173.78
173.87
173.86
173.93
173.95
173.95
173.95
174.02
174.03
174.01
173.97
173.99
173.97
173.96
173.94
173.92
174.05
174.06
174.01
174.01
174.06
174.08
174.08
174.09
174.2
174.19
174.07
174.07
174.09
174.16
174.16
174.1
174.07
174.05
174.05
174.13
174.16
174.22
174.18
174.16
174.19
174.14
174.19
174.21
174.16
174.18
174.16
174.15
174.25
174.26
174.33
174.33
174.4
174.41
174.12
174.13
174.14
174.15
174.27
174.14
174.17
174.25
174.28
174.3
174.3
174.21
174.23
174.23
174.25
174.39
174.4
174.28
174.3
174.29
174.3
174.28
174.28
174.3
174.3
174.31
174.43
174.42
174.33
174.36
174.43
174.41
174.35
174.36
174.42
174.43
174.37
174.36
174.45
174.45
174.5
174.5
174.52
174.52
174.52
174.56
174.59
174.41
174.41
174.41
174.42
174.56
174.56
174.49
174.5
174.52
174.6
174.62
174.65
174.64
174.46
174.46
174.57
174.57
174.65
174.62
174.5
174.52
174.59
174.52
174.52
174.6
174.6
174.58
174.6
174.7
174.67
174.76
174.78
174.68
174.71
174.65
174.66
174.62
174.62
174.77
174.73
174.73
174.6
174.59
174.63
174.64
174.64
174.66
174.64
174.64
174.66
174.66
174.59
174.62
174.77
174.77
174.89
174.68
174.71
174.66
174.66
174.71
174.71
174.72
174.72
174.79
174.79
174.77
174.78
174.69
174.7
174.8
174.84
174.83
174.76
174.77
174.85
174.85
174.84
174.84
174.94
174.96
174.96
174.96
174.93
174.93
174.89
174.87
174.88
174.91
174.93
174.96
174.96
174.96
174.98
175.09
175.08
175.08
175.07
174.84
174.84
174.89
174.9
174.91
174.98
174.99
174.93
174.97
174.98
174.98
174.99
174.98
175.05
175.07
175.05
175.05
175.21
175.2
175.07
175.07
175.08
175.08
175.1
175.16
175.16
175.07
175.07
175.12
175.11
175.17
175.17
175.12
175.16
175.16
175.18
175.12
175.11
175.2
175.0
175.03
175.23
175.21
175.19
175.2
175.25
175.26
175.12
175.12
175.3
175.31
175.16
175.17
175.16
175.17
175.36
175.37
175.21
175.32
175.32
175.28
175.28
175.26
175.29
175.35
175.36
175.25
175.25
175.32
175.34
175.29
175.33
175.42
175.43
175.34
175.26
175.27
175.5
175.52
175.49
175.46
175.35
175.37
175.39
175.39
175.31
175.31
175.54
175.55
175.48
175.47
175.44
175.44
175.42
175.38
175.41
175.5
175.51
175.43
175.42
175.43
175.44
175.41
175.41
175.4
175.59
175.59
175.55
175.55
175.55
175.55
175.54
175.53
175.52
175.52
175.62
175.63
175.46
175.46
175.52
175.61
175.61
175.64
175.65
175.57
175.58
175.6
175.62
175.59
175.61
175.68
175.7
175.72
175.69
175.69
175.57
175.58
175.59
175.59
175.64
175.64
175.62
175.65
175.74
175.76
175.68
175.67
175.66
175.67
175.61
175.61
175.76
175.74
175.72
175.72
175.76
175.77
175.79
175.79
175.8
175.76
175.76
175.79
175.79
175.8
175.79
175.76
175.8
175.8
175.78
175.78
175.81
175.79
175.72
175.73
175.9
175.89
175.78
175.8
175.76
175.77
175.88
175.88
175.81
175.81
175.92
175.92
175.92
175.93
175.82
175.92
175.95
175.9
175.89
176.03
176.02
175.82
175.83
175.94
175.93
175.95
175.94
175.86
175.88
175.88
175.97
175.98
175.94
175.98
176.03
176.03
176.03
176.03
176.03
176.05
176.12
176.11
175.98
175.98
176.05
176.06
176.12
176.07
176.07
176.04
176.03
176.16
176.18
176.11
176.1
176.13
176.13
176.11
176.12
176.12
176.12
176.05
176.05
176.05
176.03
176.02
176.05
176.21
176.1
176.09
176.1
176.13
176.2
176.21
176.19
176.19
176.22
176.22
176.23
176.18
176.18
176.35
176.36
176.22
176.2
176.15
176.19
176.4
176.4
176.24
176.24
176.27
176.29
176.3
176.3
176.29
176.32
176.32
176.22
176.24
176.39
176.39
176.29
176.3
176.2
176.24
176.35
176.38
176.39
176.35
176.36
176.25
176.24
176.34
176.35
176.35
176.33
176.42
176.42
176.51
176.53
176.4
176.41
176.46
176.46
176.56
176.54
176.35
176.36
176.35
176.32
176.37
176.49
176.5
176.34
176.34
176.5
176.53
176.47
176.45
176.39
176.4
176.47
176.48
176.45
176.45
176.43
176.41
176.39
176.45
176.46
176.46
176.47
176.57
176.56
176.59
176.59
176.53
176.52
176.47
176.52
176.53
176.52
176.66
176.72
176.7
176.72
176.72
176.72
176.72
176.74
176.74
176.59
176.6
176.61
176.62
176.6
176.62
176.62
176.56
176.56
176.63
176.63
176.7
176.7
176.67
176.66
176.6
176.57
176.86
176.85
176.82
176.82
176.75
176.77
176.76
