136.28
136.29
136.33
136.34
136.36
136.52
136.53
136.37
136.4
136.42
136.46
136.46
136.5
136.61
136.63
136.64
136.68
136.77
136.82
136.92
136.89
136.95
137.05
137.12
137.09
137.16
137.2
137.25
137.33
137.4
137.27
137.35
137.51
137.59
137.66
137.69
137.76
137.89
137.99
137.92
137.96
138.06
138.11
138.16
138.25
138.32
138.41
138.45
138.53
138.57
138.68
138.73
138.8
138.87
138.78
138.87
139.0
139.08
139.25
139.33
139.41
139.5
139.45
139.49
139.6
139.67
139.76
139.76
139.84
139.93
139.98
139.95
139.99
140.13
140.22
140.26
140.34
140.45
140.54
140.53
140.63
140.72
140.9
140.98
140.89
140.98
140.97
141.06
141.24
141.33
141.33
141.43
141.43
141.53
141.64
141.7
141.79
141.93
141.99
142.0
142.04
142.15
142.18
142.24
142.29
142.37
142.47
142.5
142.61
142.76
142.83
142.85
142.9
142.98
143.05
143.14
143.24
143.35
143.39
143.49
143.48
143.58
143.57
143.65
143.71
143.81
143.99
144.07
143.98
144.06
144.1
144.15
144.22
144.27
144.38
144.5
144.59
144.6
144.68
144.79
144.83
144.91
145.01
145.11
145.19
145.17
145.28
145.34
145.42
145.51
145.59
145.67
145.73
145.82
145.83
145.93
145.93
146.02
146.12
146.24
146.32
146.41
146.32
146.41
146.47
146.64
146.74
146.77
146.86
146.96
147.05
147.14
147.18
147.0
147.05
147.26
147.3
147.44
147.48
147.5
147.58
147.66
147.81
147.86
147.82
147.86
148.07
148.11
148.1
148.16
148.3
148.38
148.36
148.44
148.49
148.57
148.63
148.66
148.72
148.82
148.87
148.96
149.04
149.08
149.16
149.09
149.13
149.34
149.38
149.48
149.54
149.56
149.58
149.62
149.84
149.88
149.76
149.81
149.88
149.96
150.0
150.07
150.41
150.33
150.41
150.47
150.5
150.51
150.54
150.72
150.75
150.89
150.93
150.87
150.95
150.98
151.05
151.11
151.23
151.31
151.23
151.3
151.32
151.38
151.56
151.63
151.58
151.64
151.77
151.81
151.82
151.84
152.01
152.06
152.11
152.14
152.19
152.19
152.24
152.41
152.44
152.33
152.38
152.49
152.52
152.6
152.66
152.56
152.6
152.8
152.87
152.95
152.96
153.02
153.03
153.09
153.2
153.23
153.4
153.44
153.39
153.42
153.42
153.44
153.66
153.72
153.61
153.78
153.81
153.76
153.84
153.96
154.0
154.1
154.17
154.2
154.24
154.23
154.27
154.32
154.22
154.26
154.54
154.57
154.69
154.74
154.76
154.82
154.83
154.92
154.86
154.91
154.94
154.99
155.03
155.16
155.22
155.31
155.33
155.25
155.34
155.37
155.42
155.62
155.65
155.66
155.7
155.74
155.77
155.76
155.79
155.93
156.06
156.12
156.03
156.09
156.27
156.29
156.33
156.34
156.39
156.4
156.43
156.44
156.61
156.64
156.55
156.62
156.64
156.79
156.84
156.87
156.93
156.81
156.86
156.94
157.01
157.14
157.2
157.19
157.31
157.35
157.3
157.34
157.31
157.36
157.43
157.49
157.52
157.57
157.59
157.61
157.86
157.87
157.96
157.99
157.9
157.98
158.0
158.06
158.07
158.26
158.28
158.19
158.21
158.34
158.39
158.34
158.4
158.51
158.57
158.44
158.49
158.55
158.54
158.57
158.59
158.63
158.85
158.87
158.85
158.87
159.08
159.11
159.11
159.1
159.11
159.14
159.12
159.19
159.18
159.25
159.28
159.31
159.38
159.39
159.44
159.55
159.59
159.61
159.67
159.92
159.92
159.95
160.03
159.82
159.85
159.88
159.88
159.82
160.03
160.1
160.21
160.24
160.09
160.13
160.25
160.27
160.29
160.35
160.31
160.32
160.55
160.56
160.53
160.57
160.52
160.77
160.78
160.66
160.69
160.72
160.73
160.78
160.84
160.96
161.0
160.92
160.96
161.13
161.2
161.09
161.12
161.25
161.25
161.28
161.34
161.39
161.48
161.52
161.36
161.4
161.51
161.55
161.69
161.74
161.68
161.69
161.72
161.79
161.84
161.73
161.76
161.85
161.89
161.94
162.03
161.99
162.04
162.0
162.03
162.11
162.15
162.15
162.16
162.18
162.24
162.29
162.37
162.39
162.38
162.4
162.5
162.55
162.61
162.65
162.58
162.59
162.74
162.76
162.71
162.76
162.75
162.87
162.87
162.81
162.82
162.92
162.95
162.91
162.93
163.01
163.05
163.0
163.05
163.07
163.09
163.17
163.19
163.2
163.24
163.35
163.39
163.4
163.49
163.51
163.6
163.63
163.6
163.64
163.62
163.64
163.62
163.65
163.65
163.7
163.74
163.87
163.89
163.89
163.9
163.88
163.94
163.95
163.97
164.11
164.12
164.12
164.14
164.15
164.16
164.34
164.33
164.34
164.25
164.27
164.18
164.21
164.32
164.34
164.39
164.38
164.43
164.44
164.46
164.48
164.58
164.61
164.77
164.72
164.76
164.73
164.77
164.72
164.75
164.84
164.87
164.82
164.83
165.0
165.02
164.98
165.0
165.11
165.13
164.99
165.11
165.14
165.11
165.11
165.13
165.13
165.1
165.1
165.16
165.17
165.35
165.38
165.29
165.31
165.4
165.39
165.42
165.35
165.38
165.42
165.46
165.57
165.57
165.58
165.67
165.67
165.68
165.8
165.83
165.82
165.81
165.85
165.89
165.91
165.81
165.83
165.99
166.0
166.06
166.07
165.99
166.01
166.19
166.2
166.23
166.24
166.2
166.23
166.25
166.29
166.27
166.69
166.7
166.21
166.23
166.4
166.42
166.36
166.37
166.46
166.51
166.57
166.52
166.52
166.6
166.63
166.65
166.69
166.73
166.75
166.7
166.73
166.67
166.69
166.82
166.83
166.91
166.94
166.95
166.97
166.99
167.0
167.04
167.02
167.04
167.05
167.08
167.17
167.18
167.18
167.2
167.05
167.07
167.19
167.22
167.31
167.32
167.26
167.46
167.47
167.48
167.49
167.35
167.37
167.34
167.36
167.51
167.53
167.47
167.48
167.55
167.54
167.5
167.51
167.54
167.55
167.67
167.67
167.64
167.73
167.74
167.65
167.67
167.7
167.71
167.72
167.72
167.74
167.76
167.74
167.76
167.85
167.87
168.09
167.99
168.0
167.96
167.99
168.05
168.07
168.21
168.24
168.02
168.02
168.09
168.1
168.07
168.08
168.1
168.1
168.28
168.31
168.32
168.29
168.3
168.36
168.38
168.35
168.38
168.49
168.51
168.46
168.5
168.54
168.58
168.6
168.62
168.54
168.57
168.58
168.7
168.71
168.65
168.67
168.74
168.76
168.74
168.76
168.82
168.86
168.77
168.78
168.91
168.91
168.86
168.86
168.89
168.91
169.05
169.04
169.0
169.01
168.98
168.99
169.1
168.98
169.01
169.04
169.04
169.05
169.06
169.19
169.21
169.32
169.35
169.35
169.38
169.17
169.19
169.22
169.23
169.36
169.35
169.39
169.36
169.38
169.42
169.43
169.46
169.47
169.41
169.43
169.5
169.51
169.41
169.45
169.6
169.63
169.66
169.69
169.61
169.6
169.72
169.77
169.67
169.76
169.76
169.81
169.82
169.71
169.75
169.83
169.87
169.77
169.78
169.87
169.88
169.95
169.95
169.87
169.93
169.93
169.93
169.95
170.03
170.05
170.09
170.13
170.06
170.1
170.08
170.11
170.24
170.26
170.13
170.14
170.2
170.15
170.16
170.26
170.27
170.33
170.34
170.36
170.38
170.33
170.34
170.35
170.35
170.3
170.33
170.36
170.44
170.46
170.44
170.46
170.49
170.53
170.6
170.62
170.42
170.44
170.55
170.56
170.61
170.65
170.65
170.71
170.71
170.66
170.66
170.61
170.61
170.88
170.89
170.73
170.74
170.77
170.79
170.83
170.85
170.94
170.96
170.91
170.91
170.91
170.92
170.93
170.88
170.89
171.08
171.09
170.96
170.95
171.0
171.02
171.14
171.15
171.06
171.07
171.11
171.13
171.24
171.24
171.26
171.27
171.29
171.17
171.17
171.13
171.17
171.16
171.15
171.3
171.31
171.34
171.36
171.38
171.4
171.37
171.36
171.38
171.46
171.48
171.36
171.36
171.61
171.61
171.6
171.61
171.56
171.47
171.5
171.66
171.67
171.64
171.66
171.69
171.69
171.65
171.65
171.65
171.68
171.77
171.78
171.78
171.79
171.75
171.69
171.69
171.75
171.76
171.78
171.77
171.96
171.97
171.86
171.89
171.84
171.87
172.01
172.0
171.91
171.94
171.94
171.96
171.96
172.03
172.04
171.94
171.96
171.94
171.94
172.04
172.06
172.1
172.1
172.07
172.11
172.25
172.27
172.23
172.25
172.26
172.13
172.15
172.18
172.2
172.27
172.28
172.36
172.39
172.2
172.18
172.23
172.22
172.41
172.41
172.42
172.44
172.47
172.38
172.38
172.58
172.56
172.37
172.38
172.45
172.45
172.55
172.59
172.59
172.6
172.56
172.57
172.65
172.66
172.55
172.56
172.57
172.58
172.59
172.68
172.69
172.7
172.71
172.77
172.79
172.8
172.81
172.77
172.78
172.75
172.77
172.7
172.89
172.92
172.9
172.89
172.92
172.94
172.81
172.82
172.9
172.91
172.95
172.96
172.92
172.93
172.95
172.93
173.08
173.08
173.02
173.04
173.05
173.06
173.1
173.1
173.12
173.16
173.15
173.05
173.05
173.01
173.0
173.09
173.13
173.12
173.14
173.13
173.27
173.29
173.37
173.37
173.16
173.16
173.14
173.15
173.37
173.37
173.37
173.36
173.37
173.43
173.46
173.46
173.48
173.4
173.41
173.51
173.51
173.47
173.5
173.42
173.41
173.43
173.44
173.43
173.44
173.44
173.68
173.68
173.49
173.47
173.73
173.73
173.61
173.62
173.61
173.63
173.76
173.77
173.57
173.6
173.66
173.67
173.71
173.63
173.64
173.73
173.76
173.78
173.76
173.8
173.8
173.85
173.85
173.78
173.81
173.76
173.77
173.81
173.75
173.73
173.87
173.91
173.82
173.84
173.94
173.94
173.88
173.89
173.92
173.94
173.94
173.98
173.96
173.95
173.96
173.97
173.98
174.03
174.06
174.07
174.09
173.96
173.98
174.11
174.11
173.93
174.13
174.14
174.04
174.05
174.06
174.07
174.1
174.11
174.19
174.21
174.25
174.26
174.25
174.26
174.23
174.31
174.31
174.3
174.3
174.27
174.28
174.2
174.21
174.21
174.23
174.24
174.26
174.38
174.43
174.43
174.38
174.38
174.52
174.53
174.55
174.56
174.54
174.55
174.5
174.49
174.48
174.48
174.54
174.56
174.35
174.65
174.66
174.54
174.55
174.58
174.6
174.67
174.67
174.61
174.61
174.67
174.69
174.65
174.65
174.62
174.7
174.73
174.73
174.74
174.79
174.8
174.69
174.71
174.78
174.79
174.8
174.79
174.83
174.84
174.72
174.73
174.86
174.74
174.74
174.91
174.9
174.86
174.86
174.87
174.86
174.9
174.93
175.03
175.03
174.91
174.92
174.98
174.98
175.05
175.09
175.07
175.05
175.07
175.02
175.02
175.12
175.12
174.98
175.0
175.14
175.15
175.25
175.26
175.14
175.14
175.22
175.15
175.16
175.11
175.11
175.31
175.29
175.13
175.16
175.18
175.19
175.21
175.22
175.25
175.27
175.25
175.26
175.28
175.28
175.36
175.37
175.23
175.28
175.27
175.43
175.41
175.3
175.33
175.27
175.29
175.41
175.42
175.35
175.38
175.45
175.45
175.38
175.52
175.54
175.48
175.49
175.52
175.52
175.49
175.49
175.56
175.52
175.47
175.48
175.56
175.57
175.56
175.58
175.6
175.71
175.73
175.52
175.5
175.51
175.56
175.63
175.62
175.77
175.75
175.77
175.76
175.81
175.66
175.65
175.69
175.71
175.79
175.8
175.79
175.8
175.66
175.66
175.85
175.84
175.86
175.85
175.79
175.8
175.85
175.74
175.74
175.81
175.82
175.75
175.72
175.82
175.84
175.91
175.9
175.9
175.93
176.0
176.01
175.99
175.95
175.97
175.96
175.96
175.93
175.92
176.03
176.06
176.0
176.02
176.08
176.09
176.1
176.12
176.21
176.2
176.09
176.09
176.11
176.19
176.2
176.12
176.12
176.08
176.09
176.18
176.2
176.26
176.26
176.23
176.24
176.2
176.26
176.25
176.24
176.25
176.23
176.23
176.34
176.34
176.4
176.44
176.49
176.5
176.23
176.23
176.24
176.25
176.4
176.26
176.29
176.37
176.38
176.42
176.42
176.34
176.38
176.37
176.39
176.53
176.53
176.43
176.44
176.45
176.46
176.45
176.44
176.46
176.47
176.48
176.59
176.59
176.5
176.54
176.6
176.6
176.52
176.53
176.6
176.58
176.56
176.54
176.64
176.64
176.69
176.7
176.71
176.71
176.72
176.77
176.79
176.62
176.62
176.62
176.64
176.78
176.79
176.7
176.71
176.73
176.82
176.87
176.87
176.88
176.69
176.69
176.8
176.79
176.88
176.87
176.75
176.76
176.83
176.78
176.76
176.85
176.86
176.83
176.85
176.95
176.94
177.03
177.03
176.96
176.98
176.92
176.92
176.89
176.89
177.05
177.0
177.0
176.89
176.87
176.92
176.93
176.93
176.94
176.93
176.94
176.95
176.95
176.89
176.93
177.08
177.1
177.21
176.98
177.0
176.95
176.97
177.03
177.01
177.04
177.03
177.09
177.09
177.09
177.08
177.0
177.0
177.12
177.16
177.17
177.08
177.1
177.17
177.17
177.18
177.2
177.28
177.29
177.3
177.31
177.27
177.28
177.24
177.23
177.23
177.23
177.29
177.32
177.33
177.32
177.34
177.46
177.44
177.45
177.45
177.22
177.23
177.27
177.29
177.28
177.37
177.37
177.34
177.36
177.37
177.37
177.38
177.39
177.46
177.47
177.44
177.47
177.62
177.61
177.47
177.5
177.5
177.5
177.51
177.58
177.59
177.5
177.51
177.55
177.56
177.6
177.6
177.57
177.61
177.62
177.61
177.57
177.56
177.67
177.45
177.48
177.69
177.69
177.65
177.66
177.73
177.74
177.61
177.61
177.78
177.79
177.65
177.67
177.65
177.65
177.85
177.86
177.72
177.82
177.83
177.78
177.78
177.79
177.8
177.88
177.85
177.77
177.78
177.86
177.86
177.81
177.85
177.95
177.94
177.87
177.81
177.79
178.04
178.06
178.02
178.01
177.89
177.89
177.93
177.94
177.85
177.85
178.08
178.12
178.04
178.02
177.97
177.98
177.96
177.94
177.95
178.05
178.06
177.97
177.98
177.98
178.0
177.98
177.97
177.98
178.15
178.16
178.11
178.12
178.11
178.11
178.11
178.12
178.09
178.09
178.19
178.19
178.04
178.04
178.09
178.19
178.19
178.24
178.24
178.15
178.16
178.18
178.2
178.17
178.19
178.28
178.28
178.31
178.27
178.26
178.16
178.16
178.17
178.19
178.24
178.22
178.21
178.23
178.35
178.36
178.27
178.27
178.27
178.26
178.22
178.23
178.38
178.35
178.33
178.33
178.37
178.4
178.4
178.41
178.41
178.38
178.38
178.41
178.42
178.42
178.41
178.39
178.42
178.43
178.41
178.41
178.44
178.41
178.36
178.37
178.55
178.54
178.43
178.44
178.39
178.4
178.53
178.53
178.45
178.46
178.57
178.58
178.58
178.58
178.49
178.58
178.61
178.56
178.58
178.71
178.69
178.47
178.49
178.61
178.59
178.62
178.62
178.53
178.55
178.55
178.65
178.67
178.65
178.67
178.71
178.71
178.73
178.73
178.73
178.73
178.82
178.81
178.68
178.68
178.75
178.75
178.81
178.76
178.77
178.74
178.73
178.86
178.89
178.82
178.82
178.83
178.84
178.82
178.82
178.84
178.83
178.75
178.76
178.77
178.75
178.75
178.77
178.94
178.84
178.84
178.82
178.85
178.93
178.94
178.9
178.92
178.94
178.93
178.95
178.93
178.91
179.09
179.1
178.95
178.95
178.9
178.91
179.15
179.15
178.98
178.99
179.02
179.03
179.05
179.05
179.06
179.05
179.06
178.96
178.98
179.14
179.15
179.03
179.04
178.96
178.99
179.12
179.13
179.15
179.11
179.12
179.01
179.01
179.1
179.12
179.11
179.1
179.18
179.19
179.27
179.3
179.16
179.17
179.2
179.21
179.33
179.33
179.13
179.14
179.15
179.13
179.15
179.28
179.28
179.14
179.14
179.32
179.34
179.25
179.26
179.21
179.22
179.28
179.29
179.27
179.28
179.26
179.23
179.2
179.28
179.29
179.28
179.31
179.4
179.4
179.42
179.43
179.35
179.36
179.33
179.35
179.36
179.35
179.5
179.56
179.56
179.54
179.55
179.56
179.58
179.59
179.59
179.43
179.45
179.48
179.48
179.46
179.46
179.48
179.4
179.41
179.48
179.5
179.58
179.59
179.53
179.53
179.45
179.43
179.73
179.73
179.69
179.68
179.62
179.62
179.62
