166.46
166.45
166.57
166.67
166.92
167.22
167.48
167.44
167.74
167.91
168.2
168.31
168.62
168.81
169.09
169.33
169.45
169.71
169.86
170.16
170.29
170.4
170.7
170.82
170.97
171.07
171.27
171.48
171.63
171.84
171.77
171.98
172.2
172.39
172.47
172.66
172.82
173.01
173.23
173.16
173.33
173.55
173.64
173.78
173.87
174.09
174.16
174.33
174.42
174.58
174.78
174.88
175.03
175.11
175.11
175.2
175.43
175.59
175.81
175.96
176.07
176.23
176.17
176.3
176.41
176.61
176.68
176.79
176.94
177.0
177.15
177.18
177.25
177.44
177.52
177.65
177.72
177.92
178.0
178.08
178.21
178.34
178.58
178.66
178.6
178.68
178.75
178.82
179.11
179.25
179.26
179.41
179.43
179.56
179.65
179.79
179.92
180.04
180.18
180.23
180.29
180.44
180.51
180.57
180.63
180.76
180.82
180.92
181.07
181.24
181.35
181.38
181.46
181.51
181.65
181.69
181.89
181.97
182.08
182.14
182.2
182.27
182.36
182.38
182.51
182.63
182.85
182.96
182.88
182.98
183.0
183.12
183.15
183.28
183.34
183.54
183.6
183.68
183.79
183.86
183.97
184.07
184.12
184.31
184.39
184.39
184.52
184.59
184.69
184.73
184.88
184.92
185.06
185.11
185.18
185.25
185.31
185.39
185.53
185.66
185.74
185.84
185.76
185.87
185.9
186.12
186.18
186.28
186.38
186.48
186.58
186.64
186.75
186.52
186.63
186.8
186.9
187.01
187.11
187.15
187.19
187.32
187.42
187.54
187.47
187.57
187.78
187.82
187.84
187.88
188.05
188.08
188.1
188.19
188.25
188.34
188.41
188.45
188.51
188.63
188.67
188.77
188.82
188.89
188.99
188.88
188.98
189.15
189.24
189.33
189.36
189.43
189.4
189.52
189.69
189.78
189.68
189.73
189.79
189.83
189.91
190.01
190.36
190.29
190.36
190.37
190.43
190.42
190.49
190.62
190.72
190.87
190.9
190.85
190.88
190.97
191.04
191.11
191.24
191.28
191.21
191.29
191.31
191.39
191.57
191.67
191.6
191.68
191.78
191.86
191.85
191.91
192.08
192.19
192.22
192.29
192.31
192.37
192.45
192.6
192.66
192.57
192.6
192.73
192.76
192.83
192.89
192.81
192.84
193.06
193.14
193.22
193.23
193.27
193.3
193.37
193.45
193.51
193.64
193.72
193.65
193.72
193.66
193.72
193.95
193.99
193.9
194.04
194.11
194.06
194.09
194.25
194.29
194.4
194.45
194.47
194.53
194.53
194.57
194.61
194.47
194.54
194.83
194.87
195.01
195.04
195.08
195.11
195.16
195.21
195.16
195.2
195.27
195.32
195.36
195.49
195.54
195.65
195.66
195.58
195.64
195.71
195.76
195.92
195.98
195.97
196.04
196.05
196.1
196.06
196.1
196.22
196.39
196.46
196.36
196.4
196.56
196.62
196.64
196.66
196.71
196.72
196.74
196.75
196.94
196.99
196.86
196.92
196.97
197.11
197.14
197.2
197.25
197.13
197.17
197.26
197.31
197.45
197.52
197.5
197.62
197.64
197.6
197.65
197.61
197.65
197.74
197.8
197.83
197.88
197.86
197.9
198.17
198.2
198.25
198.26
198.17
198.24
198.28
198.31
198.34
198.53
198.55
198.46
198.49
198.59
198.6
198.58
198.6
198.74
198.77
198.65
198.66
198.75
198.74
198.77
198.81
198.85
199.06
199.06
199.04
199.08
199.27
199.31
199.31
199.33
199.31
199.32
199.33
199.39
199.39
199.45
199.47
199.54
199.56
199.59
199.64
199.76
199.78
199.8
199.87
200.09
200.13
200.15
200.21
200.0
200.02
200.05
200.05
200.0
200.23
200.29
200.39
200.43
200.27
200.32
200.42
200.46
200.47
200.52
200.47
200.5
200.71
200.73
200.69
200.72
200.7
200.89
200.96
200.81
200.84
200.87
200.89
200.93
200.96
201.12
201.13
201.06
201.09
201.28
201.31
201.22
201.24
201.37
201.35
201.4
201.47
201.52
201.61
201.61
201.49
201.49
201.61
201.63
201.79
201.81
201.78
201.79
201.82
201.87
201.92
201.79
201.81
201.92
201.93
202.02
202.08
202.06
202.09
202.07
202.1
202.13
202.19
202.2
202.23
202.2
202.26
202.31
202.4
202.42
202.38
202.43
202.53
202.55
202.63
202.64
202.59
202.61
202.75
202.76
202.72
202.76
202.76
202.87
202.88
202.81
202.83
202.91
202.93
202.91
202.93
203.02
203.06
203.01
203.06
203.03
203.07
203.12
203.17
203.18
203.22
203.32
203.34
203.37
203.43
203.47
203.58
203.61
203.55
203.57
203.56
203.58
203.57
203.6
203.62
203.63
203.64
203.78
203.8
203.82
203.84
203.81
203.87
203.86
203.89
204.01
204.03
204.01
204.04
204.06
204.06
204.25
204.22
204.24
204.13
204.16
204.07
204.09
204.21
204.21
204.26
204.26
204.3
204.31
204.31
204.34
204.46
204.48
204.64
204.57
204.59
204.58
204.61
204.55
204.59
204.68
204.71
204.64
204.67
204.83
204.87
204.8
204.82
204.93
204.98
204.82
204.95
204.98
204.93
204.97
204.94
204.97
204.92
204.94
204.97
204.99
205.18
205.21
205.11
205.15
205.2
205.21
205.22
205.16
205.17
205.22
205.26
205.36
205.37
205.39
205.44
205.46
205.48
205.58
205.62
205.6
205.58
205.62
205.66
205.68
205.58
205.59
205.74
205.78
205.81
205.83
205.75
205.76
205.93
205.96
205.97
206.0
205.94
205.98
205.98
206.03
206.01
206.42
206.46
205.93
205.95
206.13
206.15
206.07
206.09
206.19
206.21
206.3
206.24
206.26
206.32
206.34
206.38
206.41
206.45
206.46
206.42
206.44
206.38
206.41
206.5
206.53
206.62
206.65
206.65
206.65
206.68
206.69
206.71
206.69
206.71
206.7
206.73
206.82
206.84
206.83
206.85
206.69
206.7
206.82
206.84
206.94
206.96
206.89
207.07
207.09
207.08
207.12
206.96
206.98
206.95
206.96
207.12
207.15
207.07
207.08
207.14
207.16
207.1
207.12
207.15
207.16
207.27
207.29
207.24
207.32
207.35
207.23
207.26
207.27
207.3
207.32
207.31
207.35
207.35
207.34
207.35
207.43
207.44
207.69
207.58
207.57
207.54
207.55
207.63
207.65
207.79
207.81
207.55
207.58
207.63
207.65
207.6
207.62
207.63
207.64
207.81
207.84
207.84
207.81
207.83
207.89
207.9
207.88
207.9
208.03
208.02
207.97
207.99
208.06
208.09
208.12
208.13
208.05
208.07
208.08
208.19
208.21
208.16
208.15
208.24
208.24
208.23
208.24
208.31
208.32
208.23
208.26
208.39
208.4
208.33
208.34
208.36
208.38
208.53
208.53
208.46
208.47
208.42
208.44
208.53
208.43
208.42
208.48
208.5
208.49
208.49
208.63
208.64
208.74
208.79
208.78
208.81
208.59
208.62
208.62
208.66
208.77
208.77
208.8
208.77
208.78
208.83
208.83
208.83
208.88
208.81
208.83
208.91
208.9
208.82
208.82
208.98
209.0
209.04
209.06
208.98
208.99
209.11
209.15
209.04
209.12
209.13
209.17
209.19
209.06
209.1
209.19
209.22
209.1
209.13
209.2
209.22
209.27
209.29
209.21
209.27
209.28
209.26
209.28
209.35
209.37
209.43
209.45
209.39
209.43
209.4
209.42
209.56
209.57
209.42
209.45
209.5
209.44
209.46
209.57
209.56
209.62
209.64
209.66
209.67
209.6
209.63
209.63
209.63
209.58
209.58
209.63
209.71
209.72
209.71
209.72
209.76
209.79
209.85
209.87
209.66
209.67
209.78
209.79
209.84
209.89
209.89
209.94
209.97
209.9
209.9
209.8
209.82
210.1
210.12
209.93
209.94
209.97
209.99
210.04
210.05
210.15
210.16
210.1
210.09
210.1
210.11
210.12
210.06
210.06
210.27
210.29
210.12
210.12
210.17
210.18
210.31
210.32
210.21
210.22
210.26
210.29
210.39
210.39
210.41
210.44
210.45
210.32
210.31
210.3
210.31
210.28
210.29
210.45
210.45
210.48
210.51
210.51
210.53
210.53
210.51
210.51
210.59
210.6
210.49
210.48
210.73
210.75
210.73
210.75
210.68
210.59
210.6
210.77
210.79
210.77
210.77
210.78
210.8
210.74
210.76
210.76
210.79
210.88
210.88
210.89
210.89
210.87
210.78
210.79
210.83
210.87
210.86
210.86
211.06
211.04
210.95
210.97
210.95
210.95
211.09
211.09
211.0
211.0
211.01
211.02
211.04
211.1
211.11
211.0
211.03
210.98
211.01
211.1
211.11
211.14
211.15
211.13
211.14
211.3
211.3
211.26
211.28
211.28
211.17
211.17
211.22
211.22
211.28
211.31
211.39
211.4
211.2
211.21
211.22
211.23
211.43
211.42
211.43
211.44
211.48
211.36
211.38
211.57
211.57
211.35
211.37
211.43
211.43
211.54
211.58
211.57
211.59
211.54
211.55
211.63
211.63
211.51
211.51
211.52
211.51
211.54
211.64
211.65
211.64
211.65
211.73
211.74
211.74
211.75
211.73
211.72
211.68
211.7
211.63
211.82
211.84
211.84
211.84
211.84
211.87
211.73
211.74
211.82
211.83
211.84
211.87
211.81
211.85
211.86
211.85
212.0
211.99
211.92
211.95
211.96
211.99
212.0
212.0
212.03
212.07
212.04
211.94
211.95
211.89
211.9
211.99
212.0
212.02
212.02
212.02
212.16
212.15
212.25
212.23
212.05
212.04
212.01
212.01
212.23
212.24
212.23
212.22
212.24
212.29
212.3
212.32
212.32
212.25
212.26
212.35
212.37
212.32
212.33
212.26
212.25
212.27
212.27
212.27
212.27
212.26
212.52
212.53
212.31
212.3
212.56
212.55
212.43
212.42
212.45
212.47
212.56
212.6
212.41
212.43
212.47
212.49
212.51
212.42
212.46
212.55
212.57
212.59
212.58
212.6
212.59
212.66
212.66
212.6
212.62
212.55
212.58
212.62
212.54
212.55
212.69
212.71
212.62
212.64
212.73
212.75
212.68
212.69
212.72
212.73
212.75
212.78
212.77
212.75
212.76
212.76
212.75
212.83
212.85
212.86
212.87
212.77
212.76
212.89
212.91
212.71
212.91
212.92
212.82
212.84
212.85
212.85
212.88
212.88
212.97
212.98
213.03
213.05
213.03
213.03
213.0
213.07
213.09
213.07
213.07
213.04
213.04
212.96
212.96
212.97
212.99
212.99
213.01
213.13
213.18
213.19
213.12
213.12
213.27
213.28
213.3
213.3
213.29
213.29
213.24
213.24
213.21
213.19
213.28
213.29
213.06
213.39
213.39
213.25
213.26
213.3
213.31
213.38
213.39
213.32
213.31
213.39
213.39
213.35
213.35
213.32
213.41
213.43
213.42
213.44
213.48
213.5
213.37
213.38
213.46
213.46
213.47
213.46
213.51
213.51
213.37
213.38
213.51
213.39
213.39
213.55
213.56
213.5
213.51
213.51
213.49
213.54
213.57
213.66
213.66
213.54
213.56
213.59
213.6
213.66
213.71
213.72
213.68
213.69
213.62
213.63
213.73
213.74
213.58
213.6
213.75
213.76
213.87
213.87
213.74
213.75
213.85
213.74
213.75
213.7
213.71
213.92
213.91
213.74
213.76
213.77
213.78
213.81
213.81
213.85
213.86
213.86
213.86
213.87
213.88
213.95
213.96
213.81
213.88
213.87
214.02
214.01
213.91
213.9
213.86
213.87
214.0
214.0
213.94
213.95
214.01
214.03
213.96
214.1
214.12
214.06
214.07
214.12
214.12
214.07
214.06
214.12
214.13
214.06
214.05
214.13
214.15
214.13
214.17
214.16
214.29
214.31
214.08
214.07
214.1
214.11
214.18
214.2
214.33
214.33
214.33
214.32
214.36
214.22
214.2
214.23
214.25
214.33
214.35
214.35
214.34
214.22
214.21
214.4
214.37
214.41
214.42
214.33
214.31
214.39
214.28
214.27
214.31
214.33
214.25
214.24
214.33
214.33
214.42
214.41
214.43
214.42
214.5
214.51
214.49
214.43
214.46
214.44
214.44
214.41
214.39
214.54
214.54
214.47
214.49
214.54
214.57
214.55
214.57
214.68
214.67
214.56
214.55
214.56
214.63
214.64
214.56
214.56
214.51
214.53
214.61
214.62
214.69
214.67
214.66
214.65
214.62
214.68
214.68
214.64
214.65
214.64
214.64
214.74
214.75
214.81
214.82
214.9
214.89
214.61
214.62
214.62
214.62
214.76
214.63
214.64
214.73
214.74
214.78
214.78
214.69
214.71
214.72
214.74
214.88
214.89
214.76
214.8
214.78
214.77
214.77
214.77
214.78
214.79
214.81
214.92
214.93
214.81
214.85
214.92
214.91
214.84
214.84
214.9
214.91
214.86
214.85
214.93
214.95
214.99
215.01
215.01
215.03
215.02
215.08
215.1
214.91
214.9
214.91
214.91
215.06
215.07
214.98
214.99
215.0
215.11
215.15
215.16
215.16
214.96
214.95
215.09
215.08
215.15
215.13
215.02
215.03
215.1
215.05
215.04
215.12
215.12
215.1
215.12
215.22
215.19
215.3
215.29
215.21
215.23
215.18
215.17
215.13
215.13
215.3
215.26
215.26
215.13
215.12
215.17
215.16
215.16
215.18
215.17
215.17
215.18
215.19
215.12
215.15
215.31
215.33
215.44
215.2
215.23
215.17
215.18
215.24
215.26
215.25
215.25
215.31
215.32
215.31
215.31
215.21
215.23
215.33
215.38
215.38
215.29
215.29
215.4
215.37
215.38
215.39
215.49
215.49
215.5
215.51
215.48
215.47
215.44
215.44
215.42
215.45
215.48
215.51
215.51
215.51
215.54
215.65
215.63
215.64
215.62
215.41
215.39
215.45
215.45
215.46
215.54
215.54
215.49
215.53
215.54
215.53
215.54
215.55
215.62
215.62
215.61
215.62
215.79
215.76
215.63
215.66
215.64
215.65
215.65
215.73
215.73
215.63
215.64
215.69
215.69
215.74
215.74
215.7
215.74
215.73
215.74
215.68
215.69
215.77
215.57
215.6
215.81
215.81
215.76
215.78
215.85
215.85
215.69
215.69
215.89
215.9
215.75
215.75
215.73
215.74
215.96
215.96
215.8
215.92
215.93
215.89
215.88
215.87
215.89
215.96
215.96
215.84
215.84
215.93
215.94
215.89
215.93
216.02
216.03
215.93
215.86
215.86
216.12
216.12
216.1
216.07
215.95
215.97
215.99
216.0
215.92
215.91
216.16
216.18
216.09
216.09
216.03
216.04
216.02
216.0
216.03
216.11
216.13
216.03
216.03
216.03
216.05
216.05
216.01
216.03
216.2
216.21
216.17
216.16
216.16
216.17
216.16
216.16
216.14
216.14
216.23
216.24
216.09
216.08
216.14
216.22
216.24
216.28
216.28
216.2
216.2
216.23
216.24
216.22
216.23
216.32
216.33
216.37
216.32
216.32
216.19
216.21
216.22
216.23
216.28
216.28
216.26
216.28
216.38
216.4
216.32
216.32
216.3
216.3
216.25
216.25
216.41
216.41
216.37
216.37
216.41
216.44
216.45
216.45
216.46
216.42
216.42
216.45
216.46
216.46
216.44
216.42
216.45
216.46
216.44
216.43
216.47
216.44
216.38
216.39
216.56
216.55
216.44
216.45
216.42
216.4
216.55
216.54
216.47
216.46
216.57
216.58
216.6
216.59
216.49
216.57
216.61
216.56
216.57
216.69
216.69
216.47
216.48
216.61
216.6
216.6
216.62
216.51
216.54
216.53
216.64
216.65
216.62
216.65
216.69
216.69
216.72
216.7
216.72
216.73
216.8
216.8
216.66
216.65
216.73
216.74
216.8
216.75
216.74
216.71
216.71
216.86
216.87
216.78
216.79
216.81
216.81
216.8
216.79
216.8
216.8
216.72
216.74
216.74
216.71
216.73
216.75
216.91
216.8
216.78
216.79
216.83
216.89
216.9
216.88
216.89
216.92
216.92
216.94
216.88
216.88
217.06
217.05
216.91
216.9
216.86
216.87
217.11
217.11
216.93
216.94
216.98
216.99
217.0
217.01
217.01
217.02
217.02
216.91
216.95
217.1
217.09
216.99
217.0
216.91
216.93
217.08
217.09
217.09
217.05
217.05
216.95
216.94
217.05
217.06
217.05
217.05
217.13
217.13
217.23
217.25
217.1
217.12
217.16
217.17
217.27
217.27
217.06
217.08
217.07
217.04
217.06
217.2
217.21
217.06
217.04
217.24
217.25
217.16
217.18
217.13
217.11
217.19
217.2
217.16
217.17
217.15
217.12
217.09
217.16
217.18
217.17
217.19
217.28
217.29
217.31
217.32
217.24
217.24
217.19
217.22
217.23
217.23
217.38
217.44
217.42
217.43
217.45
217.45
217.43
217.47
217.46
217.32
217.3
217.33
217.34
217.33
217.33
217.36
217.26
217.26
217.35
217.36
217.44
217.43
217.39
217.39
217.31
217.29
217.59
217.58
217.54
217.56
217.46
217.5
217.47
