0
0.2555856999970274
0.8014054999948712
1.3195218999899225
1.8330230999999912
2.372472100003506
2.8865007999993395
3.420490199991036
3.9435590999928536
4.464927199995145
4.984958400003961
5.501592799992068
6.075981000001775
6.594619499999681
7.123580400002538
7.6773901999986265
8.220595599996159
8.76960909999616
9.310424199997215
9.849581100002979
10.397013800000423
10.939624799997546
11.467900499992538
11.99057539999194
12.511516099999426
13.043572700000368
13.584118200000376
14.11193459999049
14.650539299997035
15.178380800003652
15.708448599994881
16.21653599999263
16.752600599997095
17.29364629999327
17.838434299992514
18.383609800002887
18.89639709999028
19.420831600000383
19.968088599998737
20.507954200002132
21.04759980000381
21.5876891999942
22.12760900000285
22.671547899997677
23.208453200000804
23.724543699994683
24.240237799996976
24.763500999993994
25.285997300001327
25.80856920000224
26.32796949999465
26.858259000000544
27.39562680000381
27.936487799990573
28.473674499997287
29.002383500002907
29.555650700000115
30.0909621000028
30.615954299995792
31.145670300000347
31.68184150000161
32.22150509999483
32.75597869999183
33.279729399990174
33.81573010000284
34.337755400003516
34.86899000000267
35.41567049999139
35.95966759999283
36.49566889999551
37.04158439999446
37.58662229999027
38.115758899992215
38.66560300000128
39.198470000003
39.70505649999541
40.22596650000196
40.750407200001064
41.271071900002426
41.78047909999441
42.30866949999472
42.83057949999056
43.356423199991696
43.90058390000195
44.43962370000372
44.98579299999983
45.513553600001615
46.042530299993814
46.59455039999739
47.1304356999899
47.65568679998978
48.16568859999825
48.67370929999743
49.21457309999096
49.76172999999835
50.3299493999948
50.84569560000091
51.38729489999241
51.96045709999453
52.474003299998
52.98961340000096
53.50246969998989
54.036515300002065
54.562428499993985
55.074546699994244
55.6196559999953
56.154523899997
56.67172319999372
57.21361340000294
57.76186969999981
58.2806156000006
58.792560000001686
59.32861109999067
59.86765159999777
60.39252389999456
60.91642989999673
61.44298229999549
61.95767409999098
62.46766480000224
62.9885118999955
63.51409799999965
64.025716499993
64.56148419999226
65.07569050000166
65.59458409999206
66.13189059999422
66.67438640000182
67.19460889999755
67.71181439999782
68.24843009999313
68.75854830000026
69.2764188000001
69.80061819999537
70.32590379999601
70.86760579999827
71.3825569999899
71.91067040000053
72.46504470000218
73.0047060999932
73.55057449999731
74.11862670000119
74.66857149999123
75.24333630000183
75.7545478999964
76.30055489999359
76.81578959999024
77.32567749998998
77.8396386999957
78.38766739999119
78.92339440000069
79.43789190000098
79.95457509999687
80.47761879999598
81.00638269999763
81.54150110000046
82.04964369999652
82.5825482999935
83.1241294999927
83.64572040000348
84.15961339999922
84.67053639999358
85.21575529999973
85.73764019999362
86.28270519999205
86.82462889999442
87.34378070000093
87.86963539999851
88.37564519999432
88.91263259999687
89.45167480000237
89.9881241999974
90.50358859999687
91.0405044999934
91.55856849999691
92.08461779999197
92.61365319999459
93.14262040000176
93.66579179999826
94.20381989999441
94.74971039999218
95.28801989999192
95.81852800000343
96.33963159999985
96.87310450000223
97.39258719999634
97.91098459999193
98.45185729999503
98.99973799999862
99.53758940000262
100.06647150000208
100.57856749999337
101.15763459999289
101.68615979999595
102.24164809999638
102.77315500000259
103.28060879999248
103.80452199999127
104.32056589999411
104.83910919999471
105.36310069999308
105.89386339999328
106.44465239999408
106.98329219999141
107.52974450000329
108.07669200000237
108.61632489999465
109.1532867999922
109.67059929999232
110.24577389999467
110.79168939999363
111.32060520000232
111.86165540000366
112.38661750000028
112.90003799999249
113.41061449999688
113.95769110000401
114.49164799999562
115.02670489999582
115.57069029999548
116.1036718999967
116.65057669999078
117.22580119999475
117.79707509999571
118.31979850000062
118.83574399999634
119.3799863000022
119.89255170000251
120.41865959999268
120.94772949999606
121.47001079999609
122.03568819999055
122.58376310000313
123.11573649999627
123.66173749999143
124.20404989999952
124.78604619999533
125.29895009999746
125.82813300000271
126.33662089999416
126.8716768000013
127.42167490000429
127.99112530000275
128.49977599999693
129.02184159999888
129.55058830000053
130.0746536999941
130.58782109999447
131.12182240000402
131.64660539999022
132.15371689999301
132.6646885999944
133.17555829999037
133.69428999999946
134.20780000000377
134.75516679999419
135.2797772999911
135.79779240000062
136.3165946999943
136.90767230000347
137.4206916999974
137.9565755999938
138.49256119999336
139.03867759999412
139.54666140000336
140.06779149999784
140.6146393999952
141.14583399999538
141.66180129999702
142.19167509999534
142.74167200000375
143.28463880000345
143.78912149999815
144.31787909999548
144.83068990000174
145.41270659999282
145.9550440000021
146.4946082999959
147.02367219999724
147.5517450000043
148.07369330000074
148.59421689999
149.12055939999118
149.62862570000289
150.20384229999036
150.74060829999507
151.28470009999
151.82612820000213
152.3370777999953
152.8690276999987
153.4531455999968
153.99470369999472
154.54384019999998
155.05807699999423
155.61291519999213
156.15975849999813
156.70577159999812
157.23399939999217
157.76975989999482
158.30102169999736
158.83180309999443
159.3767058999947
159.9085725999903
160.4578474000009
160.99060979999194
161.5361045000027
162.0525987000001
162.57566529999895
163.10012950000237
163.6386768999946
164.15567989999545
164.69915980000223
165.20784409999033
165.76267029999872
166.2878425999952
166.80778419999115
167.3311004999996
167.8751856000017
168.4127179999923
168.92786820000038
169.46285799999896
169.97805119999975
170.55268239999714
171.08781489999092
171.6325813000003
172.17215739999665
172.67866530000174
173.22405399999116
173.745829099993
174.2631390000024
174.77874429999792
175.30934379999235
175.82458479999332
176.33408939999936
176.87672349999775
177.41311419999693
177.949832600003
178.50257709999278
179.07778110000072
179.59071089999634
180.10570069999085
180.63986759999534
181.16859529999783
181.69578949999413
182.224850899991
182.76179079999565
183.28672019999067
183.86436720000347
184.37170360000164
184.94664100000227
185.49664450000273
186.02535820000048
186.53776609999477
187.08168209998985
187.62377059999562
188.13867459999165
188.675184599997
189.2046272000007
189.73224749999645
190.25744499999564
190.78143489999638
191.31925819999014
191.86960379999073
192.41174850000243
192.92672010000388
193.45050579999224
193.98018199999933
194.5096523999964
195.02183869999135
195.56869309999456
196.14959190000081
196.66012020000198
197.19230019999668
197.71138029999565
198.23918299999787
198.75378949999867
199.2857354000007
199.8246647999913
200.376159499996
200.90511880000122
201.41871650000394
201.950620299991
202.46582579999813
203.00862880000204
203.52586829999927
204.039718
204.58480979999877
205.12252039999294
205.6312290999922
206.1571083000017
206.68725590000395
207.1986787999922
207.73080639999534
208.25919299999077
208.78854449999926
209.32115859999612
209.83473989999038
210.36661679999088
210.87711439999111
211.38373560000036
211.89013339999656
212.4237267999997
212.9526998999936
213.4807673000032
214.01176169999235
214.54645609999716
215.07570839999244
215.63076489999366
216.16407790000085
216.68983380000282
217.2460248999996
217.79351309999765
218.3243025999982
218.8432468999963
219.37973000000056
219.90316269999312
220.44267899999977
220.97978939999302
221.5136280000006
222.02577349999046
222.5567987999966
223.08465940000315
223.63231970000197
224.14273839999805
224.67188969999552
225.18981899999199
225.7238875000039
226.24720399999933
226.79118489999382
227.30985910000163
227.84917570000107
228.3797526999988
228.91066670000146
229.42940269999963
229.96665639999264
230.48036629999115
230.9981351000024
231.50616639999498
232.0281566999911
232.55078740000317
233.13014529999055
233.66719490000105
234.20471360000374
234.72010489999957
235.24878529999114
235.76415049999196
236.2981243999966
236.8261261000007
237.35691089999455
237.88924259999476
238.40761300000304
238.9612105999986
239.5114950999996
240.04318999999668
240.5726708000002
241.0895138999913
241.60796939999273
242.13616880000336
242.65936389999115
243.18631289999757
243.723977799993
244.25275689999398
244.7606883999979
245.29668529999617
245.81532899999002
246.329877199998
246.88979159999872
247.41971600000397
247.96877680000034
248.51120719999017
249.04019020000123
249.54921199999808
250.06611469999189
250.6105966000032
251.11975789999997
251.64899950000108
252.16997190000257
252.7195603
253.23028459999477
253.75268309999956
254.2919930999924
254.80397700000321
255.3329281000042
255.85787510000227
256.3918924000027
256.9238009999972
257.4507874999981
257.984269499997
258.53121619999
259.0780097999959
259.59482279999065
260.1202168000018
260.6898166000028
261.23644310000236
261.77020109999285
262.29477439999755
262.8362180999975
263.34381900000153
263.89669700000377
264.4087512999977
264.9328012999904
265.4542303999915
265.9871783999988
266.5576068999944
267.0978347999917
267.60809969999536
268.12459659999877
268.63945609999064
269.15129139999044
269.66426059999503
270.2117098000017
270.74073219999264
271.2758216999937
271.8039104999916
272.3385208999971
272.8495496999967
273.3832495999959
273.89789429999655
274.44219479999447
274.98218920000363
275.51986970000144
276.0439328999928
276.5687365999911
277.0999290999898
277.6192883999902
278.15228310000384
278.72725280000304
279.2378808999929
279.75321260000055
280.25985629999195
280.7725799000036
281.2792572000035
281.85944949999976
282.4038562999922
282.9327156999934
283.49149499999476
284.0262442999956
284.5432202999946
285.0759231999982
285.59567100000277
286.1726894000021
286.68277990000206
287.1919305999909
287.7748670000001
288.31679139999324
288.8444512999995
289.39584450000257
289.92976289999206
290.4452259999962
290.9682952000003
291.4849438999954
291.99530529999174
292.5273332999932
293.0757312999922
293.61182009999175
294.14221949999046
294.6864504999976
295.20080439999583
295.71622239999124
296.24845259998983
296.7958495999919
297.31774079999013
297.8620271999971
298.3997101999994
298.9368164999905
299.44526680000126
299.9832185999985
300.4906655999948
301.020019100004
301.544928599993
302.07575299999735
302.6022992999933
303.1243436999939
303.64818170000217
304.16590809999616
304.7040074999968
305.2426806000003
305.79726929999015
306.3112886000017
306.8913331999938
307.40192869999737
307.97626850000233
308.48851450000075
309.02471469999
309.56216249999125
310.07081740000285
310.5778304999985
311.1166880999954
311.6622401999921
312.1996072000038
312.70783699999447
313.22388999999384
313.754365300003
314.2833260000043
314.8112640999898
315.34143960000074
315.92192310000246
316.43577070000174
316.9687530999945
317.4950608999934
318.0202639999916
318.542689599999
319.0719376999914
319.60542259999784
320.1349743000028
320.6683456000028
321.1816878999962
321.7108425000042
322.2383509999927
322.7646051999909
323.29184389999136
323.8282850999967
324.3498943000013
324.88131240000075
325.40886429999955
325.9392569999909
326.46870579999813
327.0432809999911
327.58847499999683
328.09888419999334
328.6302003000019
329.17585689999396
329.6889417999919
330.2039126000018
330.73476619999565
331.2719287999935
331.8102488000004
332.34629739999946
332.85833200000343
333.36621419999574
333.902642999994
334.40885539999
334.9312948000006
335.4496148000035
335.95885379999527
336.4893591
337.01767849999305
337.5452942999982
338.07587010000134
338.6151194999984
339.1444308999926
339.67287389999547
340.20166579999204
340.7088209999929
341.22536889999174
341.7527351000026
342.3027954999998
342.8822752999986
343.38829789999
343.9359206999943
344.4832747000037
345.0191085999977
345.55792459999793
346.0632556999917
346.6030724000011
347.1399933999928
347.66625579999527
348.2003444000002
348.77877669999725
349.34732479999366
349.85736739999265
350.38937439999427
350.9183284000028
351.44662329999846
352.0333274000004
352.57190439999977
353.0957877999899
353.612561300004
354.1446523999912
354.66986599999655
355.198321399992
355.7243749999907
356.2383081000007
356.756925099995
357.284611199997
357.8190665000002
358.348825699999
358.8980015999987
359.41024850000395
359.93930569999793
360.4526516000042
360.9808347999933
361.4985153000016
362.0448187000002
362.5708287000016
363.086773899995
363.6260242999997
364.1383396000019
364.65418430000136
365.17136379999283
365.70890399999917
366.23637649999
366.7488369999919
367.2927939999936
367.83406949999335
368.3483302999957
368.8588679999957
369.3703133999952
369.9032736999943
370.43533469999966
370.9633829999948
371.4934438999917
372.0223449999903
372.55235959999845
373.0806492999982
373.61692849999235
374.1454013999901
374.674414299996
375.20334710000316
375.7222860000038
376.23434490000363
376.74609169999894
377.27690650000295
377.8043661999982
378.3395608999999
378.85395730000164
379.38927529999637
379.9282639000012
380.456325799998
380.9853268000006
381.5143795999902
382.05183290000423
382.56202029999986
383.0789164000016
383.604027399997
384.1309104999964
384.66993699999875
385.2128687999939
385.7441305999964
386.2828582999937
386.8232352999912
387.34931459999643
387.86387649999233
388.4043443999981
388.93997690000106
389.48892659999547
390.0009513999976
390.50800889999664
391.0419183999911
391.5500769999926
392.06480019999435
392.58612269999867
393.1147879999917
393.63827019999735
394.1859887000028
394.70004399999743
395.22809170000255
395.75419839999813
396.29398069999297
396.8306972999999
397.3495743999956
397.86738189999596
398.4480438000028
398.9859062000032
399.49424620000354
400.030368199994
400.5432862000016
401.0693755999964
401.5980806000007
402.1260145999986
402.6699635999976
403.2090836999996
403.7220159999997
404.2403534000041
404.7693663999962
405.2989285999938
405.8299601000035
406.3493737999961
406.8684992999915
407.40347399999155
407.9399478999985
408.452609400003
408.97682290000375
409.48733039999206
409.9940273999964
410.5268397000036
411.054335599998
411.5743247999926
412.0849007999932
412.62337590000243
413.13412419999077
413.64984719999484
414.1713616999914
414.69614059999003
415.2103885999968
415.74836169999617
416.25638019999315
416.7649570999929
417.2809669999988
417.7933842999919
418.32738279999467
418.8893303999939
419.40453899999557
419.91839379999146
420.46012150000024
420.97228699999687
421.4847743999999
422.0115155999956
422.52244359999895
423.058472299992
423.572379499994
424.07840689999284
424.5979018999933
425.14618789999804
425.6621310999908
426.1844066999911
426.7184419999976
427.2436419000005
427.7779261999967
428.2981143999932
428.8472557999921
429.3557654000033
429.8820582999906
430.39447149999614
430.93604299999424
431.464813700004
432.00794280000264
432.5220932999946
433.042146199994
433.6140435999987
434.12494189999416
434.64016470000206
435.1828014999919
435.70545379999385
436.21189089999825
436.72082429999136
437.25413780000235
437.7663833999977
438.2728320000024
438.79357270000037
439.33395790000213
439.860884099995
440.40339399999357
440.9441716000001
441.4924517000036
442.0220658000035
442.5523908000032
443.0670045000006
443.58042739999655
444.1278333999944
444.6363732000027
445.1884110999963
445.7314592000039
446.25686470000073
446.79010559999733
447.318901599996
447.8725123999902
448.3870009999955
448.9224841999967
449.43786229999387
449.9556753999932
450.4784432000015
450.9993745999964
451.5253681000031
452.0424012000003
452.572872299992
453.0954500999942
453.6230815000017
454.1360697999917
454.64693079999415
455.2214998999989
455.7300602000032
456.2586025999917
456.8444038000016
457.35497990000295
457.87137829999847
458.39046470000176
458.9114671999996
459.44115279999096
459.9689698000002
460.48650459999044
461.0178406999912
461.5544860999944
462.09542800000054
462.63933079999697
463.15841589999036
463.68786039999395
464.258410800001
464.8049586999987
465.34010869999474
465.88884499999403
466.4337937999953
466.95018240000354
467.4841841000016
468.004946999994
468.53331980000075
469.05804499999795
469.6433804999979
470.18009449999954
470.7324147000036
471.27121369999077
471.84550539999327
472.3601900999929
472.87947559999884
473.4033675999963
473.9298737999925
474.4506995999982
474.9754418999946
475.4833750999969
476.01545569999143
476.5674710000021
477.10109169999487
477.628103199997
478.15699139999924
478.6839994000038
479.22836739999184
479.734401099995
480.2693777999957
480.8066967999912
481.32088759999897
481.84949520000373
482.3891338999965
482.9137208000029
483.4400037000014
483.9675494999974
484.4847138000041
485.0184980999911
485.5403332999995
486.05572279999615
486.56248900000355
487.0907833999954
487.60711009999795
488.14003680000314
488.68001879999065
489.2574628000002
489.76196000000346
490.2674854999932
490.7860378000041
491.2994639999961
491.84746489999816
492.3760425999935
492.8984022999939
493.4390568999952
493.97545899999386
494.51459469999827
495.04041580000194
495.55811879999237
496.10412469999574
496.6422225999995
497.1689345999912
497.72764610000013
498.25947589999123
498.8425322999974
499.39489499999036
499.92665999999736
500.4585850000003
500.9794932999939
501.50483299999905
502.01793570000154
502.52770690000034
503.0717338999966
503.6098953000037
504.15370840000105
504.6905046000029
505.21298519999254
505.76150490000146
506.3081042999984
506.8284291000018
507.337054100004
507.8804755000019
508.4214474000037
508.9684663999942
509.4873978999967
510.00424999999814
510.55101840000134
511.0665008999931
511.57353650000005
512.1151046000014
512.629488599996
513.1634420999908
513.6807664999942
514.2093698999961
514.7659964999912
515.2991597999935
515.8244698999915
516.3370775999938
516.8789649999962
517.3934467999934
517.9102052999951
518.4424653000024
518.9607294000016
519.4755115000007
519.9861538999976
520.5162655000022
521.0665657999925
521.6000060999941
522.1430009000032
522.6581102999917
523.1741122999956
523.7291528999922
524.2409763000032
524.7522465999937
525.2895399999979
525.8095194999914
526.3296549999941
526.8528581999999
527.3886192999926
527.9581098999915
528.510604199997
529.0322901999898
529.5491520999931
530.0714670000016
530.6005140999914
531.1385433999967
531.6729311999952
532.1849411000003
532.7230559000018
533.2664346999954
533.7950662999938
534.3261994999921
534.8423029999976
535.3982673999999
535.9414593999973
536.4639994000026
537.0008984000015
537.5284046000015
538.0671242999961
538.5964127999905
539.130912099994
539.6743007000041
540.1975103000004
540.7394896000042
541.2581748999946
541.7950045000034
542.3140529999946
542.8738003000035
543.3905497999949
543.9251597999973
544.4334815000038
544.9464538000029
545.4564352000016
545.9755045999918
546.4910180000006
547.0225032000017
547.5742140999937
548.0824892999954
548.5970941999985
549.1130869999906
549.6284605999972
550.1825378999929
550.7198194999946
551.2304789999907
551.7513643999991
552.2589732999913
552.7740713999956
553.3114896999905
553.8265730999992
554.3725248999981
554.920071799992
555.4331151999941
555.973472800004
556.488091399995
557.0141593000008
557.5295396000001
558.0665595000028
558.5841957999946
559.1244226999988
559.6645391999919
560.1841819999972
560.7340046000027
561.2800695999904
561.7970229999919
562.316273000004
562.8276091000007
563.410589799998
563.9282106000028
564.4501466999936
564.9991863000032
565.5126229000016
566.0265714999987
566.5380163999944
567.0872774000018
567.6205517999915
568.1331190999917
568.6409967999934
569.1770898999966
569.7240395999979
570.2464886999951
570.7904863000003
571.3039750000025
571.8132512000011
572.3601584999997
572.9025728999986
573.4214869999996
573.9275318
574.4550527999963
575.0033286999969
575.5477765999967
576.0617530000018
576.5702086999954
577.0871195999935
577.6310669999948
578.1667292999919
578.6968370999966
579.2394232999941
579.7551746999961
580.2936037999898
580.8125128999964
581.3215916999907
581.8727031000017
582.386242099994
582.9395938999951
583.4825051999942
584.0401436999964
584.5804981999972
585.1109514999989
585.6536111000023
586.1630265999993
586.722528600003
587.2458075000031
587.7906397000042
588.3064587999979
588.8195328000002
589.3631524999946
589.9177946999989
590.4617293999909
591.0075648999918
591.533523399994
592.0740201000008
592.606595499994
593.1482355999906
593.6882611000037
594.208309099995
594.7242041999998
595.239149400004
595.7750274999999
596.2865102999931
596.7996175000007
597.315205699997
597.8306908999948
598.3743847000005
598.883590700003
599.4383858999936
599.9584972000011
600.4975773999904
601.0091326999973
601.5612710999994
602.1027175999916
602.6252097999968
603.1656768999965
603.6725435999979
604.2265367999935
604.742196399995
605.2852398999967
605.8235691000009
606.3976435999939
606.9356789000012
607.456880800004
607.9707293999963
608.504183099998
609.027746599997
609.5649721999944
610.086576200003
610.633537200003
611.1455459999997
611.6721846
612.1826461000019
612.7298387999908
613.2691324000043
613.780834499994
614.2965245999949
614.8279280999996
615.3505681999959
615.8896317000035
616.4214495999913
616.957601999995
617.5419075999962
618.0839698999916
618.6500376999902
619.1911688999971
619.7105295999936
620.2466330000025
620.8276282000006
621.3751014000009
621.8890545000031
622.4397064999939
622.9595990999951
623.5110409999907
624.0526135999971
624.6044986999914
625.1215770999988
625.643235399999
626.1786434999958
626.6925828999956
627.2136900999903
627.7271077000041
628.2462015999918
628.7835775999993
629.2921787999949
629.8063012999919
630.3337688000029
630.8616065999959
631.3906631999998
631.9132680999901
632.439295499993
632.9661826999945
633.4721783999994
634.0051852000033
634.5503075000015
635.092273599992
635.6381790000014
636.2125021999964
636.760231799999
637.2922733000014
637.8356383999926
638.3911902999971
638.9222808999912
639.4693157000002
640.0102803999907
640.5512662999972
641.066255999991
641.5863880999968
642.1185769000003
642.6536600999971
643.2002584000002
643.7316427999904
644.2924302000029
644.8055958999903
645.3526031999936
645.8603563999932
646.3908504999999
646.9182291000034
647.4251414000028
647.9632753000042
648.5002284999937
649.042601299996
649.553098599994
650.0862220999988
650.6006388999958
651.1276567000023
651.6572440000018
652.1862703999941
652.7651929999993
653.2911005999922
653.849678700004
654.3812709999911
654.9103224999999
655.438198799995
655.9806258000026
656.5243030999991
657.0983211999992
657.6316366999963
658.1519402999984
658.6903345000028
659.2186498999945
659.7303642999905
660.2633313999977
660.78523519999
661.3123830999975
661.8472159999947
662.3891920000024
662.9243507999927
663.449165500002
663.9712201999937
664.4771171000029
665.0091341999942
665.5522693999956
666.061114199998
666.5904209
667.1186729999899
667.640350200003
668.1810564999905
668.6963472999923
669.2229453999898
669.7652087000024
670.2924482999952
670.8083236999955
671.3513455999928
671.8623052999901
672.3852180999966
672.8991929999902
673.4345247000019
673.9484015999915
674.4812257000012
675.0283033000014
675.5351674999984
676.0592442999914
676.607694499995
677.1531459999969
677.6884274999902
678.223021400001
678.7686804999976
679.29320249999
679.8345579000015
680.3652423000021
680.897263699997
681.4302756999969
681.9689711999963
682.4811967999995
683.0053298999992
683.5343464000034
684.0444611999992
684.5964398999931
685.125056799996
685.6565178000019
686.1835678999923
686.7096671000036
687.238977999994
687.7772675000015
688.2923190000001
688.8053049000009
689.3183389000042
689.8312877999997
690.3402709999937
690.8548143999942
691.3911498999951
691.9131280000001
692.463831400004
692.9992592999915
693.5164625000034
694.026933599991
694.5703436999902
695.0983531999955
695.624335799992
696.1440991999989
696.716663500003
697.220776599992
697.7538811999984
698.2892166999954
698.827183699992
699.3566742999974
699.8834039999929
700.4322960999998
700.9557653999946
701.4817082999944
702.0117194999912
702.5206791999954
703.0492814000027
703.594900600001
704.1005814999953
704.6356685999926
705.1723311999958
705.7234529999987
706.256338799998
706.791796199992
707.3167329999997
707.8937689000013
708.4697438000003
708.9847346000024
709.5104806000018
710.0372386999952
710.5512052999984
711.0671285999997
711.6131107999972
712.1571595999994
712.7183159999986
713.2686453999922
713.7792297999986
714.2923077000014
714.8342415999941
715.3831840999919
715.9176960000041
716.43874279999
716.9967434999999
717.5306522000028
718.0571168000024
718.5722608999931
719.1107539999939
719.6496006999951
720.1942680999928
720.7282374999922
721.2483536999935
721.762690699994
722.2787161000015
722.8357200000028
723.3735013999976
723.8936667999951
724.4286843000009
724.9661287999916
725.4897684000025
726.0037370999926
726.5433592999907
727.085262099994
727.6089727999934
728.1291485999973
728.6781836000009
729.1922986999998
729.705942200002
730.2132345999999
730.7638520000037
731.2844030999986
731.7962777999928
732.3064450999955
732.8507007000007
733.3736809999973
733.8838197000005
734.421944200003
734.94676169999
735.4916892000037
736.0212690999906
736.5577381000039
737.1032292000018
737.6224874999898
738.1363405000011
738.6442585999903
739.2142935000011
739.7567098
740.2829168000026
740.7990826000023
741.3383659999963
741.8642909999908
742.410912899999
742.9266361999908
743.438038399996
743.9885476999916
744.5033755999902
745.078494699992
745.6072166999948
746.1412694000028
746.6626484000008
747.2093216999929
747.7487767999992
748.263792800004
748.843798499991
749.3598102999968
749.9089046000008
750.4583237000043
750.9903733999963
751.5017930000031
752.0268219999998
752.5447987999942
753.0758055000042
753.5949314000027
754.1427573999972
754.7112106999994
755.2256820999901
755.7552878999995
756.2672835999983
756.7951938000042
757.3360016999941
757.8583149000042
758.3652673000033
758.9113588999899
759.4565126999951
760.0001798000012
760.5243653999933
761.0332839000039
761.5571804999927
762.09963289999
762.631750799992
763.1487505999976
763.6577498999977
764.1808451999968
764.7006079999992
765.2337181000039
765.7507060999924
766.274911200002
766.8178364999912
767.341471199994
767.8572026000038
768.4027742000035
768.9407160999981
769.4707441999926
770.0060133999941
770.5301455000008
771.0386537000013
771.5733448999963
772.1113343000034
772.6327461000037
773.1745472999901
773.7025442000013
774.2283526999963
774.7353581999923
775.2512843000004
775.7726344999974
776.3185261000035
776.854731600004
777.4233992999943
777.9353518999997
778.4578326999908
778.9672770000034
779.5058021000004
780.0264257999952
780.537374099993
781.0681364999909
781.5877854999999
782.141477600002
782.6575668000005
783.1752783999982
783.7024269999965
784.2123796999949
784.7393845999904
785.2705353999918
785.8255365999939
786.3565431000025
786.8725216000021
787.4002909999981
787.9103622999974
788.455297499997
788.9725214999926
789.5014075999934
790.0227807999909
790.6065333000006
791.1799039000034
791.7253365999932
792.2597473999922
792.7713589999912
793.3084267999948
793.8238297999924
794.363811999996
794.9103292999935
795.450571399997
795.9837954999966
796.5294048999931
797.0534236999956
797.5984723000001
798.1238130999991
798.6713193000032
799.2072549000004
799.7364128999907
800.2686049999902
800.7878384999931
801.322780100003
801.8558214999939
802.3896820999944
802.9327742000023
803.4790276999993
803.9941040999984
804.5290051999909
805.056024999998
805.5868001999916
806.1492928999942
806.6573812999995
807.1761237000028
807.7078075000027
808.2338220999955
808.7418209000025
809.266532900001
809.7842767999973
810.3248765000026
810.846764499991
811.4017700999975
811.913189999992
812.432263900002
812.9670536999911
813.5042879999964
814.0398055999976
814.6092263000028
815.1518565000006
815.6778123999975
816.2112598999956
816.7269759999908
817.2450638000009
817.7827948999911
818.3103785999992
818.8538976999989
819.3718528000027
819.892748600003
820.4377875999926
820.9487758000032
821.4878362000018
822.0113285999978
822.5245435999968
823.0689778999949
823.6067867999955
824.180311899996
824.6978023999982
825.2213873000001
825.7587484999967
826.2667218999995
826.7722697999998
827.3127883999987
827.8593837999942
828.4029844000033
828.9238363999903
829.4424415999965
829.95812689999
830.4742284999957
831.0072532999911
831.5446520999976
832.0895938000031
832.6254003999929
833.1588117999927
833.6910307999933
834.2038364999898
834.7261464999901
835.2510383999906
835.7925671999983
836.3343815999979
836.8763695999951
837.4037896999944
837.9531577000016
838.5321729999996
839.0501575999951
839.5619289000024
840.0784836999956
840.628816299999
841.1428443000041
841.6588268999913
842.2067895999935
842.732800999991
843.2568633999908
843.7663438000018
844.2984283999976
844.8079137000022
845.3513640000019
845.8945337000041
846.4324183999997
846.9707379000029
847.4996010000032
848.0274052000022
848.5473682000011
849.0913187999977
849.6269001000037
850.1414036999922
850.6673940999899
851.1949492999993
851.7324654999975
852.255739500004
852.7989103
853.3135084999958
853.8245246000006
854.3564403999917
854.8875554999977
855.4665443999984
856.0434947000031
856.5724279999995
857.1016725999943
857.6274266999972
858.1354452999949
858.6474430999951
859.1694642999937
859.6845574000035
860.2140485999989
860.7494313999923
861.2594568999921
861.8067701999971
862.3174177999899
862.8388005000015
863.3444867999933
863.8860726999992
864.4084671000019
864.9344528999936
865.4816438999987
865.9945395999966
866.5220742999954
867.0293686999939
867.5693071999995
868.1154124000022
868.6353742999927
869.1591942999949
869.6999073000043
870.2486867999978
870.7874482999905
871.2998853000026
871.8109206999943
872.3350247999915
872.862656199999
873.3966557999956
873.9250537999906
874.4531714999903
874.9789258999954
875.5134766999981
876.0426681999961
876.5704519999999
877.1009264000022
877.6273351999989
878.1758477999974
878.683486599999
879.2205308999983
879.7564400999981
880.3067607999983
880.8312301999977
881.3594984999945
881.8926802999922
882.439922599995
882.9553607999987
883.4688447999943
884.0008491999906
884.5566462999996
885.0969134000043
885.6564988000027
886.1658908999962
886.685364399993
887.1991549999948
887.7347388999915
888.2438814999914
888.7673897999921
889.3079136000015
889.8279121999949
890.3599603999901
890.9328565000033
891.4699076999968
892.017812399994
892.5467954999913
893.0758657999977
893.6128446999937
894.1495250000007
894.7209044999909
895.2408186999965
895.7758728999906
896.3174665999977
896.8589537999942
897.3988897999952
897.9334930999903
898.4828340999957
899.0127525999997
899.5306794999924
900.0648289999954
900.5994902999955
901.13943499999
901.6474725000007
902.1565914999956
902.7025208999985
903.2315792000009
903.7604326000001
904.2940216999996
904.8274900999968
905.3584391999902
905.8879041999899
906.4019016999955
906.9301972999965
907.458924999999
908.0027105999907
908.5391707999952
909.1079620999953
909.6507262999949
910.1809734999988
910.7266510999907
911.2579874999938
911.7673959999956
912.2857742999913
912.8135429999966
913.3335835000034
913.8795027000015
914.3946686999989
914.9199334000004
915.4483979999932
915.9759629000037
916.4946947999997
917.0308258000005
917.5647155000042
918.0986794999917
918.6419547999976
919.1494250999967
919.6681977999979
920.200459300002
920.7424040999904
921.2494938000018
921.7865221999964
922.3167549999926
922.8339581999899
923.3665801000025
923.9035069999954
924.4479697999923
924.9810662999953
925.5271723999904
926.0584157999983
926.576562000002
927.0974915999977
927.6341452999914
928.1573149000033
928.6859656000015
929.2267554999999
929.7531745000015
930.2785406000039
930.7946680000023
931.3066813999903
931.8325921999931
932.3454476000043
932.8924588999944
933.4345583999966
933.9454317999916
934.4801146999962
935.0008678000013
935.5105739999999
936.021536500004
936.5625136000017
937.1070115000039
937.6449025000038
938.1829445000039
938.693440899995
939.226620100002
939.7365292000031
940.2445506999939
940.7613292000024
941.2704529999901
941.8025442999933
942.338288400002
942.8732646999997
943.4130017999996
943.9268277999945
944.441508399992
944.954914899994
945.4920799999963
946.0097690999974
946.5415689999936
947.080656399994
947.6106068999943
948.153327299995
948.6935128000041
949.2612090000039
949.7723418999958
950.2945762000018
950.8042921000015
951.3554905999918
951.8940486999927
952.4370434000011
952.9524333000008
953.476960999993
954.0129474999994
954.5349005000025
955.0599355000013
955.5693877000012
956.1143201999948
956.6468827999925
957.2228785999905
957.7479118999909
958.2622648999968
958.807541999995
959.3246345999942
959.8510856999928
960.394541200003
960.9347766999999
961.4509811000025
961.9689580999984
962.4789279999968
963.0229584999906
963.5336527000036
964.0507919999945
964.5619731999905
965.0867904000042
965.6085752999934
966.144202800002
966.6836532000016
967.2040414999938
967.7327479999949
968.2466856999963
968.7953500000003
969.3406926000025
969.8576040999906
970.3846574999916
970.9587860000029
971.5104829999909
972.0435088999948
972.5739472999994
973.0885729000001
973.6360064000037
974.147985699994
974.7306570999936
975.2539553999959
975.7980243999918
976.3094755999919
976.8425919000001
977.4240405000019
977.9355781999911
978.4715680999943
979.0135190000001
979.5975153999898
980.1435175999941
980.6883449000015
981.2180033999903
981.7429990999954
982.2906335000007
982.8659374999988
983.3954615999974
983.9216525999946
984.471616099996
985.0047454000014
985.5279936000006
986.0655037999968
986.6024771999946
987.1155574000004
987.6390236000007
988.1661288000032
988.6986496000027
989.2240411999956
989.7370886999997
990.2515419999982
990.7666381000017
991.2788902000029
991.7887602999981
992.3165404000029
992.8335122999997
993.3472175999923
993.8784320999985
994.4184781999938
994.9392102999991
995.4604001999978
995.9695050000009
996.4836092000041
996.9888570999901
997.525112599993
998.0620204000006
998.5814736000029
999.1374417999905
999.6760225000035
1000.1850185999938
1000.7036287999945
1001.2427508999972
1001.7869999999966
1002.3100599000027
1002.8467082999996
1003.3590356999921
1003.8836830999935
1004.4286720999953
1004.9416694999964
1005.4674582000007
1006.006635800004
1006.5284455999936
1007.0666966999997
1007.577529599992
1008.1031174999953
1008.6081129999948
1009.1805872999976
1009.7027963
1010.2299927999993
1010.7586314999935
1011.2676221000002
1011.7897314000002
1012.34359579999
1012.8560296999931
1013.3749624999909
1013.8952400999988
1014.4326804000011
1014.9670054000017
1015.5029782999918
1016.0440124000015
1016.5650078000035
1017.0904894999985
1017.6154693999997
1018.153681900003
1018.69276179999
1019.2170389999956
1019.7639898999914
1020.300986000002
1020.8360034999932
1021.3529897999979
1021.8668124999967
1022.381504399993
1022.9030858000042
1023.4461443999899
1023.9870456999924
1024.5123109999986
1025.0306343999982
1025.5736256999953
1026.0986390000035
1026.6439904
1027.1785581000004
1027.6990327999956
1028.2416464999988
1028.761905899999
1029.2889638999914
1029.827962299998
1030.3366805999976
1030.8526053999958
1031.3946829999913
1031.9116485999984
1032.4185257999925
1032.938487099993
1033.4493308999954
1033.9756595999934
1034.5235389000009
1035.0604732999927
1035.5840159999934
1036.1276590999914
1036.6388376999967
