92.14
92.14
91.58
91.62
91.86
92.05
92.25
92.54
92.67
92.75
92.91
92.98
93.14
93.14
93.29
93.31
93.3
93.3
93.35
93.13
93.16
93.22
93.23
93.22
93.25
93.22
93.24
93.31
93.35
93.17
93.2
93.1
93.09
93.55
93.07
93.08
93.25
93.23
93.36
93.37
93.32
93.32
93.5
93.49
93.25
93.28
93.37
93.36
93.22
93.22
93.41
93.47
93.47
93.56
93.72
93.54
93.57
93.65
93.68
93.89
93.91
93.61
93.64
93.98
94.05
93.81
93.85
94.01
94.03
93.87
94.02
94.04
94.14
94.13
94.04
94.02
94.03
94.15
94.15
94.18
94.28
94.32
94.31
94.38
94.76
94.8
94.67
94.49
94.48
94.46
94.47
94.8
94.82
94.54
94.55
94.43
94.47
94.5
94.52
94.67
94.72
94.74
94.81
94.62
95.07
95.07
94.78
94.81
94.89
94.94
95.24
95.29
95.25
95.3
95.28
95.24
95.11
95.13
95.16
95.4
95.46
95.5
95.53
95.49
95.52
95.57
95.62
95.71
95.73
95.62
95.64
95.74
95.76
95.8
95.81
96.0
95.85
95.84
95.85
95.84
95.87
95.86
95.9
95.95
95.98
96.03
96.2
96.23
95.98
95.98
96.0
96.04
96.05
96.3
96.33
96.41
96.42
96.44
96.43
96.44
96.41
96.2
96.21
96.46
96.48
96.38
96.38
96.26
96.27
96.28
96.32
96.4
96.75
96.78
96.47
96.5
96.49
96.52
96.54
96.58
96.55
96.55
96.63
96.66
96.62
96.73
96.74
96.79
96.79
96.84
96.86
96.87
96.88
97.04
97.05
96.94
96.92
96.98
96.99
96.88
96.9
96.95
96.97
97.0
97.28
97.32
97.16
97.18
97.01
97.02
97.22
97.24
97.16
97.19
97.16
97.32
97.33
97.37
97.39
97.35
97.33
97.33
97.29
97.07
97.09
97.29
97.33
97.49
97.51
97.4
97.42
97.61
97.6
97.64
97.65
97.66
97.39
97.41
97.47
97.49
97.42
97.47
97.48
97.5
97.51
97.52
97.68
97.75
97.77
97.78
97.81
97.7
97.75
97.83
97.87
97.98
98.0
98.09
98.11
97.88
97.93
98.25
98.28
97.99
98.0
98.11
98.15
98.17
98.22
98.26
98.27
98.29
98.32
98.33
98.18
98.22
98.25
98.26
98.38
98.39
98.45
98.44
98.45
98.46
98.46
98.37
98.37
98.66
98.67
98.57
98.57
98.56
98.5
98.5
98.51
98.47
98.48
98.43
98.4
98.46
98.46
98.49
98.5
98.54
98.87
98.9
98.54
98.54
98.96
98.98
98.6
98.63
98.83
98.84
98.84
98.83
98.86
98.84
98.87
98.92
98.93
98.87
98.91
99.12
99.14
99.21
99.23
99.08
99.12
99.19
99.2
99.16
99.09
99.09
99.02
99.0
98.93
98.93
98.95
99.0
99.11
99.17
99.25
99.27
99.28
99.27
99.29
99.31
99.19
99.32
99.31
99.41
99.38
99.2
99.17
99.25
99.23
99.33
99.28
99.16
99.15
99.18
99.15
99.17
99.12
99.06
99.05
99.03
99.22
99.22
98.89
98.89
98.99
99.0
98.88
98.93
99.33
99.35
99.07
99.08
99.14
99.28
99.32
99.04
99.05
99.15
99.15
99.45
99.45
99.04
99.06
99.26
99.28
99.1
99.11
99.28
99.36
99.36
99.33
99.3
99.19
99.17
99.06
99.07
99.08
99.08
99.09
99.07
99.07
99.06
99.29
99.29
99.31
99.21
99.23
99.33
99.37
99.38
99.39
99.42
99.45
99.51
99.56
99.58
99.59
99.66
99.71
100.04
99.92
100.0
99.86
99.87
99.87
99.88
99.92
99.96
100.1
100.15
100.08
100.09
100.11
100.12
100.23
100.27
100.2
100.23
100.28
100.12
100.15
100.52
100.53
100.49
100.48
100.28
100.27
100.27
100.26
100.17
100.2
100.3
100.3
100.26
100.21
100.22
100.17
100.21
100.23
100.23
100.44
100.43
100.46
100.47
100.49
100.48
100.54
100.57
100.81
100.81
100.83
100.69
100.73
100.75
100.75
100.72
100.72
100.91
100.93
101.12
101.16
101.06
101.07
101.24
101.27
101.16
101.18
101.19
101.29
101.33
101.32
101.38
101.39
101.4
101.38
101.4
101.61
101.64
101.23
101.26
101.28
101.33
101.34
101.6
101.65
101.46
101.48
101.49
101.51
101.64
101.66
101.92
101.97
101.96
101.96
101.96
101.97
101.61
101.63
101.92
101.96
101.95
102.0
101.98
101.71
101.71
101.87
101.9
101.91
101.93
101.8
101.79
102.0
102.02
102.0
102.17
102.17
102.12
102.12
102.18
102.19
102.21
102.26
102.34
102.39
102.35
102.36
102.19
102.2
102.25
102.26
102.22
102.21
102.22
102.23
102.23
102.22
102.21
102.35
102.35
102.14
102.2
102.24
102.22
102.46
102.43
102.22
102.22
102.11
102.08
102.09
102.12
102.12
102.29
102.28
102.37
102.38
102.32
102.34
102.43
102.44
102.25
102.25
102.24
102.24
102.21
102.41
102.46
102.39
102.4
102.38
102.4
102.51
102.46
102.47
102.41
102.32
102.33
102.43
102.42
102.42
102.36
102.34
102.36
102.38
102.67
102.67
102.7
102.73
102.72
102.73
102.48
102.45
102.37
102.39
102.48
102.53
102.53
102.93
102.92
102.95
102.98
103.02
103.04
102.71
102.68
102.95
102.95
102.99
103.0
103.02
103.02
102.69
102.67
102.66
102.64
102.59
102.69
102.62
102.52
102.53
102.57
102.58
102.6
102.55
102.6
102.55
102.36
102.32
102.33
102.38
102.37
102.35
102.37
102.5
102.52
102.54
102.53
102.45
102.46
102.28
102.27
102.51
102.52
102.47
102.51
102.62
102.64
102.59
102.34
102.3
102.39
102.38
102.51
102.52
102.38
102.38
102.4
102.39
102.63
102.63
102.27
102.27
102.45
102.73
102.77
102.72
102.76
102.53
102.59
102.61
102.62
102.65
102.68
102.94
102.96
102.89
102.95
102.82
102.83
102.87
102.85
102.89
103.3
103.33
103.03
103.1
103.14
103.2
103.2
103.2
103.31
103.33
103.22
103.23
103.83
103.79
103.76
103.33
103.3
103.15
103.14
103.24
103.22
103.07
103.07
103.43
103.43
103.12
103.14
103.17
103.17
103.17
103.25
103.28
103.32
103.35
103.44
103.48
103.29
103.34
103.68
103.67
103.74
103.73
103.56
103.55
103.47
103.53
103.73
103.63
103.61
103.77
103.77
103.79
103.79
103.83
103.84
103.72
103.76
103.58
103.61
103.84
103.9
104.01
103.9
103.93
104.15
104.21
104.24
104.3
104.55
104.57
104.45
104.48
104.54
104.57
104.62
104.71
104.7
104.74
104.81
104.81
104.89
104.91
104.88
104.81
104.82
104.72
104.74
104.81
104.84
104.85
104.84
105.01
105.02
104.93
104.93
104.95
104.99
104.98
105.03
105.06
105.02
105.03
104.89
104.88
105.27
105.3
105.21
105.28
105.16
105.23
105.52
105.46
105.56
105.65
105.68
105.8
105.84
105.88
105.95
106.19
106.26
106.45
106.48
106.25
106.3
106.39
106.48
106.57
106.46
106.49
106.78
106.82
106.78
106.79
106.78
106.81
106.77
106.79
106.82
106.86
107.04
107.05
107.02
107.05
107.17
107.47
107.5
107.35
107.36
107.27
107.32
107.64
107.66
107.51
107.55
107.65
107.69
107.76
107.87
108.08
108.02
108.11
108.33
108.42
108.3
108.35
108.94
109.0
108.71
108.78
108.62
108.66
108.89
108.94
108.87
108.9
108.95
109.06
109.1
109.31
109.42
109.35
109.37
109.07
109.05
109.49
109.53
109.33
109.43
109.53
109.62
109.65
109.68
109.76
109.7
109.74
109.78
109.83
110.01
110.02
110.15
110.21
110.46
110.52
110.54
110.58
110.28
110.36
110.56
110.62
110.51
110.61
110.65
110.67
110.66
110.56
110.59
110.94
110.97
110.87
110.93
110.99
111.02
111.08
111.1
111.15
111.43
111.47
111.33
111.36
111.23
111.23
111.29
111.28
111.35
111.36
111.22
111.26
111.4
111.45
111.27
111.29
111.49
111.53
111.61
111.98
112.03
111.95
111.97
111.81
111.85
111.94
111.97
111.91
111.94
111.96
111.96
111.88
111.8
111.9
111.76
111.7
111.54
111.45
111.58
111.54
111.23
111.21
111.18
111.16
111.31
111.25
111.2
111.16
111.3
111.27
111.01
111.19
111.17
110.97
110.94
111.09
111.05
111.04
111.03
111.04
111.06
110.88
110.87
111.22
111.22
110.91
110.83
110.83
110.82
110.76
110.77
110.74
110.56
110.51
110.47
110.41
110.4
110.35
110.44
110.44
110.5
110.46
110.59
110.27
110.26
110.1
110.08
110.24
110.14
110.03
110.01
110.08
110.06
109.8
109.84
109.95
109.93
110.2
110.17
109.8
109.74
109.69
109.46
109.39
109.44
109.34
109.23
109.15
109.47
109.41
108.89
108.86
109.25
109.18
108.88
108.85
108.97
108.95
108.94
108.87
108.87
108.93
108.91
109.07
109.09
108.94
108.94
108.89
108.86
108.75
108.71
108.54
108.49
108.52
108.5
108.49
108.61
108.57
108.84
108.85
108.44
108.43
108.5
108.49
108.55
108.51
108.49
108.5
108.53
108.57
108.6
108.73
108.75
108.46
108.48
108.43
108.44
108.58
108.57
108.54
108.54
108.51
108.49
108.61
108.57
108.25
108.23
108.53
108.5
108.45
108.61
108.64
108.64
108.65
108.66
108.65
108.51
108.51
108.37
108.35
108.36
108.41
108.41
108.45
108.91
108.89
108.56
108.6
108.62
109.0
109.04
109.04
109.06
109.09
109.12
108.74
108.75
108.83
108.8
108.79
108.78
108.9
108.61
108.62
108.85
108.78
109.12
109.06
108.61
108.55
108.52
108.52
108.46
108.47
108.49
108.5
108.77
108.76
109.05
108.6
108.61
108.75
108.74
108.76
108.77
108.81
108.81
108.79
108.82
108.86
108.88
108.93
108.9
109.03
109.01
109.12
108.93
108.96
109.08
109.09
109.07
109.03
109.06
109.05
109.1
109.13
108.82
108.83
109.07
109.06
109.06
109.02
108.64
108.6
108.58
108.78
108.76
108.76
108.78
108.53
108.53
108.54
108.58
108.64
108.69
108.86
108.89
108.88
108.73
108.76
108.84
108.87
108.88
108.89
108.84
108.84
108.91
108.93
109.02
109.05
109.06
109.09
109.13
109.18
109.2
109.3
109.33
109.3
109.27
109.03
108.98
108.89
108.88
108.91
108.91
108.73
108.72
109.14
109.11
108.7
108.7
108.61
108.61
108.62
108.66
108.66
108.58
108.53
108.58
108.56
108.41
108.41
108.54
108.51
108.48
108.45
108.45
108.52
108.51
108.54
108.53
108.52
108.47
108.49
108.46
108.24
108.25
108.19
108.19
108.22
108.24
108.29
108.31
108.27
108.27
108.26
108.04
108.04
108.43
108.43
108.01
108.0
108.04
108.04
108.37
108.34
108.26
108.29
108.03
108.03
108.03
108.05
108.07
108.24
108.21
108.1
108.06
107.95
107.91
108.06
108.01
107.95
107.9
107.81
107.94
107.92
107.78
107.77
107.65
107.62
107.55
107.53
107.91
107.9
107.79
107.77
107.62
107.64
107.89
107.88
107.48
107.54
107.55
107.65
107.65
107.47
107.48
107.48
107.46
107.46
107.43
107.71
107.73
107.64
107.56
107.55
107.56
107.56
107.46
107.44
107.46
107.46
107.47
107.48
107.48
107.52
107.48
107.48
107.47
107.49
107.53
107.55
107.57
107.8
107.83
107.58
107.61
107.74
107.75
107.83
107.82
107.74
107.75
107.64
107.67
107.83
107.83
107.85
107.86
107.83
107.94
107.96
107.84
107.84
108.21
108.19
107.9
107.91
108.18
108.2
108.2
108.21
108.22
108.24
108.03
108.04
108.25
108.14
108.17
108.18
108.22
108.24
108.26
108.36
108.31
108.35
108.34
108.19
108.22
108.46
108.46
108.35
108.36
108.2
108.31
108.33
108.36
108.42
108.66
108.67
108.66
108.65
108.59
108.59
108.24
108.21
108.19
108.18
108.12
108.26
108.24
108.31
108.33
108.41
108.43
108.36
108.32
108.24
108.25
108.15
108.16
108.28
108.21
108.34
108.29
108.14
108.2
108.18
107.97
107.95
108.0
107.99
107.94
107.92
107.93
107.89
107.89
107.9
107.89
107.87
107.9
107.87
107.94
107.98
108.13
108.06
108.1
108.03
108.05
108.03
108.0
108.16
108.15
108.11
108.14
108.14
108.14
108.15
108.16
108.07
108.22
108.24
108.02
108.03
108.11
108.11
108.09
108.02
107.94
107.92
107.84
107.81
107.84
107.84
107.88
107.86
107.7
107.94
107.89
107.63
107.61
107.59
107.56
107.59
107.57
107.72
107.73
107.63
107.64
107.54
107.54
107.67
107.85
107.86
107.8
107.75
107.49
107.4
107.47
107.48
107.47
107.47
107.44
107.42
107.54
107.48
107.31
107.34
107.64
107.46
107.43
107.43
107.44
107.43
107.45
107.46
107.47
107.55
107.49
107.14
107.08
107.18
107.13
107.28
107.24
107.24
107.24
107.23
107.03
107.07
107.13
107.15
107.04
107.05
107.15
107.15
107.56
107.61
107.07
107.11
107.25
107.45
107.46
107.48
107.51
107.52
107.53
107.27
107.32
107.74
107.8
107.82
107.84
107.55
107.53
107.56
107.5
107.64
107.73
107.74
107.34
107.29
107.39
107.36
107.19
107.15
107.39
107.32
107.25
107.19
107.17
107.17
106.94
106.92
106.96
107.02
107.02
107.01
107.0
106.99
107.01
106.83
106.85
107.15
107.18
107.24
107.23
107.21
107.16
107.03
107.02
106.75
107.04
107.04
107.03
107.04
107.06
107.07
107.01
107.04
107.13
107.12
107.17
107.18
107.08
107.1
107.11
107.07
107.05
107.09
107.1
107.39
107.44
107.17
107.2
107.33
107.34
107.1
107.12
107.12
107.11
107.14
107.18
107.53
107.54
107.27
107.28
107.28
107.41
107.45
107.26
107.26
107.28
107.27
107.31
107.3
107.38
107.36
107.39
107.38
107.23
107.21
107.24
107.04
107.04
107.31
107.32
107.17
107.2
107.12
107.11
107.12
107.15
107.16
107.15
107.1
107.11
107.37
107.42
107.31
107.39
107.4
107.42
107.4
107.43
107.46
107.33
107.31
107.52
107.5
107.36
107.32
107.48
107.45
107.3
107.46
107.43
107.43
107.4
107.37
107.36
107.4
107.35
107.16
107.14
107.13
107.12
107.14
107.14
107.22
107.21
107.14
107.09
107.13
107.24
107.27
107.28
107.27
107.24
107.27
107.51
107.51
107.43
107.4
107.05
107.07
107.11
107.52
107.52
107.14
107.13
107.11
107.07
107.23
107.27
107.2
107.22
107.52
107.5
107.33
107.34
107.28
107.28
107.2
107.27
107.29
107.38
107.39
107.42
107.42
107.47
107.47
107.75
107.78
107.52
107.52
107.55
107.55
107.72
107.72
107.74
107.65
107.66
107.73
107.74
107.69
107.7
107.78
107.77
107.76
107.78
108.08
108.11
107.99
108.02
108.03
108.05
108.11
108.14
108.09
108.12
108.16
108.18
108.22
108.41
108.39
108.26
108.27
108.26
108.22
108.21
108.19
108.15
108.13
108.36
108.38
108.42
108.25
108.24
108.31
108.34
108.33
108.38
108.26
108.32
108.32
108.34
108.38
108.38
108.48
108.51
108.38
108.83
108.84
108.56
108.58
108.59
108.63
108.83
108.84
108.76
108.74
108.54
108.51
108.57
108.57
108.49
108.52
108.38
108.36
108.36
108.62
108.61
108.57
108.59
108.89
108.93
108.92
108.93
108.72
108.69
109.1
109.04
108.29
108.58
108.58
108.36
108.35
108.35
108.35
108.63
108.65
108.37
108.38
108.39
108.42
108.33
108.35
108.5
108.35
108.35
108.7
108.7
108.62
108.64
108.61
108.59
108.48
108.44
108.64
108.64
108.34
108.31
108.3
108.22
108.44
108.17
108.13
108.23
108.17
108.28
108.24
108.1
108.1
107.91
107.89
107.95
107.88
107.64
107.64
107.65
107.81
107.76
107.71
107.67
107.59
107.56
107.53
107.46
107.45
107.43
107.36
107.36
107.28
107.29
107.3
107.69
107.67
107.2
107.17
107.35
107.39
107.53
107.55
107.4
107.41
107.41
107.36
107.32
107.25
107.06
107.05
107.39
107.38
107.21
107.22
107.19
107.01
107.0
106.97
106.96
106.96
106.97
107.16
107.18
107.0
107.0
107.02
106.99
107.0
106.88
106.91
107.0
107.04
107.06
107.07
107.13
107.17
107.57
107.62
107.37
107.4
107.19
107.23
107.35
107.36
107.4
107.42
107.46
107.54
107.54
107.65
107.67
107.64
107.62
107.64
107.66
107.64
107.7
107.8
107.84
107.92
107.96
107.7
107.71
107.94
107.93
107.92
107.91
107.89
108.04
108.07
108.05
108.07
107.84
107.87
108.31
108.31
108.02
108.04
107.95
107.96
107.96
107.96
107.95
108.33
108.34
107.97
107.96
107.92
107.92
107.94
107.96
108.08
108.08
107.96
107.98
108.3
108.08
108.09
108.23
108.24
108.27
108.29
108.56
108.57
108.33
108.31
108.49
108.5
108.21
108.24
108.42
108.43
108.37
108.48
108.48
108.25
108.25
108.25
108.25
108.26
108.27
108.36
108.39
108.69
108.68
108.41
108.43
108.41
108.36
108.34
108.47
108.5
108.31
108.33
108.4
108.41
108.39
108.36
108.37
108.35
108.38
108.39
108.54
108.56
108.28
108.42
108.4
108.33
108.26
108.23
108.21
108.12
108.1
107.96
107.98
107.95
107.93
107.92
107.92
107.85
107.93
107.92
107.93
107.94
107.92
107.97
108.11
108.13
108.41
108.43
108.2
108.22
108.25
108.26
108.3
108.3
108.29
108.37
108.38
108.36
108.38
108.36
108.38
108.18
108.17
108.15
108.14
108.11
108.11
108.24
108.21
107.96
107.91
108.02
108.17
108.19
108.19
108.16
108.03
108.04
107.96
107.94
108.05
107.99
108.35
108.32
107.89
107.87
107.84
108.02
108.02
107.88
107.92
107.93
107.95
108.17
108.19
107.91
107.94
108.18
108.17
108.27
108.28
108.07
107.92
107.92
108.31
108.31
108.13
108.12
108.07
108.06
108.01
108.0
108.01
107.98
107.83
107.83
107.84
107.83
107.85
107.85
108.22
107.84
107.8
107.79
107.8
107.81
107.81
107.88
107.88
107.66
107.57
107.74
107.73
107.8
107.81
107.75
107.75
107.74
107.61
107.57
107.58
107.51
107.78
107.73
107.37
107.37
107.21
107.21
107.21
107.19
107.39
107.4
107.13
107.15
107.11
107.11
107.05
106.95
106.95
107.01
107.03
107.05
107.06
107.07
107.02
106.96
106.97
107.44
107.46
107.48
107.59
107.62
107.33
107.32
107.25
107.28
107.41
107.44
107.37
107.36
107.38
107.38
107.36
107.35
107.38
107.28
107.3
107.2
107.17
107.43
107.45
107.06
107.07
107.29
107.34
107.57
107.6
107.27
107.28
107.32
107.33
107.34
107.41
107.43
107.59
107.59
107.62
107.65
107.7
107.73
107.68
107.66
107.5
107.54
107.8
107.84
107.76
107.76
108.03
107.8
107.81
107.96
107.97
108.04
108.0
107.92
107.95
107.85
107.89
107.86
107.84
107.8
107.79
107.76
107.89
107.89
107.86
107.79
107.79
107.78
107.78
107.8
107.77
107.8
107.75
107.81
107.83
107.85
107.92
107.91
107.93
107.9
107.92
107.95
107.94
107.91
107.92
107.97
108.01
108.07
108.08
108.29
108.31
108.07
108.07
108.09
108.12
108.15
108.23
108.26
108.27
108.25
107.88
107.87
108.28
108.27
108.29
108.31
108.25
108.26
108.27
108.3
108.41
108.41
108.61
108.32
108.34
108.39
108.36
108.36
108.31
108.26
108.24
108.19
108.21
108.38
108.39
108.08
108.05
108.33
108.51
108.48
108.47
108.48
108.48
108.51
108.17
108.16
108.12
108.08
108.08
108.08
108.05
108.08
108.1
108.08
108.23
108.13
108.13
108.24
108.24
108.08
108.07
108.3
108.32
108.38
108.41
108.26
108.34
108.31
108.36
108.35
108.39
108.43
108.46
108.49
108.44
108.45
108.48
108.46
108.38
108.34
108.32
108.32
108.54
108.55
108.33
108.36
108.39
108.47
108.48
108.75
108.73
108.5
108.52
108.38
108.4
108.52
108.53
108.51
108.52
108.59
108.6
108.53
108.52
108.56
108.71
108.74
108.94
108.96
108.93
108.96
108.93
108.95
108.95
108.96
108.77
108.78
108.75
108.81
108.79
108.87
108.87
108.95
108.95
108.93
108.96
109.02
109.03
109.18
109.23
109.31
109.31
109.34
109.34
109.27
109.27
109.18
109.23
109.27
109.44
109.47
109.36
109.39
109.44
109.45
109.45
109.44
109.39
109.41
109.34
109.35
109.35
109.35
109.34
109.49
109.48
109.31
109.34
109.58
109.6
109.54
109.6
109.7
109.73
109.67
109.69
109.63
109.62
109.6
109.6
109.99
109.71
109.74
110.09
110.12
109.83
109.84
109.88
109.88
110.0
110.01
110.11
110.11
110.1
110.08
110.08
110.08
109.87
109.91
109.9
110.09
110.1
109.86
109.85
109.93
109.93
109.84
109.85
109.93
109.95
109.99
110.01
110.0
110.01
109.99
109.89
109.89
109.91
109.9
109.95
109.98
110.22
110.2
109.94
109.9
109.8
109.76
109.76
109.72
109.59
109.6
109.77
109.79
109.91
109.98
109.99
109.93
109.91
109.77
109.77
109.89
109.89
109.75
109.75
110.06
110.05
109.78
109.78
109.86
109.82
109.82
109.8
109.75
109.77
109.81
109.8
109.81
109.84
109.82
109.73
109.73
109.9
109.91
110.03
110.04
110.01
110.01
109.82
109.85
109.81
109.9
109.91
109.92
109.89
109.87
109.86
109.67
109.64
109.84
109.84
109.7
109.67
109.83
109.82
109.85
109.81
109.81
109.78
109.76
109.65
109.63
109.62
109.58
109.5
109.46
109.19
109.13
109.35
109.29
109.27
109.24
109.21
109.16
109.12
109.22
109.17
108.96
108.9
108.77
108.7
108.59
108.58
108.97
108.99
108.68
108.68
108.51
108.46
108.43
108.44
108.42
108.54
108.48
108.58
108.57
108.8
108.81
108.41
108.44
108.48
108.5
108.55
108.56
108.55
108.57
108.57
108.43
108.43
108.63
108.56
108.34
108.3
108.39
108.38
108.15
108.12
108.12
108.09
108.23
108.08
108.07
108.04
108.07
108.08
108.12
108.13
108.14
108.29
108.3
108.2
108.24
108.31
108.32
108.57
108.56
108.33
108.54
108.58
108.44
108.45
108.44
108.42
108.56
108.52
108.21
108.19
108.42
108.41
108.36
108.26
107.92
108.28
108.25
108.02
108.01
108.02
108.03
108.02
108.02
108.01
108.0
108.02
108.02
108.05
108.05
107.84
107.8
107.79
107.98
107.99
108.13
108.1
108.01
108.02
107.92
107.93
107.83
107.85
107.84
107.8
107.8
107.79
107.77
107.78
107.9
107.87
107.79
108.03
108.04
107.7
107.72
107.94
107.97
107.82
107.85
107.91
107.89
107.96
107.9
107.68
107.68
107.64
107.62
107.62
107.63
107.61
107.68
107.65
107.65
107.61
107.47
107.49
107.83
107.84
107.46
107.44
107.8
107.81
107.46
107.5
107.56
107.9
107.92
107.67
107.71
107.7
107.69
107.65
107.64
107.62
107.55
107.75
107.75
107.61
107.62
107.59
107.56
107.54
107.48
107.47
107.41
107.43
107.79
107.76
107.41
107.4
107.3
107.29
107.47
107.47
107.37
107.35
107.62
107.65
107.65
107.43
107.47
107.79
107.79
107.65
107.65
107.69
107.72
107.72
107.72
107.63
107.63
107.85
107.84
107.87
107.87
107.87
107.78
107.75
108.02
108.02
107.65
107.65
107.73
107.73
108.04
108.04
107.74
107.73
107.68
107.69
107.66
107.68
107.59
107.98
107.98
108.0
108.06
108.08
108.08
107.74
107.73
107.84
107.87
108.28
108.28
108.45
108.42
108.22
108.25
108.07
108.0
108.0
108.02
108.03
108.02
108.04
108.32
108.31
108.05
108.06
108.03
108.04
108.05
108.04
108.24
108.26
108.24
108.17
108.19
108.33
108.36
108.26
108.28
108.25
108.24
108.24
108.24
108.27
108.29
108.35
108.32
108.3
108.27
108.37
108.52
108.51
108.36
108.37
108.43
108.46
108.52
108.5
108.26
108.22
108.15
108.16
108.63
108.62
108.24
108.25
108.5
108.48
108.25
108.24
108.24
108.25
108.28
108.49
108.49
108.36
108.35
108.41
108.46
108.48
108.5
108.44
108.45
108.48
108.5
108.51
108.64
108.63
108.5
108.49
108.49
108.51
108.52
108.54
108.56
108.57
108.53
108.55
108.56
108.62
108.79
108.89
108.9
108.67
108.66
109.12
109.15
108.72
108.7
108.76
108.76
108.92
108.94
109.0
109.02
108.92
108.94
108.88
108.9
109.14
109.14
109.15
109.14
109.13
108.78
108.78
109.05
109.02
108.8
108.81
108.83
108.85
109.09
109.12
109.09
109.12
108.95
108.95
108.97
109.07
109.08
109.05
109.05
109.18
109.16
109.3
109.28
109.28
109.28
109.27
109.28
109.15
109.14
109.18
109.19
109.21
109.24
109.28
109.16
109.21
109.22
109.17
109.17
109.14
109.11
109.12
109.19
109.16
109.18
108.99
108.98
109.05
109.05
109.0
109.01
109.12
109.07
108.79
108.73
108.78
108.73
108.69
108.66
108.67
108.66
108.71
108.8
108.79
108.62
108.62
108.62
108.61
108.61
108.58
108.69
108.71
108.62
108.62
108.63
108.66
108.87
108.84
108.8
108.74
108.74
108.58
108.59
108.59
108.6
108.58
108.62
108.83
108.82
108.77
108.75
108.64
108.65
108.55
108.56
108.57
108.56
108.43
108.54
108.51
108.56
108.52
108.46
108.46
108.4
108.38
108.43
108.42
108.44
108.47
108.41
108.42
108.4
108.4
108.81
108.84
108.53
108.69
108.72
108.82
108.83
108.69
108.73
108.6
108.62
108.95
108.94
108.78
108.79
108.81
108.82
108.77
108.78
108.78
109.04
109.05
108.65
108.66
108.77
108.73
108.5
108.43
108.55
108.54
108.61
108.59
108.42
108.38
108.33
108.29
108.3
108.31
108.31
108.41
108.43
108.36
108.36
108.5
108.52
108.62
108.62
108.62
108.63
108.67
108.68
108.51
108.83
108.83
108.67
108.67
108.61
108.59
108.68
108.69
108.54
108.55
108.6
108.61
108.72
108.75
108.67
108.65
108.65
108.69
108.72
108.74
108.77
108.79
108.81
108.83
108.84
108.91
108.92
108.84
108.85
109.11
109.12
108.88
108.89
108.82
108.88
108.9
109.03
109.0
108.9
108.89
109.08
109.07
108.88
108.9
108.91
108.94
108.98
108.98
109.12
109.14
109.1
109.12
109.09
109.26
109.25
108.98
108.99
109.35
109.38
109.42
109.43
109.43
109.44
109.31
109.3
109.06
109.04
109.14
109.07
109.06
109.27
109.26
109.22
109.22
109.21
109.2
109.16
109.15
109.07
109.05
109.09
109.08
109.09
109.24
109.22
109.02
109.02
109.22
109.26
109.41
109.44
109.28
109.32
109.25
109.23
109.23
109.15
109.13
109.09
109.15
109.22
109.16
109.17
109.17
109.09
109.07
108.99
108.99
108.95
108.96
109.04
109.04
108.98
108.98
108.87
108.85
108.86
109.06
109.05
108.92
108.9
108.91
108.88
108.67
108.68
108.87
108.91
108.87
108.91
109.0
109.02
109.13
109.13
109.03
109.0
109.02
109.03
109.04
109.03
109.06
109.12
109.12
109.0
109.02
109.3
109.34
108.93
108.9
109.02
109.01
108.97
108.93
108.95
108.96
109.21
109.23
109.24
109.24
109.28
109.2
109.19
109.12
109.12
109.11
109.12
109.12
109.12
109.16
109.18
109.67
109.67
109.25
109.27
109.26
109.23
109.22
109.4
109.39
109.13
109.1
109.02
109.02
109.23
109.21
108.99
108.99
108.92
108.91
109.12
109.13
108.9
109.2
109.19
109.0
108.97
109.03
109.02
108.78
108.77
108.85
108.81
109.02
108.97
108.74
108.77
108.68
108.68
108.66
108.49
108.44
108.63
108.63
108.58
108.56
108.61
108.58
108.55
108.53
108.32
108.26
108.39
108.36
108.49
108.26
108.19
108.09
108.06
107.97
107.95
107.8
107.75
107.92
107.88
107.74
107.7
107.88
107.89
107.98
107.98
107.73
107.69
107.67
107.69
107.66
107.65
107.66
107.98
107.99
107.69
107.71
107.77
107.74
107.74
107.71
107.7
107.7
107.66
107.77
107.76
107.51
107.5
107.54
107.58
107.61
107.64
107.57
107.56
107.54
107.55
107.52
107.5
107.82
107.5
107.5
107.43
107.46
107.73
107.74
107.55
107.57
107.7
107.7
107.85
107.83
107.79
107.81
107.72
107.76
108.01
107.74
107.76
107.91
107.95
108.18
108.22
108.1
108.13
108.07
108.09
108.31
108.3
108.26
108.27
108.36
108.37
108.33
108.45
108.45
108.41
108.39
108.19
108.2
108.47
108.5
108.35
108.37
108.65
108.66
108.71
108.72
108.49
108.53
108.54
108.57
108.61
108.62
108.67
108.56
108.56
108.83
108.85
108.62
108.63
108.65
108.68
108.89
108.9
108.93
108.95
108.83
108.86
108.87
108.9
108.93
108.92
108.95
109.24
109.27
109.2
109.25
109.34
109.35
109.26
109.27
109.27
109.26
109.41
109.38
109.35
109.11
109.14
109.13
109.17
109.09
109.11
108.99
109.02
109.18
109.16
109.26
109.29
109.19
109.17
109.19
109.19
109.21
109.44
109.47
109.22
109.19
109.15
109.16
109.31
109.33
109.37
109.41
109.14
109.15
109.4
109.56
109.57
109.32
109.32
109.39
109.4
109.23
109.21
109.6
109.58
109.59
109.58
109.34
109.34
109.32
109.35
109.36
109.43
109.45
109.41
109.45
109.6
109.62
109.55
109.56
109.64
109.69
109.63
109.67
109.7
109.72
109.74
109.95
109.95
109.9
109.93
109.88
109.9
110.06
110.1
110.05
110.06
110.09
110.08
110.08
110.06
110.01
110.04
109.99
109.97
109.97
110.39
110.4
110.28
110.3
110.04
110.06
110.14
110.15
110.19
110.22
110.17
110.18
110.42
110.32
110.33
110.42
110.42
110.47
110.46
110.49
110.47
110.44
110.45
110.25
110.26
110.38
110.39
110.61
110.64
110.42
110.66
