133.71
133.71
133.39
133.22
133.09
133.02
132.96
132.82
132.71
132.61
132.56
132.52
132.37
132.41
132.54
132.57
132.55
132.67
132.76
132.88
132.96
133.1
133.19
133.3
133.42
133.57
133.76
133.94
134.07
134.25
134.53
134.61
134.84
134.95
135.2
135.59
135.84
135.93
136.19
136.43
136.67
136.91
137.25
137.38
137.68
137.97
138.27
138.59
138.92
139.1
139.43
139.78
140.02
140.37
140.65
141.01
141.22
141.59
141.93
142.28
142.64
142.73
143.11
143.48
143.88
144.29
144.51
144.91
145.26
145.63
146.05
146.25
146.68
147.07
147.58
147.68
148.12
148.57
149.01
149.37
149.56
149.89
150.46
150.88
151.24
151.67
151.83
152.19
152.6
153.08
153.47
153.67
154.11
154.6
155.02
155.38
155.63
156.05
156.48
156.84
157.21
157.39
157.86
158.3
158.65
158.94
159.12
159.65
160.06
160.38
160.64
160.82
161.21
161.6
162.46
162.64
162.97
163.3
163.64
163.45
163.8
164.05
164.39
164.74
165.07
165.38
165.59
165.74
166.11
166.39
166.7
167.0
167.15
167.34
167.6
168.0
168.31
168.36
168.67
168.95
169.3
169.44
169.67
169.92
170.27
170.41
170.51
170.71
170.94
171.19
171.42
171.53
171.81
172.03
172.37
172.58
172.66
172.9
173.1
173.33
173.54
173.65
173.87
173.98
174.17
174.35
174.53
174.73
174.93
175.13
175.33
175.52
175.49
175.93
176.09
176.11
176.3
176.45
176.61
176.81
177.05
177.23
177.39
177.56
177.57
177.83
177.99
178.12
178.26
178.32
178.49
178.68
178.87
179.06
179.18
179.36
179.46
179.62
179.72
179.91
180.04
180.2
180.34
180.5
180.58
180.72
180.95
181.1
181.17
181.31
181.37
181.45
181.59
181.87
182.02
182.11
182.2
182.25
182.42
182.55
182.65
182.71
182.83
182.99
183.04
183.27
183.3
183.51
183.63
183.6
183.7
183.59
183.9
184.01
184.16
184.3
184.36
184.48
184.56
184.73
184.79
184.78
184.86
185.01
185.11
185.34
185.43
185.37
185.5
185.6
185.57
185.66
185.77
185.88
186.0
186.07
186.17
186.29
186.37
186.41
186.46
186.49
186.62
186.73
186.78
186.8
186.91
186.97
187.05
187.07
187.13
187.17
187.26
187.39
187.46
187.54
187.57
187.66
187.7
187.78
187.79
187.8
187.88
187.93
188.01
188.17
188.24
188.25
188.31
188.36
188.31
188.41
188.48
188.55
188.65
188.67
188.72
188.71
188.78
188.82
188.85
189.08
189.13
189.07
189.08
189.14
189.27
189.32
189.27
189.28
189.31
189.37
189.41
189.55
189.57
189.54
189.58
189.61
189.67
189.76
189.7
189.74
189.86
189.89
189.94
189.98
190.1
190.11
190.16
190.09
190.15
190.05
190.1
190.23
190.36
190.36
190.33
190.33
190.5
190.53
190.47
190.49
190.5
190.46
190.47
190.65
190.67
190.59
190.65
190.67
190.69
190.73
190.73
190.76
190.82
190.86
190.9
191.09
191.1
191.0
191.01
191.1
191.11
191.13
191.01
191.01
191.17
191.21
191.35
191.37
191.4
191.45
191.45
191.39
191.42
191.54
191.48
191.49
191.41
191.44
191.54
191.55
191.58
191.58
191.61
191.71
191.72
191.61
191.61
191.64
191.73
191.75
191.75
191.76
191.79
191.79
191.8
191.82
191.89
192.07
192.1
191.92
191.94
191.97
191.97
191.98
192.06
192.08
192.07
192.08
192.1
192.12
192.07
192.15
192.17
192.13
192.15
192.21
192.22
192.11
192.19
192.19
192.31
192.3
192.24
192.24
192.28
192.34
192.34
192.41
192.39
192.34
192.35
192.36
192.39
192.36
192.41
192.43
192.44
192.42
192.51
192.48
192.49
192.53
192.56
192.49
192.69
192.72
192.54
192.58
192.75
192.76
192.77
192.8
192.67
192.69
192.7
192.72
192.73
192.81
192.79
192.81
192.79
192.8
192.75
192.77
192.79
192.82
192.82
192.83
192.83
192.74
192.76
192.85
192.86
192.85
192.89
192.9
192.94
192.94
192.93
192.97
192.97
193.02
193.04
192.91
192.93
193.09
193.09
193.1
193.05
193.09
193.07
193.1
193.24
193.46
193.46
193.47
193.47
193.18
193.17
193.06
193.07
193.08
193.33
193.34
193.15
193.18
193.23
193.23
193.18
193.1
193.12
193.23
193.22
193.22
193.22
193.24
193.26
193.27
193.26
193.23
193.35
193.35
193.28
193.35
193.36
193.33
193.35
193.48
193.47
193.5
193.4
193.42
193.38
193.43
193.41
193.44
193.36
193.36
193.38
193.52
193.54
193.46
193.46
193.43
193.48
193.49
193.4
193.42
193.43
193.42
193.43
193.51
193.53
193.43
193.44
193.6
193.59
193.57
193.56
193.55
193.61
193.61
193.65
193.63
193.6
193.62
193.62
193.64
193.63
193.69
193.69
193.57
193.69
193.67
193.7
193.69
193.75
193.74
193.74
193.87
193.86
193.67
193.64
193.76
193.77
193.74
193.72
193.75
193.74
193.76
193.74
193.77
193.8
193.76
193.76
193.91
193.91
193.87
193.87
193.88
193.79
193.8
193.82
193.83
193.93
193.93
193.86
193.87
193.94
193.87
193.84
193.89
193.9
193.83
193.82
193.91
193.94
193.94
193.9
193.94
193.93
193.94
193.98
194.11
194.12
193.84
193.84
193.82
193.85
194.06
193.88
193.87
194.0
193.99
194.08
194.05
193.96
193.97
193.98
194.07
194.06
194.02
194.02
193.95
194.19
194.19
194.02
194.03
194.11
194.11
194.14
194.12
194.12
194.26
194.27
194.28
194.28
194.2
194.1
194.12
194.09
194.1
194.17
194.0
194.02
194.07
194.08
194.11
194.12
194.18
194.21
194.2
194.16
194.15
194.24
194.26
194.19
194.19
194.21
194.18
194.18
194.19
194.18
194.16
194.16
194.2
194.08
194.08
194.18
194.19
194.23
194.27
194.19
194.23
194.22
194.28
194.27
194.25
194.26
194.25
194.26
194.26
194.18
194.17
194.25
194.26
194.22
194.23
194.21
194.31
194.34
194.31
194.26
194.28
194.37
194.38
194.43
194.44
194.42
194.45
194.29
194.34
194.31
194.32
194.31
194.34
194.33
194.37
194.38
194.36
194.45
194.48
194.48
194.49
194.41
194.42
194.43
194.48
194.45
194.45
194.44
194.41
194.29
194.31
194.49
194.48
194.56
194.56
194.44
194.47
194.48
194.48
194.5
194.5
194.5
194.57
194.57
194.57
194.43
194.46
194.58
194.59
194.51
194.44
194.45
194.45
194.45
194.42
194.45
194.55
194.47
194.49
194.46
194.47
194.68
194.68
194.48
194.53
194.54
194.46
194.42
194.61
194.61
194.6
194.54
194.52
194.54
194.53
194.6
194.6
194.53
194.52
194.53
194.57
194.58
194.69
194.66
194.59
194.53
194.53
194.7
194.67
194.64
194.64
194.64
194.5
194.49
194.6
194.63
194.58
194.59
194.65
194.64
194.66
194.68
194.7
194.63
194.62
194.64
194.62
194.63
194.67
194.67
194.63
194.63
194.74
194.72
194.73
194.69
194.67
194.7
194.7
194.7
194.64
194.66
194.69
194.69
194.71
194.72
194.73
194.81
194.8
194.84
194.84
194.79
194.79
194.77
194.84
194.85
194.8
194.81
194.89
194.74
194.73
194.8
194.79
194.79
194.8
194.8
194.8
194.74
194.79
194.79
194.82
194.84
194.81
194.79
194.79
194.88
194.86
194.87
194.89
194.89
194.89
194.89
194.83
194.84
194.94
194.97
194.79
194.79
194.89
194.87
194.87
194.77
194.77
194.9
194.9
194.91
194.84
194.85
195.01
195.01
194.91
194.82
194.82
194.89
194.89
194.9
194.91
194.92
195.06
195.06
194.84
194.85
194.98
194.98
194.98
194.83
194.86
194.94
194.95
194.89
194.87
194.99
194.91
194.91
194.97
194.98
194.93
194.95
194.97
194.91
194.92
194.92
194.92
194.99
195.01
195.01
195.01
195.02
194.96
194.97
194.96
194.94
194.97
195.0
194.99
195.17
195.17
195.08
195.07
195.08
195.03
195.04
195.06
195.05
194.98
194.99
195.0
195.04
195.04
194.97
194.97
195.08
195.08
195.08
195.09
195.02
195.04
195.04
195.09
195.09
195.04
195.05
195.05
195.14
195.14
195.08
195.08
195.04
195.06
195.24
195.13
195.14
195.12
195.14
195.19
195.17
195.2
195.16
195.17
195.21
195.23
195.1
195.13
195.11
195.13
195.12
195.13
195.14
195.14
195.11
195.06
195.16
195.17
195.24
195.24
195.15
195.15
195.16
195.23
195.26
195.16
195.16
195.25
195.17
195.18
195.18
195.17
195.23
195.23
195.29
195.27
195.17
195.2
195.19
195.23
195.23
195.27
195.27
195.22
195.25
195.26
195.26
195.27
195.27
195.28
195.26
195.19
195.21
195.17
195.18
195.29
195.3
195.22
195.2
195.21
195.32
195.3
195.18
195.16
195.3
195.31
195.31
195.31
195.32
195.24
195.27
195.23
195.24
195.24
195.26
195.29
195.36
195.35
195.31
195.32
195.32
195.3
195.32
195.27
195.27
195.27
195.45
195.45
195.3
195.31
195.33
195.33
195.34
195.36
195.36
195.37
195.36
195.38
195.39
195.43
195.43
195.38
195.39
195.4
195.37
195.35
195.41
195.36
195.36
195.47
195.45
195.49
195.51
195.3
195.38
195.4
195.41
195.41
195.4
195.4
195.4
195.44
195.42
195.31
195.33
195.33
195.35
195.4
195.39
195.44
195.45
195.42
195.41
195.4
195.41
195.41
195.45
195.51
195.51
195.49
195.48
195.43
195.42
195.52
195.37
195.38
195.56
195.56
195.61
195.61
195.52
195.53
195.52
195.52
195.52
195.51
195.51
195.49
195.47
195.47
195.52
195.55
195.55
195.55
195.53
195.47
195.47
195.45
195.44
195.58
195.6
195.58
195.56
195.58
195.52
195.52
195.57
195.57
195.57
195.6
195.62
195.57
195.57
195.6
195.6
195.6
195.54
195.54
195.58
195.57
195.61
195.61
195.59
195.54
195.56
195.62
195.63
195.63
195.63
195.64
195.6
195.57
195.59
195.6
195.53
195.53
195.57
195.56
195.57
195.65
195.65
195.55
195.55
195.81
195.82
195.81
195.64
195.64
195.75
195.77
195.68
195.59
195.6
195.62
195.61
195.6
195.58
195.71
195.62
195.61
195.75
195.75
195.65
195.65
195.74
195.57
195.57
195.64
195.62
195.59
195.61
195.7
195.68
195.7
195.71
195.72
195.72
195.73
195.57
195.73
195.73
195.71
195.68
195.7
195.69
195.63
195.63
195.77
195.75
195.76
195.69
195.69
195.73
195.76
195.77
195.73
195.75
195.74
195.73
195.75
195.73
195.76
195.76
195.76
195.77
195.76
195.74
195.76
195.76
195.74
195.73
195.84
195.86
195.83
195.73
195.74
195.75
195.74
195.74
195.73
195.8
195.63
195.64
195.77
195.77
195.79
195.81
195.83
195.76
195.77
195.74
195.73
195.8
195.82
195.81
195.76
195.75
195.73
195.73
195.74
195.74
195.76
195.79
195.8
195.89
195.9
195.84
195.83
195.82
195.77
195.76
195.8
195.81
195.7
195.71
195.71
195.72
195.73
195.86
195.88
195.82
195.82
195.84
195.94
195.95
195.79
195.78
195.83
195.83
195.89
195.85
195.87
195.99
195.99
195.83
195.82
195.82
195.89
195.89
195.9
195.9
195.85
195.86
195.88
195.96
195.97
195.87
195.88
195.87
195.86
195.91
195.84
195.84
195.94
195.96
195.94
195.92
195.93
195.92
195.9
195.83
195.85
195.85
195.85
195.89
195.93
195.94
195.94
195.93
195.95
195.94
195.93
195.97
195.98
195.89
195.87
196.05
195.87
195.88
195.91
195.92
195.97
195.98
195.95
195.95
195.94
195.94
195.95
195.83
195.82
196.11
195.95
195.96
195.94
195.97
195.87
195.89
195.88
195.93
195.91
195.9
195.94
195.86
195.88
195.9
196.01
196.01
196.02
196.03
195.98
195.94
195.99
195.96
195.96
195.99
195.98
196.04
196.04
196.0
195.88
195.89
195.95
195.96
196.01
196.03
195.98
195.99
195.99
196.04
196.02
195.93
195.93
196.0
196.0
195.99
196.16
196.13
196.1
196.08
196.05
196.06
195.97
195.99
195.98
195.97
195.98
196.06
196.07
196.11
195.94
195.91
196.07
196.08
196.08
196.08
196.07
196.15
196.14
196.11
196.12
196.1
196.12
196.03
196.12
196.12
196.04
196.06
196.01
196.11
196.09
196.17
196.17
196.11
196.08
196.04
196.02
196.07
196.1
196.1
196.06
196.06
196.11
196.11
196.12
196.06
196.05
196.03
196.03
196.08
196.1
196.17
196.03
196.02
196.15
196.18
196.19
196.18
196.14
196.09
196.1
196.05
196.04
196.17
196.2
196.17
196.2
196.18
196.16
196.16
196.1
196.09
196.05
195.95
195.95
196.09
196.08
196.17
196.15
196.16
196.11
196.12
196.13
196.14
196.13
196.15
196.13
196.12
196.11
196.12
196.14
196.15
196.12
196.05
196.05
196.26
196.19
196.17
196.15
196.16
196.3
196.29
196.29
196.21
196.23
196.2
196.19
196.29
196.32
196.31
196.22
196.23
196.28
196.27
196.23
196.26
196.28
196.22
196.24
196.26
196.22
196.21
196.22
196.22
196.2
196.2
196.21
196.2
196.26
196.26
196.26
196.26
196.26
196.27
196.27
196.18
196.21
196.23
196.24
196.23
196.28
196.28
196.29
196.24
196.26
196.28
196.29
196.36
196.25
196.24
196.3
196.31
196.26
196.25
196.23
196.26
196.44
196.26
196.26
196.25
196.27
196.22
196.22
196.3
196.24
196.25
196.45
196.45
196.34
196.34
196.32
196.3
196.31
196.37
196.37
196.4
196.4
196.3
196.35
196.35
196.33
196.36
196.36
196.35
196.27
196.3
196.29
196.36
196.34
196.25
196.25
196.29
196.33
196.32
196.32
196.33
196.34
196.35
196.34
196.31
196.33
196.26
196.27
196.34
196.34
196.38
196.32
196.31
196.33
196.32
196.5
196.5
196.41
196.38
196.38
196.38
196.36
196.24
196.23
196.35
196.34
196.35
196.27
196.29
196.43
196.42
196.43
196.39
196.39
196.36
196.39
196.46
196.46
196.43
196.39
196.39
196.35
196.36
196.43
196.39
196.38
196.37
196.39
196.39
196.42
196.35
196.5
196.51
196.33
196.37
196.41
196.41
196.41
196.42
196.41
196.34
196.32
196.44
196.45
196.36
196.41
196.4
196.4
196.42
196.44
196.47
196.46
196.49
196.41
196.4
196.41
196.53
196.53
196.52
196.52
196.39
196.45
196.45
196.44
196.45
196.45
196.46
196.51
196.45
196.45
196.37
196.39
196.43
196.44
196.45
196.45
196.43
196.46
196.48
196.44
196.45
196.49
196.43
196.43
196.49
196.47
196.51
196.53
196.42
196.47
196.47
196.51
196.48
196.43
196.44
196.45
196.5
196.51
196.48
196.52
196.55
196.54
196.59
196.46
196.46
196.46
196.46
196.52
196.53
196.45
196.41
196.42
196.43
196.42
196.42
196.44
196.51
196.58
196.6
196.46
196.44
196.47
196.48
196.54
196.55
196.54
196.71
196.71
196.44
196.44
196.44
196.45
196.46
196.44
196.45
196.48
196.45
196.45
196.46
196.5
196.34
196.36
196.5
196.51
196.64
196.55
196.55
196.5
196.5
196.58
196.59
196.58
196.6
196.6
196.55
196.56
196.53
196.55
196.58
196.57
196.57
196.56
196.56
196.51
196.53
196.5
196.51
196.5
196.51
196.52
196.58
196.58
196.55
196.6
196.6
196.6
196.59
196.57
196.59
196.39
196.4
196.54
196.63
196.62
196.62
196.62
196.61
196.61
196.56
196.51
196.5
196.49
196.5
196.64
196.63
196.58
196.54
196.53
196.53
196.53
196.53
196.55
196.55
196.52
196.51
196.66
196.67
196.49
196.51
196.62
196.61
196.6
196.54
196.54
196.73
196.49
196.51
196.57
196.56
196.54
196.57
196.65
196.66
196.58
196.6
196.62
196.62
196.62
196.59
196.56
196.58
196.67
196.69
196.63
196.65
196.63
196.63
196.62
196.64
196.63
196.68
196.69
196.6
196.73
196.73
196.66
196.63
196.6
196.6
196.6
196.56
196.54
196.62
196.64
196.73
196.73
196.73
196.7
196.7
196.6
196.61
196.62
196.62
196.6
196.6
196.61
196.69
196.67
196.62
196.61
196.66
196.59
196.61
196.74
196.75
196.65
196.67
196.68
196.68
196.68
196.75
196.76
196.58
196.59
196.62
196.62
196.65
196.71
196.73
196.59
196.61
196.74
196.65
196.64
196.52
196.52
196.71
196.7
196.67
196.67
196.65
196.62
196.61
196.67
196.71
196.7
196.69
196.66
196.69
196.68
196.69
196.67
196.71
196.82
196.82
196.72
196.72
196.76
196.74
196.72
196.73
196.72
196.76
196.76
196.7
196.71
196.64
196.61
196.62
196.79
196.8
196.68
196.73
196.74
196.72
196.73
196.7
196.7
196.79
196.78
196.81
196.78
196.77
196.77
196.76
196.78
196.8
196.8
196.73
196.74
196.99
197.0
196.74
196.8
196.8
196.82
196.81
196.74
196.74
196.76
196.74
196.73
196.78
196.78
196.87
196.85
196.74
196.8
196.81
196.78
196.79
196.77
196.75
196.73
196.84
196.84
196.81
196.83
196.87
196.88
196.81
196.85
196.89
196.75
196.74
196.77
196.78
196.79
196.84
196.85
196.79
196.78
196.78
196.79
196.81
196.78
196.76
196.83
196.8
196.77
196.76
196.71
196.86
196.86
196.83
196.8
196.87
196.87
196.8
196.73
196.7
196.83
196.86
196.86
196.86
196.73
196.74
196.74
196.86
196.87
196.77
196.75
196.76
196.74
196.76
196.78
196.78
196.81
196.8
196.87
196.84
196.84
196.86
196.85
196.89
196.89
196.86
196.88
196.87
196.92
196.9
196.87
196.87
196.8
196.84
196.82
196.75
196.76
196.97
196.96
197.02
196.92
196.92
196.89
196.88
196.85
196.87
196.86
196.85
196.87
196.91
196.89
196.94
196.91
196.92
196.9
196.89
196.89
196.87
196.93
196.94
196.95
196.77
196.77
196.78
196.77
196.9
196.91
196.89
196.93
196.94
196.9
196.93
196.95
196.93
196.92
196.91
196.9
196.9
196.9
196.86
196.91
196.92
196.9
196.91
196.86
196.86
196.87
196.83
196.83
196.9
196.92
196.97
196.98
196.88
196.94
196.94
196.81
196.82
196.87
196.89
196.88
196.96
196.95
196.85
196.86
196.85
196.85
197.01
196.96
196.97
196.92
196.92
196.88
196.86
196.92
197.0
197.01
197.03
197.03
196.91
196.91
197.07
196.95
196.96
196.99
197.01
196.92
196.9
196.86
196.97
196.99
197.07
197.08
196.92
196.94
197.05
197.0
197.02
196.85
196.86
196.89
196.87
196.95
196.96
196.97
196.86
196.9
197.04
197.06
196.92
196.95
196.94
197.02
197.0
196.97
196.97
196.94
196.95
196.95
197.08
197.08
196.99
197.0
197.02
197.02
197.03
197.07
197.06
197.04
197.08
197.09
197.03
197.03
196.93
196.93
196.92
196.93
196.98
197.04
197.05
197.09
197.08
197.0
197.03
197.08
196.89
196.86
196.88
196.89
196.9
196.88
196.93
197.05
197.05
197.02
197.04
197.01
197.01
197.0
196.99
196.99
197.02
197.02
197.06
197.07
196.92
196.93
197.16
197.08
197.08
197.2
197.19
197.07
197.07
197.08
197.03
197.02
197.07
197.07
196.98
196.99
196.99
196.95
196.94
196.91
196.95
197.05
196.93
196.93
197.05
197.03
196.95
196.98
196.97
196.97
197.02
196.97
196.99
197.01
197.03
197.07
197.06
196.99
197.03
197.03
197.06
197.06
196.95
196.95
196.95
197.08
197.06
197.08
197.1
197.03
197.0
197.1
196.95
196.94
197.11
197.11
196.99
196.97
197.16
197.01
197.02
197.15
197.15
197.15
197.15
197.1
197.18
197.18
197.08
197.09
197.2
197.2
197.07
197.16
197.17
197.09
197.05
197.08
197.07
197.08
197.09
197.09
197.05
197.07
197.17
197.19
197.19
197.21
197.23
197.1
197.09
197.04
197.13
197.14
197.12
197.11
197.09
197.1
197.12
197.14
197.16
197.18
197.14
197.17
197.16
197.08
197.08
197.08
197.02
197.02
197.21
197.19
197.12
197.14
197.15
197.14
197.14
197.15
197.14
197.14
197.14
197.12
197.13
197.15
197.21
197.21
197.18
197.17
197.19
197.13
197.14
197.05
197.06
197.15
197.14
197.15
197.16
197.18
197.2
197.17
196.96
196.99
197.09
197.29
197.28
197.14
197.14
197.15
197.16
197.21
197.2
197.2
197.14
197.14
197.03
197.0
197.03
197.11
197.13
197.01
197.02
197.0
197.01
197.06
197.14
197.16
197.18
197.18
197.03
197.07
197.12
197.08
197.06
197.06
197.06
197.04
197.06
197.13
197.2
197.21
197.15
197.13
197.08
197.09
197.13
197.14
197.12
197.15
197.15
197.14
197.14
197.16
197.17
197.23
197.2
197.23
197.22
197.22
197.21
197.2
197.15
197.14
197.11
197.12
197.11
197.17
197.15
197.15
197.08
197.1
197.21
197.2
197.18
197.19
197.15
197.18
197.17
197.17
197.18
197.2
197.24
197.22
197.24
197.26
197.1
197.08
197.2
197.28
197.28
197.21
197.19
197.07
197.04
197.05
197.03
197.2
197.02
197.0
196.99
196.99
197.01
197.0
197.02
197.06
197.06
197.1
197.11
197.11
197.12
197.14
197.14
197.15
197.21
197.22
197.34
197.36
197.36
197.37
197.35
197.35
197.32
197.13
197.09
197.08
197.1
197.06
196.94
196.91
196.87
196.8
196.76
196.78
196.75
196.58
196.52
196.57
196.5
196.46
196.39
196.34
196.29
196.2
196.02
195.93
195.85
195.83
195.8
195.64
195.53
195.41
195.28
195.12
194.98
194.91
194.82
194.68
194.51
194.32
194.24
194.1
193.95
193.9
193.73
193.61
193.44
193.29
192.99
192.89
192.76
192.59
192.52
192.33
192.14
191.99
191.85
191.61
191.43
191.45
191.29
191.15
190.85
190.68
190.58
190.41
190.26
190.08
189.88
189.79
189.6
189.42
189.25
189.02
188.93
188.82
