134.93
134.93
134.61
134.41
134.27
134.27
134.1
133.94
133.81
133.66
133.59
133.54
133.36
133.38
133.48
133.49
133.43
133.6
133.69
133.83
133.92
134.0
134.18
134.32
134.47
134.67
134.9
135.01
135.3
135.51
135.85
135.98
136.11
136.36
136.66
137.12
137.44
137.58
137.93
138.27
138.58
138.91
139.1
139.46
139.82
140.16
140.55
140.87
141.29
141.55
141.93
142.18
142.63
143.06
143.41
143.84
144.08
144.51
144.92
145.35
145.55
145.9
146.35
146.8
147.25
147.55
148.0
148.48
148.9
149.34
149.58
150.03
150.55
151.0
151.6
151.75
152.16
152.61
153.09
153.53
153.73
154.16
154.77
155.26
155.66
155.9
156.36
156.88
157.4
157.93
158.18
158.65
159.14
159.68
160.18
160.35
160.88
161.37
161.89
162.32
162.51
162.96
163.48
163.97
164.37
164.48
164.91
165.49
165.93
166.28
166.39
166.8
167.23
167.65
168.32
168.71
169.09
169.47
169.85
169.69
169.87
170.33
170.68
171.07
171.43
171.81
171.88
172.21
172.61
172.93
173.27
173.4
173.74
173.94
174.23
174.69
174.84
175.08
175.4
175.7
175.95
176.22
176.48
176.77
177.17
177.3
177.41
177.63
177.88
178.14
178.35
178.46
178.73
178.97
179.3
179.52
179.62
179.88
180.1
180.35
180.57
180.67
180.91
181.02
181.22
181.41
181.59
181.79
181.99
182.2
182.39
182.49
182.56
183.02
183.21
183.23
183.44
183.49
183.74
183.93
184.19
184.37
184.53
184.62
184.73
184.99
185.16
185.3
185.37
185.53
185.7
185.89
186.08
186.19
186.4
186.57
186.67
186.84
186.84
187.12
187.26
187.43
187.58
187.67
187.82
187.98
188.21
188.36
188.44
188.58
188.56
188.71
188.85
189.14
189.29
189.33
189.48
189.53
189.71
189.85
189.87
190.0
190.15
190.27
190.34
190.54
190.58
190.79
190.91
190.88
190.93
190.88
191.18
191.29
191.45
191.58
191.65
191.78
191.84
191.96
192.05
192.06
192.13
192.29
192.34
192.61
192.71
192.67
192.77
192.84
192.85
192.95
193.06
193.15
193.28
193.36
193.46
193.56
193.64
193.63
193.75
193.76
193.91
194.02
194.06
194.1
194.18
194.26
194.32
194.32
194.38
194.44
194.51
194.63
194.7
194.75
194.82
194.89
194.94
195.0
194.99
195.04
195.11
195.17
195.2
195.4
195.47
195.48
195.54
195.56
195.53
195.62
195.7
195.75
195.82
195.87
195.93
195.92
195.97
196.02
196.05
196.27
196.32
196.21
196.26
196.31
196.45
196.49
196.42
196.44
196.48
196.52
196.56
196.71
196.73
196.67
196.71
196.75
196.8
196.88
196.81
196.83
196.96
197.0
197.04
197.09
197.17
197.21
197.26
197.18
197.24
197.13
197.2
197.31
197.44
197.44
197.37
197.4
197.57
197.6
197.55
197.53
197.57
197.52
197.54
197.72
197.72
197.65
197.7
197.71
197.74
197.78
197.78
197.8
197.87
197.89
197.94
198.11
198.14
198.04
198.03
198.12
198.11
198.15
198.03
198.02
198.19
198.21
198.35
198.37
198.39
198.43
198.45
198.37
198.4
198.51
198.46
198.47
198.39
198.4
198.5
198.51
198.54
198.54
198.55
198.63
198.65
198.53
198.54
198.57
198.64
198.66
198.65
198.67
198.68
198.71
198.69
198.69
198.79
198.95
198.97
198.81
198.82
198.83
198.85
198.86
198.93
198.94
198.92
198.93
198.94
198.96
198.9
198.99
199.01
198.97
198.99
199.05
199.06
198.96
199.01
199.02
199.12
199.12
199.06
199.06
199.1
199.13
199.15
199.21
199.19
199.14
199.14
199.16
199.17
199.17
199.2
199.2
199.21
199.2
199.27
199.24
199.25
199.29
199.3
199.25
199.45
199.46
199.31
199.32
199.49
199.5
199.5
199.51
199.39
199.41
199.42
199.45
199.44
199.52
199.5
199.51
199.5
199.5
199.45
199.45
199.47
199.51
199.5
199.49
199.52
199.41
199.45
199.54
199.54
199.53
199.56
199.57
199.59
199.61
199.59
199.62
199.64
199.68
199.69
199.58
199.57
199.74
199.71
199.74
199.69
199.72
199.71
199.73
199.88
200.07
200.08
200.09
200.1
199.77
199.8
199.68
199.67
199.69
199.93
199.95
199.74
199.78
199.82
199.82
199.76
199.69
199.7
199.79
199.8
199.79
199.78
199.82
199.83
199.83
199.82
199.8
199.9
199.9
199.84
199.9
199.91
199.88
199.89
200.03
200.02
200.03
199.94
199.93
199.92
199.95
199.95
199.96
199.9
199.89
199.9
200.06
200.04
199.96
199.96
199.94
199.98
199.97
199.9
199.9
199.93
199.91
199.93
200.01
200.02
199.92
199.92
200.08
200.07
200.07
200.03
200.03
200.09
200.1
200.12
200.1
200.08
200.1
200.1
200.1
200.1
200.14
200.15
200.04
200.15
200.12
200.17
200.15
200.21
200.21
200.2
200.31
200.31
200.12
200.12
200.23
200.21
200.18
200.16
200.19
200.18
200.2
200.18
200.2
200.22
200.18
200.18
200.33
200.33
200.29
200.29
200.29
200.21
200.22
200.23
200.25
200.34
200.35
200.27
200.27
200.35
200.27
200.25
200.29
200.3
200.23
200.2
200.31
200.32
200.34
200.3
200.32
200.32
200.33
200.36
200.48
200.49
200.21
200.22
200.2
200.22
200.44
200.25
200.26
200.36
200.37
200.45
200.44
200.35
200.35
200.35
200.43
200.42
200.39
200.4
200.31
200.54
200.56
200.37
200.38
200.47
200.47
200.5
200.48
200.48
200.62
200.62
200.64
200.63
200.55
200.46
200.48
200.44
200.45
200.52
200.37
200.37
200.42
200.43
200.47
200.47
200.52
200.54
200.55
200.51
200.49
200.6
200.6
200.51
200.53
200.57
200.5
200.54
200.52
200.52
200.51
200.51
200.54
200.42
200.42
200.52
200.53
200.58
200.6
200.54
200.56
200.55
200.6
200.6
200.57
200.58
200.57
200.59
200.58
200.51
200.5
200.57
200.58
200.54
200.54
200.53
200.64
200.65
200.62
200.58
200.59
200.69
200.69
200.75
200.76
200.75
200.76
200.61
200.65
200.62
200.62
200.63
200.65
200.64
200.68
200.69
200.67
200.74
200.79
200.79
200.79
200.71
200.72
200.73
200.77
200.76
200.73
200.74
200.71
200.59
200.59
200.77
200.78
200.86
200.84
200.73
200.77
200.78
200.78
200.78
200.79
200.78
200.84
200.85
200.86
200.72
200.73
200.87
200.87
200.78
200.72
200.71
200.71
200.72
200.72
200.72
200.83
200.74
200.75
200.73
200.74
200.95
200.94
200.74
200.79
200.8
200.73
200.69
200.87
200.87
200.86
200.79
200.77
200.8
200.79
200.87
200.86
200.78
200.78
200.79
200.84
200.83
200.95
200.94
200.84
200.78
200.78
200.93
200.93
200.91
200.88
200.88
200.74
200.73
200.85
200.88
200.83
200.82
200.9
200.88
200.9
200.93
200.93
200.85
200.85
200.87
200.88
200.86
200.9
200.91
200.85
200.86
200.98
200.95
200.96
200.91
200.9
200.92
200.92
200.92
200.86
200.88
200.92
200.92
200.94
200.94
200.96
201.01
201.03
201.07
201.05
201.0
201.02
200.98
201.05
201.05
201.02
201.02
201.1
200.95
200.94
201.0
200.99
201.0
201.0
201.01
201.0
200.94
200.98
200.99
201.01
201.03
201.0
200.99
200.98
201.07
201.04
201.06
201.07
201.06
201.07
201.07
201.01
201.01
201.12
201.15
200.97
200.97
201.06
201.04
201.05
200.94
200.94
201.08
201.08
201.08
201.01
201.01
201.18
201.18
201.08
200.98
200.98
201.05
201.07
201.07
201.09
201.09
201.22
201.22
201.02
201.01
201.15
201.14
201.13
201.01
201.02
201.1
201.11
201.03
201.03
201.15
201.07
201.06
201.13
201.13
201.1
201.09
201.12
201.05
201.07
201.05
201.06
201.15
201.14
201.16
201.16
201.15
201.1
201.11
201.11
201.08
201.1
201.13
201.13
201.32
201.33
201.22
201.22
201.22
201.18
201.17
201.18
201.19
201.12
201.12
201.14
201.18
201.19
201.1
201.11
201.22
201.21
201.21
201.22
201.15
201.16
201.17
201.23
201.23
201.17
201.18
201.17
201.25
201.28
201.22
201.22
201.18
201.18
201.36
201.28
201.27
201.24
201.25
201.32
201.31
201.31
201.29
201.29
201.34
201.36
201.23
201.25
201.24
201.25
201.25
201.25
201.26
201.27
201.23
201.19
201.28
201.29
201.36
201.35
201.27
201.26
201.27
201.34
201.36
201.27
201.28
201.36
201.28
201.29
201.29
201.29
201.34
201.33
201.39
201.37
201.26
201.31
201.29
201.34
201.32
201.39
201.39
201.33
201.37
201.37
201.37
201.37
201.38
201.39
201.36
201.29
201.3
201.28
201.27
201.4
201.39
201.31
201.32
201.32
201.4
201.41
201.28
201.26
201.39
201.38
201.39
201.41
201.41
201.37
201.35
201.32
201.32
201.33
201.35
201.37
201.45
201.45
201.4
201.4
201.41
201.38
201.41
201.36
201.35
201.35
201.54
201.54
201.39
201.39
201.4
201.41
201.41
201.44
201.46
201.46
201.46
201.46
201.46
201.5
201.5
201.46
201.47
201.47
201.44
201.43
201.47
201.42
201.43
201.55
201.52
201.57
201.58
201.38
201.45
201.46
201.46
201.46
201.45
201.46
201.46
201.49
201.48
201.38
201.38
201.4
201.41
201.45
201.44
201.5
201.5
201.49
201.46
201.47
201.46
201.47
201.49
201.55
201.56
201.55
201.53
201.48
201.47
201.58
201.43
201.43
201.61
201.61
201.65
201.66
201.58
201.58
201.58
201.58
201.58
201.57
201.56
201.54
201.53
201.52
201.58
201.59
201.61
201.61
201.57
201.52
201.51
201.51
201.5
201.63
201.64
201.62
201.58
201.63
201.56
201.56
201.61
201.61
201.61
201.66
201.67
201.61
201.62
201.64
201.64
201.64
201.58
201.58
201.61
201.6
201.65
201.65
201.64
201.59
201.59
201.66
201.66
201.66
201.65
201.65
201.61
201.61
201.62
201.61
201.56
201.54
201.58
201.57
201.58
201.66
201.67
201.56
201.58
201.83
201.83
201.83
201.66
201.65
201.75
201.77
201.68
201.59
201.6
201.62
201.61
201.59
201.58
201.71
201.63
201.62
201.75
201.76
201.64
201.63
201.73
201.57
201.57
201.63
201.64
201.59
201.61
201.68
201.67
201.68
201.71
201.71
201.72
201.71
201.55
201.71
201.72
201.71
201.67
201.69
201.67
201.62
201.62
201.76
201.74
201.73
201.67
201.67
201.7
201.74
201.74
201.72
201.71
201.73
201.73
201.73
201.72
201.72
201.74
201.75
201.76
201.73
201.74
201.72
201.74
201.72
201.71
201.83
201.83
201.81
201.72
201.72
201.73
201.72
201.73
201.71
201.77
201.61
201.61
201.75
201.74
201.78
201.77
201.8
201.74
201.73
201.71
201.71
201.77
201.79
201.78
201.72
201.72
201.71
201.71
201.71
201.72
201.73
201.75
201.77
201.85
201.87
201.8
201.79
201.78
201.75
201.74
201.77
201.76
201.68
201.67
201.68
201.67
201.68
201.82
201.82
201.77
201.78
201.79
201.89
201.9
201.73
201.74
201.78
201.8
201.83
201.79
201.81
201.94
201.95
201.77
201.76
201.77
201.84
201.84
201.84
201.85
201.83
201.8
201.82
201.9
201.91
201.81
201.82
201.8
201.8
201.85
201.76
201.78
201.87
201.89
201.87
201.84
201.86
201.86
201.84
201.77
201.77
201.78
201.77
201.81
201.86
201.87
201.87
201.86
201.86
201.86
201.86
201.91
201.9
201.8
201.79
201.97
201.77
201.79
201.83
201.83
201.89
201.91
201.89
201.87
201.86
201.87
201.85
201.73
201.73
202.03
201.87
201.87
201.85
201.87
201.79
201.8
201.79
201.85
201.83
201.83
201.84
201.78
201.77
201.81
201.92
201.92
201.92
201.92
201.88
201.86
201.89
201.87
201.87
201.89
201.87
201.94
201.94
201.9
201.77
201.79
201.86
201.86
201.92
201.93
201.87
201.9
201.88
201.94
201.93
201.84
201.83
201.89
201.89
201.9
202.05
202.03
201.99
201.98
201.94
201.95
201.85
201.89
201.87
201.86
201.86
201.95
201.95
202.0
201.82
201.79
201.95
201.95
201.95
201.96
201.95
202.03
202.03
201.99
202.0
201.97
201.98
201.91
202.0
202.0
201.91
201.93
201.89
201.98
201.98
202.05
202.05
201.98
201.98
201.9
201.89
201.93
201.97
201.96
201.94
201.93
201.96
201.98
202.01
201.92
201.91
201.89
201.91
201.95
201.96
202.04
201.89
201.88
202.02
202.04
202.05
202.04
202.01
201.96
201.96
201.91
201.9
202.03
202.06
202.03
202.06
202.06
202.02
202.01
201.96
201.95
201.91
201.8
201.79
201.93
201.93
202.0
202.01
202.01
201.95
201.97
201.99
202.0
201.99
202.0
201.98
201.97
201.97
201.98
201.98
201.99
201.97
201.89
201.9
202.09
202.04
202.03
201.98
201.98
202.13
202.13
202.11
202.06
202.05
202.05
202.03
202.12
202.15
202.13
202.06
202.06
202.1
202.11
202.05
202.08
202.1
202.05
202.06
202.08
202.03
202.03
202.04
202.03
202.01
202.01
202.02
202.02
202.07
202.07
202.05
202.07
202.06
202.07
202.07
201.98
202.01
202.02
202.03
202.03
202.08
202.08
202.07
202.03
202.05
202.07
202.07
202.14
202.04
202.02
202.11
202.1
202.04
202.05
202.03
202.03
202.22
202.04
202.05
202.06
202.05
202.01
202.01
202.08
202.04
202.03
202.24
202.24
202.12
202.13
202.11
202.08
202.09
202.16
202.16
202.19
202.2
202.09
202.14
202.14
202.13
202.14
202.14
202.14
202.05
202.08
202.07
202.15
202.13
202.02
202.05
202.09
202.11
202.11
202.12
202.11
202.12
202.13
202.12
202.1
202.11
202.06
202.07
202.14
202.12
202.18
202.09
202.09
202.12
202.1
202.27
202.28
202.19
202.17
202.17
202.16
202.16
202.03
202.01
202.14
202.14
202.14
202.06
202.07
202.21
202.21
202.21
202.16
202.17
202.15
202.17
202.23
202.24
202.2
202.17
202.17
202.12
202.12
202.22
202.16
202.15
202.15
202.15
202.17
202.17
202.13
202.27
202.29
202.1
202.13
202.18
202.18
202.18
202.19
202.19
202.1
202.09
202.21
202.21
202.12
202.17
202.18
202.18
202.18
202.23
202.24
202.23
202.25
202.17
202.15
202.18
202.29
202.29
202.3
202.3
202.14
202.2
202.21
202.21
202.2
202.22
202.25
202.27
202.21
202.21
202.12
202.14
202.18
202.2
202.2
202.21
202.19
202.22
202.24
202.2
202.2
202.25
202.18
202.19
202.26
202.22
202.27
202.27
202.18
202.22
202.22
202.26
202.24
202.18
202.21
202.21
202.28
202.28
202.25
202.27
202.31
202.32
202.36
202.22
202.24
202.22
202.23
202.29
202.3
202.21
202.18
202.18
202.19
202.17
202.2
202.22
202.27
202.35
202.35
202.22
202.2
202.24
202.23
202.31
202.29
202.31
202.46
202.48
202.2
202.21
202.21
202.21
202.22
202.19
202.21
202.22
202.21
202.21
202.24
202.26
202.11
202.1
202.26
202.27
202.39
202.3
202.31
202.26
202.25
202.32
202.32
202.33
202.34
202.35
202.32
202.31
202.28
202.3
202.33
202.33
202.34
202.31
202.3
202.27
202.27
202.25
202.24
202.26
202.26
202.26
202.33
202.32
202.29
202.33
202.34
202.33
202.34
202.32
202.33
202.14
202.14
202.27
202.36
202.38
202.36
202.36
202.35
202.35
202.3
202.23
202.24
202.23
202.24
202.38
202.36
202.31
202.28
202.28
202.26
202.27
202.27
202.29
202.3
202.26
202.23
202.39
202.39
202.24
202.24
202.35
202.34
202.34
202.26
202.27
202.45
202.23
202.25
202.31
202.3
202.3
202.3
202.39
202.41
202.31
202.35
202.36
202.36
202.36
202.32
202.32
202.32
202.41
202.41
202.38
202.39
202.36
202.37
202.36
202.38
202.38
202.43
202.43
202.34
202.48
202.48
202.39
202.36
202.34
202.33
202.34
202.29
202.28
202.37
202.36
202.46
202.45
202.45
202.44
202.44
202.34
202.34
202.35
202.35
202.35
202.33
202.33
202.4
202.41
202.35
202.35
202.4
202.31
202.32
202.47
202.47
202.39
202.4
202.4
202.4
202.41
202.46
202.48
202.31
202.32
202.36
202.35
202.37
202.42
202.44
202.31
202.33
202.45
202.38
202.36
202.22
202.24
202.43
202.42
202.39
202.38
202.39
202.32
202.32
202.38
202.41
202.4
202.39
202.37
202.4
202.4
202.4
202.39
202.43
202.53
202.54
202.44
202.42
202.47
202.46
202.43
202.44
202.44
202.46
202.46
202.42
202.43
202.38
202.32
202.33
202.51
202.51
202.4
202.45
202.45
202.43
202.45
202.41
202.4
202.5
202.5
202.52
202.48
202.48
202.48
202.46
202.5
202.5
202.5
202.45
202.44
202.7
202.7
202.45
202.51
202.49
202.53
202.52
202.44
202.44
202.47
202.45
202.44
202.48
202.49
202.56
202.54
202.45
202.51
202.52
202.49
202.5
202.47
202.45
202.42
202.53
202.55
202.52
202.54
202.59
202.58
202.49
202.57
202.56
202.45
202.45
202.48
202.48
202.49
202.55
202.55
202.49
202.48
202.48
202.48
202.51
202.49
202.46
202.51
202.51
202.47
202.46
202.4
202.57
202.56
202.52
202.52
202.56
202.56
202.5
202.44
202.41
202.55
202.55
202.55
202.55
202.43
202.44
202.43
202.56
202.56
202.47
202.47
202.46
202.45
202.46
202.47
202.48
202.5
202.49
202.57
202.53
202.53
202.56
202.55
202.58
202.58
202.55
202.57
202.58
202.61
202.61
202.57
202.56
202.49
202.51
202.5
202.45
202.45
202.65
202.65
202.7
202.61
202.6
202.57
202.56
202.54
202.55
202.54
202.54
202.55
202.59
202.58
202.6
202.58
202.59
202.55
202.56
202.57
202.55
202.61
202.61
202.6
202.43
202.45
202.44
202.44
202.58
202.58
202.55
202.62
202.62
202.58
202.61
202.61
202.6
202.59
202.59
202.58
202.57
202.57
202.54
202.59
202.58
202.58
202.58
202.53
202.54
202.54
202.48
202.49
202.57
202.58
202.64
202.63
202.54
202.61
202.61
202.48
202.47
202.55
202.54
202.55
202.62
202.61
202.51
202.51
202.51
202.51
202.66
202.62
202.62
202.58
202.59
202.55
202.53
202.59
202.66
202.66
202.7
202.69
202.55
202.57
202.73
202.61
202.61
202.65
202.66
202.57
202.54
202.5
202.64
202.63
202.73
202.73
202.57
202.59
202.69
202.66
202.67
202.52
202.51
202.52
202.52
202.61
202.62
202.63
202.53
202.55
202.69
202.7
202.56
202.59
202.59
202.66
202.67
202.62
202.62
202.58
202.61
202.6
202.73
202.75
202.64
202.65
202.67
202.67
202.68
202.72
202.72
202.7
202.72
202.74
202.69
202.69
202.58
202.59
202.56
202.57
202.63
202.7
202.7
202.73
202.72
202.66
202.69
202.72
202.53
202.52
202.52
202.53
202.53
202.53
202.58
202.69
202.68
202.67
202.67
202.65
202.65
202.65
202.64
202.64
202.66
202.66
202.69
202.7
202.57
202.57
202.8
202.72
202.72
202.85
202.83
202.71
202.72
202.72
202.68
202.67
202.73
202.71
202.61
202.62
202.62
202.57
202.57
202.54
202.55
202.67
202.53
202.55
202.65
202.65
202.56
202.57
202.58
202.59
202.63
202.58
202.6
202.63
202.66
202.67
202.67
202.62
202.64
202.64
202.67
202.66
202.56
202.56
202.56
202.69
202.69
202.7
202.72
202.64
202.63
202.71
202.56
202.56
202.73
202.73
202.59
202.59
202.77
202.63
202.63
202.76
202.76
202.76
202.76
202.7
202.8
202.78
202.72
202.71
202.81
202.8
202.67
202.78
202.79
202.7
202.68
202.69
202.69
202.71
202.7
202.7
202.66
202.68
202.78
202.79
202.79
202.79
202.83
202.69
202.68
202.65
202.72
202.73
202.73
202.73
202.7
202.7
202.73
202.73
202.76
202.77
202.76
202.76
202.75
202.67
202.67
202.66
202.61
202.63
202.81
202.79
202.7
202.74
202.75
202.73
202.74
202.74
202.74
202.74
202.74
202.72
202.73
202.73
202.79
202.79
202.76
202.75
202.76
202.7
202.73
202.63
202.63
202.73
202.73
202.73
202.76
202.77
202.79
202.78
202.57
202.58
202.68
202.87
202.88
202.74
202.73
202.73
202.75
202.82
202.82
202.79
202.74
202.74
202.64
202.61
202.65
202.73
202.71
202.61
202.61
202.58
202.58
202.63
202.73
202.72
202.73
202.74
202.59
202.62
202.69
202.64
202.64
202.62
202.63
202.61
202.62
202.69
202.77
202.78
202.71
202.7
202.65
202.65
202.7
202.71
202.68
202.72
202.72
202.72
202.73
202.73
202.73
202.81
202.78
202.81
202.8
202.8
202.79
202.79
202.74
202.74
202.72
202.73
202.72
202.76
202.73
202.72
202.64
202.63
202.74
202.73
202.71
202.71
202.65
202.7
202.73
202.72
202.73
202.74
202.77
202.77
202.8
202.82
202.67
202.65
202.76
202.87
202.86
202.81
202.78
202.64
202.63
202.64
202.61
202.78
202.6
202.57
202.54
202.53
202.53
202.52
202.52
202.58
202.58
202.61
202.61
202.63
202.63
202.64
202.66
202.67
202.72
202.75
202.88
202.89
202.91
202.91
202.92
202.9
202.9
202.72
202.69
202.7
202.73
202.68
202.57
202.52
202.48
202.4
202.34
202.39
202.37
202.17
202.11
202.14
202.07
202.01
201.93
201.86
201.81
201.73
201.58
201.43
201.33
201.32
201.26
201.1
200.97
200.85
200.72
200.54
200.47
200.31
200.2
200.02
199.85
199.62
199.54
199.36
199.18
199.12
198.93
198.8
198.63
198.46
198.15
198.03
197.88
197.68
197.57
197.49
197.18
196.99
196.83
196.55
196.46
196.36
196.18
196.01
195.69
195.49
195.38
195.16
194.99
194.78
194.65
194.45
194.25
194.05
193.84
193.58
193.48
193.35
