133.71
134.32
134.0
133.815
133.68
133.645
133.53
133.38
133.26
133.135
133.075
133.03
132.865
132.89499999999998
133.01
133.03
132.99
133.135
133.225
133.35500000000002
133.44
133.55
133.685
133.81
133.945
134.12
134.32999999999998
134.475
134.685
134.88
135.19
135.29500000000002
135.47500000000002
135.655
135.93
136.35500000000002
136.64
136.755
137.06
137.35000000000002
137.625
137.91
138.175
138.42000000000002
138.75
139.065
139.41000000000003
139.73000000000002
140.105
140.325
140.68
140.98000000000002
141.325
141.715
142.03
142.425
142.65
143.05
143.425
143.815
144.095
144.315
144.73000000000002
145.14
145.565
145.92000000000002
146.255
146.695
147.07999999999998
147.485
147.815
148.14
148.615
149.035
149.59
149.715
150.14
150.59
151.05
151.45
151.64499999999998
152.02499999999998
152.615
153.07
153.45
153.785
154.09500000000003
154.535
155.0
155.505
155.825
156.16
156.625
157.14
157.60000000000002
157.865
158.255
158.71
159.185
159.57999999999998
159.86
160.175
160.67000000000002
161.135
161.51
161.70999999999998
162.015
162.57
162.995
163.32999999999998
163.515
163.81
164.22
164.625
165.39
165.675
166.03
166.385
166.745
166.57
166.835
167.19
167.535
167.905
168.25
168.595
168.735
168.97500000000002
169.36
169.66
169.985
170.2
170.445
170.64
170.915
171.345
171.575
171.72000000000003
172.035
172.325
172.625
172.82999999999998
173.075
173.345
173.72
173.85500000000002
173.95999999999998
174.17000000000002
174.41
174.665
174.885
174.995
175.26999999999998
175.5
175.835
176.05
176.14
176.39
176.6
176.84
177.055
177.16
177.39
177.5
177.695
177.88
178.06
178.26
178.46
178.665
178.86
179.005
179.025
179.47500000000002
179.65
179.67000000000002
179.87
179.97
180.175
180.37
180.62
180.8
180.95999999999998
181.09
181.14999999999998
181.41000000000003
181.575
181.71
181.815
181.925
182.095
182.285
182.47500000000002
182.625
182.79000000000002
182.965
183.065
183.23000000000002
183.28
183.515
183.64999999999998
183.815
183.96
184.08499999999998
184.2
184.35
184.57999999999998
184.73000000000002
184.805
184.945
184.965
185.07999999999998
185.22
185.505
185.655
185.72000000000003
185.83999999999997
185.89
186.065
186.2
186.26
186.35500000000002
186.49
186.63
186.69
186.905
186.94
187.14999999999998
187.26999999999998
187.24
187.315
187.235
187.54000000000002
187.64999999999998
187.805
187.94
188.005
188.13
188.2
188.345
188.42000000000002
188.42000000000002
188.495
188.64999999999998
188.72500000000002
188.97500000000002
189.07
189.01999999999998
189.135
189.22
189.20999999999998
189.305
189.41500000000002
189.515
189.64
189.715
189.815
189.925
190.005
190.01999999999998
190.10500000000002
190.125
190.265
190.375
190.42000000000002
190.45
190.54500000000002
190.615
190.685
190.695
190.755
190.805
190.885
191.01
191.07999999999998
191.14499999999998
191.195
191.27499999999998
191.32
191.39
191.39
191.42000000000002
191.495
191.55
191.605
191.785
191.85500000000002
191.865
191.925
191.96
191.92000000000002
192.015
192.08999999999997
192.15
192.235
192.26999999999998
192.325
192.315
192.375
192.42000000000002
192.45
192.675
192.725
192.64
192.67000000000002
192.725
192.86
192.905
192.845
192.86
192.89499999999998
192.945
192.985
193.13
193.14999999999998
193.105
193.145
193.18
193.235
193.32
193.255
193.28500000000003
193.41000000000003
193.445
193.49
193.535
193.635
193.66000000000003
193.70999999999998
193.635
193.695
193.59
193.64999999999998
193.76999999999998
193.9
193.9
193.85000000000002
193.865
194.035
194.065
194.01
194.01
194.035
193.99
194.005
194.185
194.195
194.12
194.175
194.19
194.215
194.255
194.255
194.28
194.345
194.375
194.42000000000002
194.60000000000002
194.62
194.51999999999998
194.51999999999998
194.61
194.61
194.64
194.51999999999998
194.515
194.68
194.71
194.85
194.87
194.89499999999998
194.94
194.95
194.88
194.91
195.02499999999998
194.97
194.98000000000002
194.89999999999998
194.92000000000002
195.01999999999998
195.03
195.06
195.06
195.08
195.17000000000002
195.185
195.07
195.075
195.105
195.185
195.20499999999998
195.2
195.21499999999997
195.235
195.25
195.245
195.255
195.33999999999997
195.51
195.535
195.365
195.38
195.4
195.41
195.42000000000002
195.495
195.51
195.495
195.505
195.51999999999998
195.54000000000002
195.485
195.57
195.58999999999997
195.55
195.57
195.63
195.64
195.53500000000003
195.6
195.60500000000002
195.715
195.71
195.65
195.65
195.69
195.735
195.745
195.81
195.79
195.74
195.745
195.76
195.77999999999997
195.765
195.805
195.815
195.825
195.81
195.89
195.86
195.87
195.91
195.93
195.87
196.07
196.09
195.925
195.95
196.12
196.13
196.135
196.155
196.02999999999997
196.05
196.06
196.08499999999998
196.08499999999998
196.16500000000002
196.14499999999998
196.16
196.14499999999998
196.15
196.1
196.11
196.13
196.165
196.16
196.16000000000003
196.175
196.075
196.105
196.195
196.2
196.19
196.225
196.235
196.265
196.275
196.26
196.29500000000002
196.305
196.35000000000002
196.365
196.245
196.25
196.41500000000002
196.4
196.42000000000002
196.37
196.405
196.39
196.415
196.56
196.765
196.77
196.78
196.785
196.47500000000002
196.485
196.37
196.37
196.385
196.63
196.64499999999998
196.445
196.48000000000002
196.52499999999998
196.52499999999998
196.47
196.39499999999998
196.41
196.51
196.51
196.505
196.5
196.53
196.54500000000002
196.55
196.54
196.515
196.625
196.625
196.56
196.625
196.635
196.60500000000002
196.62
196.755
196.745
196.765
196.67000000000002
196.675
196.64999999999998
196.69
196.68
196.7
196.63
196.625
196.64
196.79000000000002
196.79
196.71
196.71
196.685
196.73
196.73000000000002
196.65
196.66
196.68
196.665
196.68
196.76
196.775
196.675
196.68
196.84
196.82999999999998
196.82
196.79500000000002
196.79000000000002
196.85000000000002
196.85500000000002
196.885
196.865
196.84
196.86
196.86
196.87
196.865
196.915
196.92000000000002
196.805
196.92000000000002
196.89499999999998
196.935
196.92000000000002
196.98000000000002
196.97500000000002
196.97
197.09
197.085
196.89499999999998
196.88
196.995
196.99
196.96
196.94
196.97
196.96
196.98
196.96
196.985
197.01
196.97
196.97
197.12
197.12
197.07999999999998
197.07999999999998
197.08499999999998
197.0
197.01
197.02499999999998
197.04000000000002
197.135
197.14
197.065
197.07
197.14499999999998
197.07
197.04500000000002
197.08999999999997
197.10000000000002
197.03
197.01
197.11
197.13
197.14
197.10000000000002
197.13
197.125
197.135
197.17000000000002
197.29500000000002
197.305
197.025
197.03
197.01
197.035
197.25
197.065
197.065
197.18
197.18
197.265
197.245
197.155
197.16
197.165
197.25
197.24
197.20499999999998
197.21
197.13
197.365
197.375
197.195
197.20499999999998
197.29000000000002
197.29000000000002
197.32
197.3
197.3
197.44
197.445
197.45999999999998
197.45499999999998
197.375
197.28
197.3
197.265
197.27499999999998
197.345
197.185
197.195
197.245
197.255
197.29000000000002
197.29500000000002
197.35000000000002
197.375
197.375
197.33499999999998
197.32
197.42000000000002
197.43
197.35
197.36
197.39
197.34
197.36
197.35500000000002
197.35000000000002
197.33499999999998
197.33499999999998
197.37
197.25
197.25
197.35000000000002
197.36
197.405
197.435
197.365
197.39499999999998
197.385
197.44
197.435
197.41
197.42000000000002
197.41
197.425
197.42000000000002
197.345
197.33499999999998
197.41
197.42000000000002
197.38
197.385
197.37
197.475
197.495
197.465
197.42000000000002
197.435
197.53
197.535
197.59
197.6
197.58499999999998
197.605
197.45
197.495
197.465
197.47
197.47
197.495
197.485
197.525
197.535
197.515
197.595
197.635
197.635
197.64
197.56
197.57
197.57999999999998
197.625
197.605
197.58999999999997
197.59
197.56
197.44
197.45
197.63
197.63
197.71
197.7
197.58499999999998
197.62
197.63
197.63
197.64
197.64499999999998
197.64
197.70499999999998
197.70999999999998
197.715
197.575
197.595
197.72500000000002
197.73000000000002
197.64499999999998
197.57999999999998
197.57999999999998
197.57999999999998
197.58499999999998
197.57
197.58499999999998
197.69
197.60500000000002
197.62
197.595
197.60500000000002
197.815
197.81
197.61
197.66
197.67000000000002
197.595
197.555
197.74
197.74
197.73000000000002
197.665
197.645
197.67000000000002
197.66
197.735
197.73000000000002
197.655
197.65
197.66
197.70499999999998
197.705
197.82
197.8
197.715
197.655
197.655
197.815
197.8
197.77499999999998
197.76
197.76
197.62
197.61
197.725
197.755
197.705
197.70499999999998
197.775
197.76
197.78
197.805
197.815
197.74
197.735
197.755
197.75
197.745
197.785
197.79
197.74
197.745
197.86
197.83499999999998
197.845
197.8
197.785
197.81
197.81
197.81
197.75
197.76999999999998
197.805
197.805
197.825
197.82999999999998
197.845
197.91
197.91500000000002
197.95499999999998
197.945
197.89499999999998
197.905
197.875
197.945
197.95
197.91000000000003
197.91500000000002
197.995
197.845
197.83499999999998
197.9
197.89
197.89499999999998
197.9
197.905
197.9
197.84
197.885
197.89
197.915
197.935
197.905
197.89
197.885
197.975
197.95
197.965
197.98
197.975
197.98
197.98
197.92000000000002
197.925
198.03
198.06
197.88
197.88
197.975
197.95499999999998
197.96
197.85500000000002
197.85500000000002
197.99
197.99
197.995
197.925
197.93
198.095
198.095
197.995
197.89999999999998
197.89999999999998
197.97
197.98
197.985
198.0
198.005
198.14
198.14
197.93
197.93
198.065
198.06
198.055
197.92000000000002
197.94
198.01999999999998
198.03
197.95999999999998
197.95
198.07
197.99
197.985
198.05
198.055
198.015
198.01999999999998
198.04500000000002
197.98000000000002
197.995
197.985
197.99
198.07
198.075
198.08499999999998
198.08499999999998
198.085
198.03
198.04000000000002
198.03500000000003
198.01
198.035
198.065
198.06
198.245
198.25
198.15
198.14499999999998
198.15
198.10500000000002
198.105
198.12
198.12
198.05
198.055
198.07
198.11
198.115
198.035
198.04000000000002
198.15
198.145
198.145
198.155
198.085
198.1
198.105
198.16
198.16
198.105
198.115
198.11
198.195
198.20999999999998
198.15
198.15
198.11
198.12
198.3
198.20499999999998
198.20499999999998
198.18
198.195
198.255
198.24
198.255
198.225
198.23
198.275
198.29500000000002
198.165
198.19
198.175
198.19
198.185
198.19
198.2
198.20499999999998
198.17000000000002
198.125
198.22
198.23
198.3
198.29500000000002
198.21
198.20499999999998
198.215
198.285
198.31
198.215
198.22
198.305
198.225
198.235
198.235
198.23
198.285
198.28
198.33999999999997
198.32
198.21499999999997
198.255
198.24
198.285
198.27499999999998
198.32999999999998
198.32999999999998
198.275
198.31
198.315
198.315
198.32
198.325
198.33499999999998
198.31
198.24
198.255
198.225
198.22500000000002
198.345
198.345
198.265
198.26
198.265
198.36
198.35500000000002
198.23000000000002
198.20999999999998
198.345
198.345
198.35
198.36
198.365
198.305
198.31
198.27499999999998
198.28
198.28500000000003
198.305
198.32999999999998
198.405
198.39999999999998
198.35500000000002
198.36
198.365
198.34
198.365
198.315
198.31
198.31
198.495
198.495
198.345
198.35
198.365
198.37
198.375
198.4
198.41000000000003
198.41500000000002
198.41000000000003
198.42000000000002
198.425
198.465
198.465
198.42000000000002
198.43
198.435
198.405
198.39
198.44
198.39
198.395
198.51
198.485
198.53
198.54500000000002
198.34
198.415
198.43
198.435
198.435
198.425
198.43
198.43
198.465
198.45
198.345
198.35500000000002
198.365
198.38
198.425
198.415
198.47
198.475
198.45499999999998
198.435
198.435
198.435
198.44
198.47
198.53
198.535
198.52
198.505
198.45499999999998
198.445
198.55
198.4
198.405
198.585
198.585
198.63
198.635
198.55
198.555
198.55
198.55
198.55
198.54
198.535
198.515
198.5
198.495
198.55
198.57
198.58
198.58
198.55
198.495
198.49
198.48
198.47
198.60500000000002
198.62
198.60000000000002
198.57
198.60500000000002
198.54000000000002
198.54000000000002
198.59
198.59
198.59
198.63
198.64499999999998
198.59
198.595
198.62
198.62
198.62
198.56
198.56
198.59500000000003
198.58499999999998
198.63
198.63
198.615
198.565
198.575
198.64
198.64499999999998
198.64499999999998
198.64
198.64499999999998
198.60500000000002
198.59
198.60500000000002
198.60500000000002
198.54500000000002
198.535
198.575
198.565
198.575
198.655
198.66
198.555
198.565
198.82
198.825
198.82
198.64999999999998
198.64499999999998
198.75
198.77
198.68
198.59
198.6
198.62
198.61
198.595
198.58
198.71
198.625
198.615
198.75
198.755
198.64499999999998
198.64
198.735
198.57
198.57
198.635
198.63
198.59
198.61
198.69
198.675
198.69
198.71
198.715
198.72
198.72
198.56
198.72
198.725
198.71
198.675
198.695
198.68
198.625
198.625
198.765
198.745
198.745
198.68
198.68
198.71499999999997
198.75
198.755
198.725
198.73000000000002
198.735
198.73
198.74
198.725
198.74
198.75
198.755
198.765
198.745
198.74
198.74
198.75
198.73000000000002
198.72
198.835
198.84500000000003
198.82
198.725
198.73000000000002
198.74
198.73000000000002
198.735
198.72
198.78500000000003
198.62
198.625
198.76
198.755
198.785
198.79000000000002
198.815
198.75
198.75
198.72500000000002
198.72
198.78500000000003
198.805
198.79500000000002
198.74
198.735
198.72
198.72
198.72500000000002
198.73000000000002
198.745
198.76999999999998
198.78500000000003
198.87
198.885
198.82
198.81
198.8
198.76
198.75
198.78500000000003
198.785
198.69
198.69
198.695
198.695
198.70499999999998
198.84
198.85
198.79500000000002
198.8
198.815
198.915
198.925
198.76
198.76
198.805
198.815
198.86
198.82
198.84
198.965
198.97
198.8
198.79
198.79500000000002
198.865
198.865
198.87
198.875
198.84
198.83
198.85
198.93
198.94
198.84
198.85
198.835
198.83
198.88
198.8
198.81
198.905
198.925
198.905
198.88
198.895
198.89
198.87
198.8
198.81
198.815
198.81
198.85
198.895
198.905
198.905
198.895
198.905
198.9
198.895
198.94
198.94
198.845
198.82999999999998
199.01
198.82
198.83499999999998
198.87
198.875
198.93
198.945
198.92
198.91
198.9
198.905
198.89999999999998
198.78
198.77499999999998
199.07
198.91
198.91500000000002
198.89499999999998
198.92000000000002
198.82999999999998
198.845
198.83499999999998
198.89
198.87
198.865
198.89
198.82
198.825
198.85500000000002
198.96499999999997
198.96499999999997
198.97
198.975
198.93
198.9
198.94
198.91500000000002
198.91500000000002
198.94
198.925
198.99
198.99
198.95
198.825
198.83999999999997
198.905
198.91000000000003
198.96499999999997
198.98000000000002
198.925
198.945
198.935
198.99
198.97500000000002
198.885
198.88
198.945
198.945
198.945
199.10500000000002
199.07999999999998
199.04500000000002
199.03
198.995
199.005
198.91
198.94
198.925
198.91500000000002
198.92000000000002
199.005
199.01
199.055
198.88
198.85
199.01
199.015
199.015
199.02
199.01
199.09
199.08499999999998
199.05
199.06
199.035
199.05
198.97
199.06
199.06
198.975
198.995
198.95
199.04500000000002
199.035
199.11
199.11
199.04500000000002
199.03
198.97
198.95499999999998
199.0
199.035
199.03
199.0
198.995
199.03500000000003
199.04500000000002
199.065
198.99
198.98000000000002
198.95999999999998
198.97
199.015
199.03
199.105
198.95999999999998
198.95
199.085
199.11
199.12
199.11
199.075
199.025
199.03
198.98000000000002
198.97
199.1
199.13
199.1
199.13
199.12
199.09
199.08499999999998
199.03
199.01999999999998
198.98000000000002
198.875
198.87
199.01
199.005
199.08499999999998
199.07999999999998
199.08499999999998
199.03
199.04500000000002
199.06
199.07
199.06
199.075
199.055
199.04500000000002
199.04000000000002
199.05
199.06
199.07
199.04500000000002
198.97
198.97500000000002
199.175
199.115
199.1
199.065
199.07
199.215
199.20999999999998
199.2
199.135
199.14
199.125
199.11
199.20499999999998
199.235
199.22
199.14
199.14499999999998
199.19
199.19
199.14
199.17000000000002
199.19
199.135
199.15
199.17000000000002
199.125
199.12
199.13
199.125
199.105
199.105
199.115
199.11
199.165
199.165
199.155
199.165
199.16
199.17000000000002
199.17000000000002
199.07999999999998
199.11
199.125
199.135
199.13
199.18
199.18
199.18
199.135
199.155
199.175
199.18
199.25
199.14499999999998
199.13
199.205
199.20499999999998
199.14999999999998
199.15
199.13
199.14499999999998
199.32999999999998
199.14999999999998
199.155
199.155
199.16000000000003
199.115
199.115
199.19
199.14
199.14
199.345
199.345
199.23000000000002
199.235
199.215
199.19
199.2
199.265
199.265
199.29500000000002
199.3
199.195
199.245
199.245
199.23000000000002
199.25
199.25
199.245
199.16000000000003
199.19
199.18
199.255
199.235
199.135
199.15
199.19
199.22000000000003
199.215
199.22
199.22000000000003
199.23000000000002
199.24
199.23000000000002
199.20499999999998
199.22000000000003
199.16
199.17000000000002
199.24
199.23000000000002
199.28
199.20499999999998
199.2
199.22500000000002
199.20999999999998
199.385
199.39
199.3
199.27499999999998
199.27499999999998
199.26999999999998
199.26
199.135
199.12
199.245
199.24
199.245
199.16500000000002
199.18
199.32
199.315
199.32
199.27499999999998
199.27999999999997
199.255
199.27999999999997
199.345
199.35000000000002
199.315
199.27999999999997
199.27999999999997
199.235
199.24
199.325
199.27499999999998
199.265
199.26
199.26999999999998
199.27999999999997
199.295
199.24
199.385
199.39999999999998
199.215
199.25
199.29500000000002
199.29500000000002
199.29500000000002
199.305
199.3
199.22
199.20499999999998
199.325
199.32999999999998
199.24
199.29
199.29000000000002
199.29000000000002
199.3
199.33499999999998
199.35500000000002
199.345
199.37
199.29
199.275
199.29500000000002
199.41
199.41
199.41000000000003
199.41000000000003
199.265
199.325
199.32999999999998
199.325
199.325
199.33499999999998
199.35500000000002
199.39
199.32999999999998
199.32999999999998
199.245
199.265
199.305
199.32
199.325
199.32999999999998
199.31
199.34
199.36
199.32
199.325
199.37
199.305
199.31
199.375
199.345
199.39
199.4
199.3
199.345
199.345
199.385
199.36
199.305
199.325
199.32999999999998
199.39
199.39499999999998
199.365
199.395
199.43
199.43
199.47500000000002
199.34
199.35000000000002
199.34
199.345
199.405
199.41500000000002
199.32999999999998
199.29500000000002
199.3
199.31
199.295
199.31
199.32999999999998
199.39
199.465
199.475
199.34
199.32
199.35500000000002
199.355
199.425
199.42000000000002
199.425
199.585
199.595
199.32
199.325
199.325
199.32999999999998
199.34
199.315
199.32999999999998
199.35
199.32999999999998
199.32999999999998
199.35000000000002
199.38
199.22500000000002
199.23000000000002
199.38
199.39
199.515
199.425
199.43
199.38
199.375
199.45
199.45499999999998
199.455
199.47
199.475
199.435
199.435
199.405
199.425
199.455
199.45
199.45499999999998
199.435
199.43
199.39
199.4
199.375
199.375
199.38
199.385
199.39
199.455
199.45
199.42000000000002
199.465
199.47
199.465
199.465
199.445
199.46
199.265
199.26999999999998
199.405
199.495
199.5
199.49
199.49
199.48000000000002
199.48000000000002
199.43
199.37
199.37
199.36
199.37
199.51
199.495
199.445
199.41
199.405
199.39499999999998
199.4
199.4
199.42000000000002
199.425
199.39
199.37
199.52499999999998
199.52999999999997
199.365
199.375
199.485
199.47500000000002
199.47
199.39999999999998
199.405
199.58999999999997
199.36
199.38
199.44
199.43
199.42000000000002
199.435
199.51999999999998
199.535
199.445
199.475
199.49
199.49
199.49
199.45499999999998
199.44
199.45
199.54
199.55
199.505
199.51999999999998
199.495
199.5
199.49
199.51
199.505
199.555
199.56
199.47
199.605
199.605
199.52499999999998
199.495
199.47
199.465
199.47
199.425
199.41
199.495
199.5
199.595
199.58999999999997
199.58999999999997
199.57
199.57
199.47
199.47500000000002
199.485
199.485
199.475
199.465
199.47000000000003
199.54500000000002
199.54
199.485
199.48000000000002
199.53
199.45
199.465
199.60500000000002
199.61
199.51999999999998
199.535
199.54000000000002
199.54000000000002
199.54500000000002
199.60500000000002
199.62
199.445
199.45499999999998
199.49
199.485
199.51
199.565
199.58499999999998
199.45
199.47000000000003
199.595
199.515
199.5
199.37
199.38
199.57
199.56
199.52999999999997
199.52499999999998
199.51999999999998
199.47
199.465
199.52499999999998
199.56
199.55
199.54
199.515
199.54500000000002
199.54000000000002
199.54500000000002
199.52999999999997
199.57
199.675
199.68
199.57999999999998
199.57
199.615
199.60000000000002
199.575
199.58499999999998
199.57999999999998
199.61
199.61
199.56
199.57
199.51
199.465
199.47500000000002
199.64999999999998
199.655
199.54000000000002
199.58999999999997
199.595
199.575
199.58999999999997
199.555
199.55
199.64499999999998
199.64
199.66500000000002
199.63
199.625
199.625
199.61
199.64
199.65
199.65
199.58999999999997
199.59
199.845
199.85
199.595
199.655
199.645
199.675
199.66500000000002
199.59
199.59
199.615
199.595
199.58499999999998
199.63
199.635
199.715
199.695
199.595
199.655
199.66500000000002
199.635
199.64499999999998
199.62
199.6
199.575
199.685
199.695
199.66500000000002
199.685
199.73000000000002
199.73000000000002
199.65
199.70999999999998
199.725
199.6
199.595
199.625
199.63
199.64
199.695
199.7
199.64
199.63
199.63
199.635
199.66
199.635
199.61
199.67000000000002
199.655
199.62
199.61
199.555
199.715
199.71
199.675
199.66000000000003
199.715
199.715
199.65
199.58499999999998
199.555
199.69
199.705
199.705
199.705
199.57999999999998
199.59
199.585
199.71
199.715
199.62
199.61
199.61
199.595
199.61
199.625
199.63
199.655
199.645
199.72
199.685
199.685
199.71
199.7
199.735
199.735
199.705
199.725
199.72500000000002
199.765
199.755
199.72
199.715
199.645
199.675
199.66
199.6
199.605
199.81
199.805
199.86
199.765
199.76
199.73
199.72
199.695
199.71
199.7
199.695
199.71
199.75
199.735
199.76999999999998
199.745
199.755
199.72500000000002
199.725
199.73
199.71
199.77
199.775
199.77499999999998
199.60000000000002
199.61
199.61
199.60500000000002
199.74
199.745
199.72
199.775
199.78
199.74
199.77
199.78
199.765
199.755
199.75
199.74
199.735
199.735
199.7
199.75
199.75
199.74
199.745
199.695
199.7
199.70499999999998
199.655
199.66000000000003
199.735
199.75
199.805
199.805
199.70999999999998
199.775
199.775
199.64499999999998
199.64499999999998
199.71
199.71499999999997
199.715
199.79000000000002
199.78
199.68
199.685
199.68
199.68
199.83499999999998
199.79000000000002
199.79500000000002
199.75
199.755
199.715
199.695
199.755
199.82999999999998
199.83499999999998
199.865
199.86
199.73000000000002
199.74
199.89999999999998
199.78
199.78500000000003
199.82
199.83499999999998
199.745
199.72
199.68
199.805
199.81
199.89999999999998
199.905
199.745
199.765
199.87
199.82999999999998
199.845
199.685
199.685
199.70499999999998
199.695
199.78
199.79000000000002
199.8
199.695
199.72500000000002
199.865
199.88
199.74
199.76999999999998
199.765
199.84
199.83499999999998
199.79500000000002
199.79500000000002
199.76
199.78
199.77499999999998
199.905
199.91500000000002
199.815
199.825
199.845
199.845
199.85500000000002
199.89499999999998
199.89
199.87
199.9
199.91500000000002
199.86
199.86
199.755
199.76
199.74
199.75
199.805
199.87
199.875
199.91
199.9
199.82999999999998
199.86
199.9
199.70999999999998
199.69
199.7
199.70999999999998
199.715
199.70499999999998
199.755
199.87
199.865
199.845
199.855
199.82999999999998
199.82999999999998
199.825
199.815
199.815
199.84
199.84
199.875
199.885
199.745
199.75
199.98000000000002
199.9
199.9
200.02499999999998
200.01
199.89
199.89499999999998
199.9
199.85500000000002
199.845
199.89999999999998
199.89
199.79500000000002
199.805
199.805
199.76
199.755
199.725
199.75
199.86
199.73000000000002
199.74
199.85000000000002
199.84
199.755
199.77499999999998
199.775
199.78
199.825
199.775
199.79500000000002
199.82
199.845
199.87
199.865
199.805
199.83499999999998
199.83499999999998
199.865
199.86
199.755
199.755
199.755
199.885
199.875
199.89
199.91
199.83499999999998
199.815
199.905
199.755
199.75
199.92000000000002
199.92000000000002
199.79000000000002
199.78
199.965
199.82
199.825
199.95499999999998
199.95499999999998
199.95499999999998
199.95499999999998
199.89999999999998
199.99
199.98000000000002
199.9
199.9
200.005
200.0
199.87
199.97
199.98
199.89499999999998
199.865
199.885
199.88
199.895
199.89499999999998
199.89499999999998
199.85500000000002
199.875
199.975
199.99
199.99
200.0
200.03
199.89499999999998
199.885
199.845
199.925
199.935
199.925
199.92000000000002
199.89499999999998
199.89999999999998
199.925
199.935
199.95999999999998
199.97500000000002
199.95
199.96499999999997
199.95499999999998
199.875
199.875
199.87
199.815
199.825
200.01
199.99
199.91
199.94
199.95
199.935
199.94
199.945
199.94
199.94
199.94
199.92000000000002
199.93
199.94
200.0
200.0
199.97
199.95999999999998
199.975
199.915
199.935
199.84
199.845
199.94
199.935
199.94
199.95999999999998
199.97500000000002
199.995
199.975
199.765
199.78500000000003
199.885
200.07999999999998
200.07999999999998
199.94
199.935
199.94
199.95499999999998
200.015
200.01
199.995
199.94
199.94
199.83499999999998
199.805
199.84
199.92000000000002
199.92000000000002
199.81
199.815
199.79000000000002
199.79500000000002
199.845
199.935
199.94
199.95499999999998
199.96
199.81
199.845
199.905
199.86
199.85
199.84
199.845
199.825
199.84
199.91
199.985
199.995
199.93
199.915
199.865
199.87
199.915
199.925
199.9
199.935
199.935
199.93
199.935
199.945
199.95
200.01999999999998
199.99
200.01999999999998
200.01
200.01
200.0
199.995
199.945
199.94
199.91500000000002
199.925
199.91500000000002
199.96499999999997
199.94
199.935
199.86
199.865
199.97500000000002
199.96499999999997
199.945
199.95
199.9
199.94
199.95
199.945
199.95499999999998
199.97
200.005
199.995
200.02
200.04
199.885
199.865
199.98
200.075
200.07
200.01
199.985
199.855
199.83499999999998
199.845
199.82
199.99
199.81
199.785
199.765
199.76
199.76999999999998
199.76
199.77
199.82
199.82
199.85500000000002
199.86
199.87
199.875
199.89
199.89999999999998
199.91
199.965
199.985
200.11
200.125
200.135
200.14
200.135
200.125
200.11
199.925
199.89
199.89
199.915
199.87
199.755
199.715
199.675
199.60000000000002
199.55
199.58499999999998
199.56
199.375
199.315
199.355
199.285
199.235
199.16
199.10000000000002
199.05
198.96499999999997
198.8
198.68
198.59
198.575
198.53
198.37
198.25
198.13
198.0
197.82999999999998
197.725
197.61
197.51
197.35000000000002
197.18
196.97
196.89
196.73000000000002
196.565
196.51
196.32999999999998
196.205
196.035
195.875
195.57
195.45999999999998
195.32
195.135
195.04500000000002
194.91000000000003
194.66
194.49
194.34
194.08
193.945
193.905
193.735
193.57999999999998
193.26999999999998
193.085
192.98000000000002
192.785
192.625
192.43
192.265
192.12
191.925
191.735
191.54500000000002
191.3
191.20499999999998
191.08499999999998
