151.3
151.29
151.38
151.67
151.95
152.1
152.4
152.55
153.03
153.19
153.37
153.75
153.87
154.23
154.38
154.59
154.69
154.96
155.08
155.4
155.59
155.57
155.8
155.86
156.09
156.33
156.46
156.65
156.75
156.98
157.16
157.4
157.5
157.69
157.71
157.85
158.08
158.28
158.39
158.5
158.79
158.91
159.01
159.08
159.23
159.3
159.51
159.57
159.76
159.85
160.0
160.14
160.31
160.43
160.55
160.8
160.89
161.03
161.07
161.18
161.25
161.48
161.57
161.76
161.86
162.03
162.11
162.1
162.22
162.41
162.62
162.69
162.68
162.72
162.83
162.88
162.95
163.05
163.08
163.23
163.45
163.58
163.45
163.57
163.68
163.84
163.96
164.12
164.23
164.29
164.38
164.2
164.32
164.41
164.52
164.7
164.76
164.77
164.79
164.91
164.96
165.03
165.05
165.09
165.14
165.24
165.29
165.33
165.42
165.46
165.53
165.58
165.9
165.98
165.8
165.87
165.99
166.09
166.03
166.09
166.2
166.19
166.22
166.25
166.31
166.36
166.42
166.57
166.6
166.48
166.53
166.68
166.71
166.73
166.77
166.94
167.0
166.87
166.98
167.01
167.04
167.08
167.21
167.26
167.29
167.36
167.38
167.41
167.28
167.32
167.49
167.54
167.56
167.58
167.6
167.63
167.67
167.76
167.81
167.82
167.85
167.76
167.78
167.89
167.92
167.97
167.98
167.96
168.0
168.02
168.02
168.04
168.03
168.04
168.22
168.22
168.24
168.29
168.27
168.32
168.32
168.39
168.44
168.48
168.59
168.65
168.54
168.55
168.6
168.56
168.62
168.75
168.78
168.74
168.75
168.86
168.88
168.92
168.93
168.84
168.9
168.91
168.94
168.97
169.02
169.02
169.03
169.06
169.03
169.06
169.18
169.23
169.13
169.15
169.06
169.07
169.21
169.23
169.32
169.32
169.32
169.35
169.36
169.4
169.34
169.36
169.4
169.52
169.55
169.46
169.51
169.51
169.53
169.61
169.63
169.65
169.67
169.57
169.57
169.73
169.77
169.78
169.8
169.77
169.8
169.75
169.82
169.86
169.76
169.77
169.89
169.92
169.84
169.84
169.99
169.99
170.1
170.12
169.89
169.9
170.05
170.08
170.02
170.19
170.2
170.08
170.1
170.12
170.14
170.18
170.2
170.24
170.23
170.18
170.2
170.23
170.25
170.25
170.26
170.29
170.3
170.32
170.25
170.26
170.3
170.3
170.36
170.36
170.35
170.37
170.42
170.46
170.39
170.4
170.6
170.6
170.61
170.5
170.51
170.61
170.62
170.6
170.63
170.58
170.6
170.71
170.74
170.75
170.76
170.69
170.69
170.69
170.68
170.74
170.78
170.79
170.72
170.75
170.72
170.72
170.78
170.79
170.89
170.92
170.82
170.84
170.84
170.91
170.92
170.95
170.96
171.02
171.03
170.96
170.99
171.0
171.01
170.96
171.0
171.06
171.06
171.08
171.09
171.09
171.07
171.07
171.22
171.23
171.09
171.12
171.2
171.19
171.31
171.33
171.22
171.23
171.23
171.24
171.22
171.31
171.29
171.2
171.22
171.34
171.35
171.35
171.36
171.37
171.37
171.44
171.45
171.4
171.4
171.46
171.46
171.45
171.48
171.58
171.43
171.47
171.53
171.53
171.61
171.6
171.67
171.68
171.68
171.71
171.67
171.7
171.65
171.64
171.72
171.69
171.73
171.74
171.7
171.73
171.88
171.74
171.75
171.77
171.76
171.72
171.73
171.88
171.89
171.84
171.88
171.84
171.85
171.88
171.89
171.89
171.88
171.85
171.84
171.9
171.92
171.92
171.92
171.92
171.99
172.0
171.97
172.01
171.95
171.99
172.12
172.12
172.08
172.08
172.08
172.09
172.1
172.19
172.19
172.1
172.14
172.16
172.18
172.2
172.23
172.19
172.2
172.18
172.26
172.25
172.22
172.24
172.25
172.27
172.31
172.31
172.22
172.24
172.29
172.3
172.32
172.34
172.41
172.41
172.38
172.39
172.41
172.41
172.37
172.31
172.3
172.43
172.44
172.48
172.5
172.54
172.55
172.52
172.53
172.49
172.51
172.59
172.59
172.54
172.55
172.53
172.57
172.6
172.51
172.51
172.66
172.66
172.71
172.71
172.58
172.61
172.6
172.62
172.72
172.72
172.67
172.68
172.67
172.74
172.74
172.77
172.75
172.65
172.67
172.77
172.77
172.7
172.72
172.8
172.82
172.78
172.77
172.85
172.88
172.85
172.88
172.91
172.92
172.92
173.03
173.01
172.8
172.81
172.88
172.89
173.23
173.21
172.94
172.95
172.92
172.93
173.01
172.93
172.95
173.08
173.09
173.05
173.04
173.06
173.06
173.12
173.15
173.12
173.14
173.09
173.1
173.19
173.19
173.13
173.17
173.17
173.16
173.17
173.24
173.25
173.14
173.17
173.17
173.18
173.29
173.31
173.59
173.24
173.25
173.29
173.28
173.23
173.23
173.31
173.32
173.34
173.33
173.36
173.36
173.38
173.41
173.42
173.46
173.34
173.36
173.49
173.45
173.44
173.51
173.5
173.41
173.44
173.49
173.5
173.5
173.49
173.56
173.58
173.58
173.62
173.47
173.47
173.57
173.53
173.53
173.53
173.52
173.56
173.54
173.6
173.61
173.61
173.63
173.71
173.7
173.53
173.81
173.8
173.63
173.61
173.6
173.61
173.69
173.72
173.78
173.81
173.75
173.75
173.77
173.78
173.73
173.73
173.89
173.84
173.86
173.81
173.81
173.75
173.74
173.87
173.88
173.86
173.88
173.87
173.85
173.88
173.89
173.9
173.88
173.85
173.92
173.95
174.01
174.05
173.83
173.85
173.85
173.86
174.12
174.13
174.03
174.04
173.99
173.97
174.03
174.05
174.09
174.17
174.18
173.92
173.93
174.16
174.16
174.04
174.08
174.13
174.14
174.12
174.1
174.18
174.2
174.12
174.12
174.14
174.32
174.32
174.28
174.27
174.23
174.25
174.32
174.34
174.33
174.35
174.19
174.19
174.3
174.28
174.28
174.29
174.19
174.35
174.32
174.28
174.28
174.28
174.27
174.33
174.33
174.38
174.39
174.43
174.48
174.48
174.48
174.32
174.32
174.31
174.44
174.45
174.43
174.45
174.45
174.46
174.51
174.5
174.39
174.38
174.54
174.56
174.56
174.57
174.47
174.57
174.58
174.59
174.62
174.53
174.55
174.55
174.53
174.54
174.53
174.58
174.56
174.55
174.55
174.6
174.6
174.62
174.61
174.62
174.67
174.66
174.59
174.6
174.64
174.66
174.64
174.67
174.67
174.68
174.75
174.7
174.71
174.71
174.72
174.71
174.71
174.71
174.69
174.72
174.69
174.89
174.89
174.81
174.81
174.8
174.79
174.9
174.8
174.8
174.92
174.92
174.84
174.82
174.92
174.94
174.98
174.98
174.99
175.0
175.02
175.05
175.05
174.97
174.99
174.89
174.92
174.96
174.97
174.94
174.96
175.11
175.11
175.09
175.1
175.01
175.03
175.11
175.02
175.03
175.01
175.01
175.17
175.17
175.1
175.08
175.04
175.06
175.07
175.09
175.06
175.07
175.06
175.09
175.19
175.19
175.18
175.18
175.18
175.14
175.14
175.09
175.09
175.19
175.17
175.18
175.2
175.24
175.23
175.31
175.31
175.29
175.3
175.27
175.38
175.37
175.37
175.37
175.22
175.24
175.35
175.33
175.25
175.28
175.21
175.25
175.4
175.38
175.39
175.4
175.28
175.44
175.44
175.38
175.36
175.25
175.28
175.41
175.41
175.43
175.39
175.37
175.37
175.46
175.48
175.37
175.4
175.51
175.51
175.53
175.45
175.46
175.42
175.42
175.45
175.42
175.63
175.64
175.51
175.52
175.48
175.51
175.66
175.66
175.5
175.48
175.58
175.57
175.59
175.59
175.54
175.64
175.65
175.64
175.65
175.58
175.59
175.72
175.74
175.68
175.7
175.7
175.69
175.64
175.63
175.65
175.68
175.67
175.76
175.74
175.59
175.6
175.65
175.65
175.64
175.67
175.72
175.72
175.72
175.72
175.75
175.74
175.76
175.76
175.76
175.8
175.84
175.74
175.75
175.66
175.67
175.86
175.85
175.71
175.68
175.82
175.83
175.84
175.84
175.96
175.97
175.86
175.87
175.85
175.88
175.91
176.04
176.05
175.96
175.98
175.95
175.95
176.01
175.99
175.94
175.94
175.95
175.98
176.0
175.96
175.94
175.93
175.86
176.01
176.01
176.07
176.07
175.92
175.95
175.94
175.93
176.03
176.04
176.09
176.1
176.05
176.06
176.04
176.07
176.08
176.07
176.09
176.07
176.06
176.06
176.09
176.13
176.16
176.15
176.16
176.17
176.17
176.19
176.19
176.25
176.27
176.18
176.22
176.21
176.22
176.22
176.18
176.22
176.19
176.2
176.1
176.11
176.19
176.21
176.2
176.21
176.13
176.16
176.21
176.3
176.3
176.35
176.36
176.33
176.32
176.25
176.26
176.32
176.33
176.23
176.23
176.25
176.23
176.35
176.35
176.34
176.34
176.36
176.45
176.45
176.37
176.38
176.34
176.36
176.29
176.26
176.37
176.39
176.45
176.44
176.45
176.45
176.47
176.46
176.47
176.49
176.49
176.34
176.34
176.45
176.45
176.59
176.59
176.39
176.39
176.47
176.47
176.57
176.49
176.5
176.57
176.56
176.52
176.51
176.48
176.49
176.48
176.47
176.43
176.44
176.59
176.6
176.52
176.53
176.64
176.53
176.55
176.61
176.62
176.66
176.67
176.54
176.54
176.58
176.6
176.62
176.63
176.57
176.58
176.7
176.7
176.74
176.73
176.75
176.86
176.87
176.65
176.66
176.69
176.68
176.77
176.76
176.7
176.7
176.67
176.68
176.78
176.78
176.81
176.84
176.83
176.84
176.87
176.79
176.81
176.88
176.87
176.83
176.83
176.77
176.77
176.86
176.86
176.82
176.84
176.88
176.89
176.88
176.97
176.98
176.91
176.89
176.86
176.89
176.94
176.96
176.85
176.84
176.91
176.9
176.95
176.97
176.99
177.01
177.08
177.1
176.9
177.01
177.02
176.99
176.97
176.95
176.96
177.13
177.14
177.08
177.08
177.04
177.04
176.98
176.96
177.09
176.95
176.97
177.15
177.12
177.07
177.07
177.08
177.11
177.0
176.97
177.06
177.08
177.16
177.16
177.07
177.08
177.08
177.12
177.16
177.1
177.09
177.2
177.17
177.24
177.26
177.13
177.14
177.28
177.28
177.22
177.22
177.26
177.18
177.18
177.17
177.21
177.32
177.32
177.34
177.34
177.27
177.28
177.27
177.28
177.24
177.25
177.21
177.21
177.29
177.31
177.31
177.31
177.31
177.33
177.33
177.3
177.34
177.3
177.3
177.44
177.41
177.32
177.32
177.42
177.45
177.3
177.33
177.41
177.41
177.38
177.56
177.55
177.4
177.43
177.44
177.45
177.45
177.45
177.44
177.42
177.33
177.33
177.57
177.57
177.51
177.54
177.54
177.54
177.56
177.5
177.52
177.58
177.59
177.55
177.53
177.57
177.57
177.52
177.53
177.51
177.5
177.41
177.41
177.44
177.44
177.46
177.49
177.48
177.46
177.47
177.6
177.59
177.54
177.54
177.64
177.65
177.69
177.69
177.65
177.66
177.55
177.56
177.68
177.69
177.65
177.66
177.66
177.68
177.68
177.68
177.7
177.68
177.68
177.61
177.61
177.74
177.74
177.57
177.58
177.68
177.62
177.63
177.72
177.71
177.69
177.69
177.76
177.75
177.76
177.78
177.74
177.72
177.74
177.74
177.77
177.74
177.74
177.75
177.78
177.7
177.7
177.75
177.72
177.83
177.84
177.82
177.84
177.83
177.84
177.86
177.8
177.82
177.88
177.89
177.84
177.83
177.8
177.81
177.77
177.79
178.0
178.0
177.84
177.87
177.75
177.75
177.76
177.73
177.82
177.97
177.98
177.95
177.97
177.91
177.93
