159.34
159.33
159.42
159.42
159.42
159.42
159.38
159.38
159.49
159.48
159.34
159.45
159.42
159.53
159.53
159.5
159.5
159.54
159.56
159.66
159.66
159.52
159.56
159.52
159.56
159.77
159.66
159.69
159.69
159.74
159.85
159.93
159.96
159.99
159.93
159.93
160.09
160.1
160.07
160.1
160.23
160.3
160.26
160.31
160.3
160.33
160.38
160.39
160.44
160.46
160.51
160.62
160.64
160.75
160.75
160.88
160.92
160.96
160.95
160.96
160.98
161.13
161.19
161.28
161.37
161.42
161.46
161.36
161.4
161.56
161.71
161.74
161.66
161.69
161.72
161.77
161.75
161.82
161.8
161.9
162.1
162.17
162.01
162.08
162.15
162.27
162.36
162.51
162.57
162.59
162.65
162.51
162.55
162.67
162.72
162.85
162.89
162.87
162.88
162.98
163.04
163.06
163.09
163.11
163.16
163.22
163.25
163.29
163.36
163.41
163.44
163.54
163.83
163.89
163.7
163.78
163.91
163.97
163.94
163.98
164.13
164.09
164.12
164.14
164.21
164.3
164.32
164.47
164.51
164.4
164.44
164.61
164.68
164.66
164.72
164.89
164.96
164.83
164.95
165.01
165.02
165.08
165.22
165.29
165.34
165.42
165.47
165.5
165.42
165.42
165.65
165.69
165.75
165.78
165.83
165.85
165.93
166.0
166.1
166.15
166.19
166.12
166.15
166.26
166.36
166.39
166.45
166.42
166.48
166.51
166.54
166.6
166.58
166.64
166.81
166.84
166.87
166.95
166.95
167.02
167.04
167.13
167.22
167.25
167.4
167.45
167.37
167.41
167.47
167.47
167.53
167.69
167.71
167.7
167.71
167.86
167.88
167.94
168.0
167.92
168.01
168.03
168.08
168.12
168.2
168.25
168.28
168.33
168.32
168.38
168.53
168.59
168.52
168.56
168.5
168.52
168.69
168.75
168.88
168.88
168.94
168.96
169.03
169.07
169.04
169.06
169.15
169.28
169.34
169.29
169.34
169.38
169.42
169.54
169.57
169.63
169.66
169.59
169.6
169.81
169.84
169.91
169.94
169.93
169.99
169.96
170.08
170.13
170.07
170.1
170.23
170.28
170.23
170.25
170.44
170.48
170.58
170.63
170.42
170.47
170.62
170.69
170.66
170.85
170.9
170.79
170.87
170.88
170.91
170.98
171.04
171.11
171.12
171.11
171.13
171.18
171.23
171.26
171.27
171.36
171.38
171.43
171.4
171.4
171.5
171.53
171.59
171.62
171.63
171.68
171.77
171.82
171.76
171.8
172.02
172.05
172.1
171.99
172.05
172.16
172.19
172.17
172.23
172.23
172.25
172.41
172.43
172.49
172.51
172.47
172.52
172.51
172.57
172.61
172.68
172.72
172.67
172.72
172.71
172.74
172.81
172.85
172.97
173.03
172.97
172.99
173.03
173.09
173.11
173.18
173.23
173.32
173.33
173.3
173.33
173.38
173.4
173.37
173.45
173.51
173.54
173.56
173.61
173.63
173.63
173.68
173.81
173.86
173.74
173.8
173.88
173.9
174.02
174.07
173.98
174.01
174.03
174.06
174.08
174.16
174.18
174.1
174.15
174.28
174.3
174.32
174.36
174.36
174.42
174.49
174.53
174.5
174.52
174.61
174.63
174.65
174.67
174.8
174.69
174.73
174.8
174.81
174.93
174.94
175.04
175.06
175.08
175.11
175.09
175.13
175.11
175.11
175.2
175.22
175.25
175.3
175.26
175.3
175.48
175.36
175.39
175.42
175.41
175.4
175.42
175.59
175.64
175.57
175.65
175.62
175.65
175.69
175.72
175.74
175.74
175.75
175.74
175.83
175.84
175.87
175.9
175.89
175.99
176.02
176.04
176.06
176.02
176.05
176.22
176.25
176.22
176.23
176.24
176.27
176.29
176.39
176.43
176.34
176.4
176.45
176.48
176.54
176.57
176.56
176.56
176.59
176.64
176.69
176.66
176.69
176.69
176.77
176.79
176.82
176.75
176.79
176.84
176.88
176.9
176.93
177.01
177.05
177.02
177.05
177.1
177.09
177.1
177.02
177.06
177.17
177.21
177.27
177.29
177.33
177.39
177.36
177.38
177.37
177.39
177.5
177.51
177.47
177.47
177.49
177.54
177.58
177.48
177.51
177.7
177.69
177.76
177.77
177.66
177.69
177.71
177.72
177.85
177.86
177.82
177.86
177.85
177.94
177.96
177.98
177.98
177.91
177.93
178.04
178.04
178.0
178.04
178.12
178.15
178.12
178.14
178.24
178.26
178.24
178.29
178.35
178.35
178.36
178.48
178.48
178.28
178.31
178.38
178.41
178.77
178.77
178.49
178.52
178.5
178.54
178.6
178.52
178.57
178.72
178.73
178.71
178.71
178.73
178.76
178.82
178.86
178.84
178.88
178.83
178.86
178.95
178.97
178.9
178.98
179.0
178.99
179.03
179.09
179.11
179.0
179.04
179.06
179.08
179.21
179.23
179.52
179.18
179.19
179.25
179.25
179.22
179.22
179.32
179.33
179.37
179.36
179.41
179.44
179.48
179.5
179.53
179.56
179.45
179.48
179.64
179.59
179.61
179.66
179.69
179.58
179.63
179.69
179.69
179.73
179.73
179.8
179.81
179.85
179.86
179.74
179.75
179.87
179.81
179.84
179.85
179.85
179.91
179.88
179.97
179.98
179.99
180.01
180.12
180.1
179.95
180.23
180.24
180.08
180.07
180.04
180.07
180.17
180.19
180.3
180.31
180.27
180.26
180.32
180.31
180.29
180.3
180.46
180.42
180.46
180.4
180.4
180.36
180.35
180.51
180.52
180.49
180.53
180.52
180.52
180.53
180.57
180.59
180.58
180.58
180.63
180.68
180.76
180.78
180.58
180.59
180.6
180.62
180.89
180.91
180.8
180.82
180.78
180.78
180.85
180.88
180.92
181.0
181.02
180.76
180.77
181.03
181.03
180.92
180.93
181.03
181.05
181.02
181.0
181.1
181.12
181.05
181.06
181.07
181.28
181.26
181.25
181.24
181.22
181.24
181.32
181.35
181.33
181.38
181.23
181.23
181.34
181.32
181.35
181.37
181.28
181.43
181.42
181.38
181.39
181.37
181.38
181.46
181.46
181.52
181.54
181.61
181.63
181.64
181.66
181.5
181.51
181.5
181.62
181.64
181.65
181.68
181.66
181.69
181.75
181.75
181.64
181.63
181.81
181.8
181.83
181.86
181.77
181.86
181.88
181.91
181.94
181.84
181.86
181.88
181.88
181.87
181.87
181.91
181.94
181.91
181.93
181.97
181.99
182.02
182.0
182.02
182.07
182.06
181.99
182.02
182.08
182.11
182.11
182.11
182.13
182.14
182.19
182.17
182.18
182.2
182.21
182.17
182.21
182.19
182.22
182.22
182.22
182.4
182.41
182.33
182.34
182.35
182.34
182.45
182.35
182.35
182.48
182.51
182.41
182.39
182.51
182.53
182.59
182.59
182.62
182.62
182.64
182.66
182.67
182.62
182.65
182.55
182.58
182.61
182.63
182.62
182.62
182.79
182.79
182.79
182.81
182.7
182.75
182.81
182.74
182.73
182.75
182.76
182.91
182.92
182.85
182.84
182.79
182.85
182.84
182.86
182.84
182.87
182.87
182.89
183.01
183.0
183.01
182.98
183.03
182.97
182.98
182.92
182.94
183.05
183.05
183.07
183.07
183.12
183.11
183.2
183.2
183.18
183.21
183.19
183.3
183.28
183.31
183.3
183.15
183.16
183.31
183.32
183.22
183.25
183.19
183.23
183.35
183.37
183.38
183.41
183.3
183.44
183.44
183.39
183.4
183.26
183.31
183.44
183.46
183.43
183.44
183.41
183.42
183.52
183.53
183.43
183.47
183.58
183.58
183.6
183.51
183.53
183.53
183.52
183.55
183.54
183.74
183.74
183.63
183.64
183.6
183.65
183.8
183.82
183.65
183.64
183.73
183.73
183.75
183.76
183.72
183.82
183.83
183.81
183.82
183.77
183.79
183.92
183.95
183.9
183.91
183.93
183.92
183.88
183.86
183.89
183.9
183.91
184.0
183.99
183.85
183.86
183.91
183.92
183.93
183.94
183.98
184.0
183.98
184.0
184.03
184.03
184.04
184.05
184.05
184.09
184.14
184.04
184.06
183.96
183.99
184.18
184.18
184.04
184.05
184.14
184.14
184.17
184.17
184.3
184.31
184.2
184.22
184.24
184.24
184.27
184.4
184.42
184.35
184.37
184.33
184.34
184.4
184.38
184.33
184.34
184.36
184.36
184.41
184.38
184.33
184.35
184.29
184.42
184.45
184.5
184.49
184.38
184.37
184.37
184.37
184.48
184.45
184.53
184.55
184.49
184.52
184.5
184.53
184.53
184.54
184.54
184.54
184.55
184.55
184.57
184.63
184.65
184.65
184.66
184.65
184.66
184.69
184.7
184.77
184.79
184.68
184.72
184.73
184.76
184.74
184.74
184.76
184.72
184.74
184.65
184.65
184.76
184.74
184.74
184.77
184.7
184.72
184.77
184.86
184.86
184.92
184.94
184.9
184.91
184.84
184.84
184.89
184.91
184.81
184.82
184.82
184.83
184.95
184.94
184.95
184.94
184.95
185.07
185.08
184.98
185.0
184.96
184.97
184.91
184.89
185.01
185.01
185.07
185.08
185.08
185.1
185.1
185.1
185.11
185.14
185.15
184.98
185.0
185.11
185.11
185.24
185.24
185.04
185.05
185.14
185.15
185.24
185.17
185.17
185.25
185.25
185.19
185.2
185.16
185.16
185.15
185.17
185.14
185.13
185.31
185.3
185.22
185.23
185.35
185.23
185.25
185.33
185.33
185.38
185.39
185.25
185.26
185.31
185.32
185.34
185.35
185.3
185.3
185.43
185.44
185.47
185.47
185.48
185.59
185.6
185.39
185.4
185.43
185.43
185.5
185.51
185.44
185.44
185.42
185.43
185.53
185.53
185.56
185.61
185.59
185.62
185.64
185.58
185.57
185.65
185.65
185.6
185.62
185.55
185.55
185.64
185.65
185.6
185.61
185.66
185.69
185.67
185.77
185.77
185.71
185.7
185.66
185.69
185.76
185.75
185.66
185.65
185.71
185.72
185.77
185.79
185.81
185.85
185.92
185.93
185.76
185.83
185.84
185.81
185.8
185.79
185.79
185.97
185.99
185.92
185.92
185.88
185.89
185.83
185.85
185.94
185.8
185.81
186.0
185.99
185.92
185.94
185.96
185.96
185.87
185.85
185.92
185.94
186.01
186.04
185.93
185.95
185.94
186.0
186.04
185.97
185.97
186.08
186.06
186.13
186.14
186.01
186.03
186.17
186.18
186.11
186.12
186.16
186.07
186.08
186.07
186.1
186.22
186.22
186.24
186.25
186.17
186.21
186.19
186.19
186.15
186.15
186.12
186.13
186.2
186.22
186.24
186.23
186.24
186.25
186.24
186.25
186.26
186.22
186.23
186.37
186.36
186.25
186.26
186.37
186.38
186.25
186.25
186.36
186.35
186.32
186.5
186.51
186.35
186.36
186.39
186.39
186.41
186.41
186.39
186.38
186.26
186.27
186.52
186.52
186.45
186.49
186.49
186.49
186.51
186.45
186.47
186.54
186.56
186.51
186.52
186.51
186.54
186.48
186.48
186.48
186.48
186.38
186.38
186.41
186.41
186.43
186.46
186.43
186.43
186.44
186.56
186.57
186.52
186.52
186.62
186.65
186.67
186.68
186.64
186.63
186.54
186.55
186.67
186.69
186.7
186.66
186.64
186.67
186.69
186.68
186.71
186.69
186.69
186.59
186.62
186.75
186.75
186.58
186.59
186.71
186.64
186.65
186.76
186.74
186.71
186.72
186.8
186.8
186.83
186.84
186.77
186.78
186.79
186.8
186.82
186.81
186.82
186.83
186.84
186.76
186.75
186.81
186.81
186.88
186.9
186.91
186.9
186.92
186.93
186.93
186.87
186.89
186.97
186.97
186.9
186.91
186.87
186.9
186.86
186.87
187.1
187.09
186.94
186.97
186.85
186.85
186.87
186.84
186.92
187.09
187.07
187.09
187.09
187.03
187.03
