185.69
185.67
185.76
185.88
186.06
186.18
186.39
186.49
186.88
187.12
187.11
187.45
187.54
187.85
187.96
188.11
188.21
188.41
188.57
188.76
188.92
188.84
189.01
189.04
189.23
189.55
189.49
189.63
189.71
189.86
190.02
190.21
190.28
190.39
190.42
190.47
190.72
190.77
190.83
190.9
191.14
191.22
191.25
191.3
191.4
191.44
191.58
191.63
191.75
191.8
191.91
192.07
192.12
192.3
192.34
192.52
192.58
192.67
192.7
192.74
192.79
192.99
193.05
193.22
193.29
193.42
193.52
193.43
193.52
193.69
193.9
193.92
193.88
193.9
193.98
194.07
194.06
194.17
194.18
194.3
194.51
194.61
194.46
194.56
194.67
194.82
194.92
195.08
195.19
195.23
195.31
195.13
195.25
195.39
195.44
195.59
195.65
195.66
195.69
195.82
195.86
195.92
195.95
195.99
196.07
196.13
196.2
196.22
196.32
196.36
196.43
196.52
196.82
196.92
196.73
196.82
196.96
197.05
197.02
197.07
197.24
197.18
197.26
197.26
197.35
197.45
197.48
197.66
197.69
197.59
197.64
197.81
197.89
197.88
197.95
198.12
198.2
198.08
198.19
198.23
198.28
198.33
198.49
198.56
198.61
198.69
198.72
198.77
198.7
198.72
198.94
198.98
199.04
199.07
199.13
199.16
199.25
199.36
199.42
199.48
199.52
199.46
199.49
199.64
199.69
199.76
199.8
199.78
199.85
199.89
199.91
199.94
199.97
200.02
200.2
200.24
200.26
200.34
200.35
200.42
200.46
200.55
200.64
200.67
200.85
200.9
200.82
200.85
200.93
200.93
201.0
201.18
201.19
201.2
201.21
201.36
201.38
201.45
201.51
201.44
201.52
201.55
201.59
201.63
201.72
201.74
201.79
201.84
201.81
201.89
202.05
202.1
202.02
202.07
202.0
202.04
202.2
202.25
202.35
202.39
202.4
202.44
202.51
202.55
202.53
202.56
202.63
202.76
202.83
202.76
202.82
202.85
202.9
203.0
203.04
203.12
203.14
203.06
203.07
203.28
203.32
203.37
203.42
203.4
203.45
203.44
203.56
203.6
203.52
203.56
203.71
203.76
203.69
203.7
203.91
203.92
204.04
204.1
203.87
203.92
204.08
204.14
204.1
204.29
204.35
204.25
204.32
204.31
204.36
204.41
204.46
204.53
204.54
204.51
204.55
204.61
204.64
204.68
204.71
204.78
204.79
204.84
204.79
204.8
204.88
204.91
204.99
205.01
205.03
205.07
205.14
205.2
205.14
205.18
205.41
205.44
205.47
205.36
205.4
205.52
205.54
205.55
205.59
205.56
205.6
205.73
205.8
205.83
205.88
205.81
205.84
205.84
205.9
205.93
206.0
206.04
206.0
206.04
206.02
206.07
206.13
206.18
206.29
206.34
206.26
206.3
206.31
206.42
206.44
206.48
206.53
206.59
206.62
206.58
206.62
206.65
206.67
206.65
206.68
206.77
206.8
206.82
206.86
206.88
206.86
206.91
207.05
207.08
206.97
207.03
207.1
207.12
207.24
207.28
207.2
207.23
207.24
207.26
207.28
207.38
207.39
207.31
207.35
207.48
207.51
207.53
207.56
207.56
207.6
207.66
207.71
207.66
207.69
207.77
207.79
207.82
207.82
207.96
207.83
207.88
207.93
207.96
208.06
208.08
208.19
208.19
208.22
208.24
208.24
208.27
208.24
208.25
208.34
208.34
208.39
208.42
208.39
208.43
208.61
208.47
208.5
208.53
208.54
208.5
208.54
208.7
208.74
208.7
208.75
208.72
208.76
208.79
208.82
208.82
208.84
208.83
208.83
208.91
208.93
208.97
208.98
208.98
209.07
209.1
209.07
209.12
209.1
209.13
209.3
209.3
209.26
209.28
209.28
209.33
209.34
209.44
209.47
209.4
209.44
209.47
209.51
209.58
209.6
209.56
209.58
209.57
209.67
209.68
209.67
209.69
209.71
209.76
209.79
209.81
209.73
209.75
209.81
209.85
209.88
209.9
209.99
210.02
209.99
210.02
210.06
210.06
210.05
209.97
210.0
210.11
210.13
210.21
210.23
210.26
210.3
210.26
210.29
210.26
210.3
210.39
210.4
210.37
210.37
210.38
210.44
210.46
210.36
210.39
210.57
210.58
210.64
210.65
210.53
210.55
210.57
210.59
210.72
210.72
210.68
210.73
210.7
210.81
210.8
210.84
210.83
210.75
210.76
210.89
210.91
210.85
210.89
210.96
210.98
210.96
210.96
211.05
211.09
211.08
211.13
211.16
211.17
211.18
211.29
211.3
211.08
211.11
211.19
211.2
211.57
211.58
211.3
211.32
211.29
211.32
211.41
211.34
211.36
211.51
211.52
211.51
211.51
211.53
211.52
211.61
211.65
211.63
211.65
211.61
211.63
211.72
211.73
211.66
211.74
211.74
211.75
211.77
211.84
211.86
211.76
211.78
211.8
211.82
211.95
211.97
212.28
211.9
211.92
211.96
211.99
211.94
211.93
212.02
212.05
212.06
212.08
212.1
212.15
212.16
212.2
212.22
212.24
212.14
212.16
212.33
212.26
212.28
212.34
212.36
212.26
212.29
212.36
212.35
212.38
212.37
212.46
212.47
212.5
212.51
212.38
212.39
212.5
212.47
212.48
212.48
212.48
212.54
212.54
212.59
212.59
212.61
212.62
212.74
212.75
212.56
212.86
212.86
212.68
212.68
212.64
212.69
212.78
212.79
212.89
212.92
212.87
212.87
212.92
212.92
212.88
212.88
213.04
213.01
213.04
212.97
212.98
212.93
212.92
213.08
213.09
213.07
213.1
213.1
213.1
213.12
213.13
213.14
213.14
213.1
213.2
213.22
213.3
213.33
213.12
213.14
213.15
213.18
213.45
213.47
213.35
213.37
213.32
213.32
213.39
213.41
213.45
213.55
213.57
213.3
213.29
213.57
213.56
213.46
213.47
213.56
213.57
213.54
213.54
213.62
213.64
213.56
213.57
213.6
213.79
213.79
213.76
213.78
213.71
213.74
213.82
213.86
213.86
213.88
213.71
213.71
213.83
213.82
213.84
213.85
213.74
213.91
213.92
213.86
213.86
213.87
213.86
213.92
213.94
213.98
214.01
214.07
214.1
214.11
214.12
213.94
213.97
213.96
214.09
214.1
214.1
214.12
214.12
214.13
214.19
214.19
214.08
214.08
214.26
214.27
214.27
214.3
214.19
214.29
214.32
214.33
214.36
214.26
214.29
214.28
214.29
214.28
214.28
214.34
214.33
214.31
214.32
214.37
214.39
214.4
214.39
214.4
214.46
214.45
214.38
214.4
214.44
214.45
214.47
214.47
214.48
214.5
214.57
214.51
214.52
214.54
214.54
214.53
214.54
214.53
214.52
214.54
214.55
214.71
214.72
214.65
214.65
214.64
214.63
214.74
214.65
214.64
214.78
214.78
214.69
214.69
214.78
214.82
214.85
214.85
214.89
214.89
214.9
214.93
214.94
214.86
214.89
214.81
214.83
214.87
214.88
214.86
214.87
215.04
215.04
215.03
215.04
214.93
214.97
215.04
214.96
214.97
214.95
214.97
215.13
215.14
215.06
215.04
214.99
215.05
215.05
215.07
215.04
215.05
215.04
215.08
215.2
215.19
215.18
215.18
215.22
215.16
215.16
215.09
215.12
215.22
215.22
215.21
215.24
215.27
215.28
215.37
215.36
215.35
215.37
215.34
215.47
215.44
215.45
215.45
215.29
215.31
215.43
215.42
215.35
215.39
215.32
215.35
215.49
215.48
215.51
215.53
215.41
215.56
215.55
215.51
215.49
215.37
215.4
215.55
215.56
215.57
215.56
215.51
215.52
215.63
215.62
215.53
215.56
215.68
215.67
215.7
215.59
215.63
215.62
215.6
215.64
215.61
215.82
215.84
215.7
215.71
215.68
215.71
215.87
215.87
215.72
215.7
215.8
215.8
215.81
215.82
215.78
215.88
215.89
215.87
215.87
215.83
215.84
215.97
216.0
215.94
215.96
215.97
215.97
215.92
215.91
215.94
215.94
215.95
216.04
216.04
215.88
215.88
215.94
215.95
215.93
215.98
216.02
216.04
216.02
216.04
216.07
216.08
216.07
216.09
216.09
216.13
216.18
216.06
216.1
215.99
216.03
216.21
216.22
216.06
216.07
216.17
216.18
216.21
216.2
216.34
216.34
216.22
216.26
216.25
216.26
216.3
216.42
216.45
216.36
216.39
216.35
216.35
216.42
216.41
216.34
216.35
216.36
216.39
216.42
216.4
216.35
216.35
216.28
216.44
216.44
216.49
216.49
216.37
216.37
216.37
216.37
216.47
216.47
216.53
216.55
216.49
216.51
216.49
216.53
216.52
216.53
216.52
216.51
216.54
216.53
216.56
216.6
216.63
216.63
216.65
216.65
216.65
216.67
216.67
216.75
216.76
216.66
216.71
216.71
216.71
216.71
216.72
216.72
216.7
216.7
216.61
216.62
216.71
216.71
216.72
216.72
216.65
216.68
216.75
216.84
216.83
216.89
216.9
216.86
216.87
216.79
216.8
216.85
216.87
216.75
216.78
216.79
216.79
216.92
216.91
216.91
216.89
216.88
217.01
217.03
216.93
216.95
216.9
216.91
216.84
216.83
216.94
216.96
217.02
217.01
217.02
217.03
217.04
217.03
217.04
217.07
217.08
216.9
216.91
217.03
217.04
217.16
217.18
216.95
216.96
217.06
217.07
217.17
217.08
217.08
217.15
217.16
217.11
217.11
217.06
217.07
217.06
217.07
217.02
217.02
217.2
217.21
217.13
217.14
217.25
217.14
217.15
217.23
217.24
217.28
217.3
217.14
217.15
217.21
217.21
217.25
217.25
217.19
217.18
217.32
217.33
217.36
217.38
217.38
217.49
217.5
217.28
217.28
217.32
217.33
217.4
217.4
217.34
217.34
217.3
217.32
217.42
217.42
217.44
217.49
217.48
217.51
217.53
217.45
217.45
217.53
217.54
217.47
217.49
217.42
217.41
217.52
217.53
217.48
217.49
217.54
217.54
217.55
217.64
217.65
217.58
217.56
217.52
217.55
217.62
217.62
217.51
217.52
217.58
217.57
217.62
217.65
217.65
217.69
217.76
217.77
217.61
217.7
217.7
217.66
217.65
217.62
217.64
217.82
217.83
217.77
217.77
217.74
217.73
217.67
217.69
217.78
217.64
217.65
217.85
217.83
217.76
217.77
217.79
217.81
217.7
217.68
217.75
217.79
217.86
217.86
217.79
217.79
217.79
217.85
217.88
217.82
217.81
217.91
217.9
217.97
217.98
217.84
217.87
218.0
218.01
217.93
217.94
217.99
217.91
217.92
217.88
217.92
218.04
218.05
218.08
218.08
218.0
218.01
218.01
218.01
217.96
217.98
217.93
217.95
218.02
218.03
218.04
218.06
218.05
218.07
218.06
218.04
218.08
218.03
218.03
218.18
218.18
218.07
218.07
218.18
218.2
218.05
218.05
218.17
218.16
218.12
218.3
218.31
218.13
218.17
218.2
218.21
218.2
218.2
218.2
218.18
218.07
218.08
218.32
218.34
218.26
218.3
218.31
218.3
218.31
218.25
218.28
218.35
218.37
218.3
218.32
218.33
218.34
218.28
218.29
218.28
218.27
218.17
218.17
218.21
218.2
218.24
218.26
218.25
218.24
218.25
218.37
218.38
218.32
218.32
218.45
218.45
218.49
218.49
218.44
218.44
218.35
218.37
218.49
218.51
218.49
218.48
218.47
218.51
218.52
218.52
218.54
218.51
218.52
218.44
218.44
218.58
218.6
218.41
218.43
218.55
218.48
218.48
218.57
218.58
218.56
218.57
218.62
218.62
218.65
218.65
218.61
218.62
218.64
218.63
218.66
218.64
218.65
218.67
218.69
218.6
218.61
218.66
218.63
218.72
218.74
218.73
218.74
218.75
218.76
218.76
218.71
218.73
218.78
218.82
218.73
218.76
218.7
218.75
218.71
218.7
218.95
218.96
218.78
218.81
218.69
218.69
218.7
218.69
218.75
218.91
218.91
218.91
218.9
218.89
218.86
