155.15
155.15
155.24
155.24
155.22
155.22
155.18
155.16
155.29
155.28
155.17
155.28
155.25
155.35
155.37
155.33
155.33
155.36
155.37
155.48
155.47
155.32
155.37
155.36
155.36
155.56
155.46
155.49
155.48
155.52
155.68
155.7
155.73
155.75
155.69
155.69
155.84
155.86
155.82
155.84
155.98
156.06
156.0
156.04
156.02
156.03
156.08
156.1
156.14
156.16
156.19
156.29
156.32
156.42
156.42
156.53
156.56
156.59
156.61
156.58
156.62
156.73
156.78
156.88
156.96
157.0
157.06
156.94
156.98
157.11
157.28
157.32
157.21
157.23
157.24
157.29
157.26
157.32
157.31
157.38
157.61
157.64
157.48
157.54
157.61
157.74
157.81
157.94
158.0
158.06
158.09
157.94
157.98
158.08
158.12
158.25
158.32
158.25
158.32
158.37
158.43
158.45
158.47
158.48
158.53
158.58
158.62
158.68
158.71
158.74
158.79
158.86
159.14
159.2
159.02
159.07
159.22
159.23
159.22
159.26
159.4
159.34
159.37
159.37
159.45
159.53
159.56
159.7
159.77
159.62
159.71
159.83
159.89
159.87
159.92
160.07
160.15
160.04
160.13
160.19
160.2
160.24
160.4
160.45
160.49
160.55
160.63
160.65
160.56
160.56
160.78
160.81
160.87
160.89
160.94
161.0
161.03
161.19
161.21
161.25
161.28
161.21
161.28
161.35
161.44
161.47
161.52
161.49
161.55
161.58
161.6
161.66
161.64
161.7
161.86
161.89
161.91
161.99
162.02
162.05
162.11
162.16
162.25
162.28
162.42
162.47
162.39
162.45
162.5
162.5
162.57
162.72
162.74
162.74
162.74
162.89
162.94
162.97
163.03
162.95
163.02
163.05
163.09
163.16
163.2
163.24
163.26
163.32
163.3
163.36
163.52
163.58
163.52
163.54
163.5
163.51
163.7
163.72
163.84
163.85
163.88
163.9
163.97
164.01
163.98
163.98
164.07
164.23
164.26
164.2
164.26
164.3
164.32
164.46
164.45
164.53
164.55
164.47
164.49
164.69
164.76
164.78
164.82
164.8
164.86
164.82
164.96
165.0
164.93
164.95
165.11
165.12
165.08
165.12
165.28
165.3
165.41
165.47
165.24
165.29
165.44
165.5
165.49
165.66
165.72
165.61
165.67
165.69
165.73
165.82
165.84
165.91
165.92
165.91
165.92
165.99
166.02
166.04
166.07
166.15
166.19
166.21
166.16
166.18
166.26
166.28
166.34
166.38
166.39
166.44
166.52
166.57
166.54
166.55
166.79
166.78
166.84
166.73
166.76
166.88
166.91
166.9
166.95
166.95
166.98
167.14
167.16
167.2
167.21
167.18
167.22
167.22
167.25
167.32
167.36
167.39
167.35
167.39
167.36
167.4
167.46
167.49
167.6
167.66
167.59
167.62
167.65
167.71
167.74
167.78
167.83
167.92
167.93
167.89
167.93
167.97
167.99
167.96
168.02
168.08
168.13
168.15
168.18
168.23
168.2
168.24
168.39
168.42
168.31
168.36
168.45
168.46
168.58
168.63
168.55
168.57
168.6
168.63
168.65
168.73
168.74
168.65
168.71
168.83
168.86
168.88
168.91
168.92
168.97
169.02
169.08
169.05
169.07
169.14
169.16
169.19
169.21
169.33
169.21
169.25
169.33
169.36
169.47
169.44
169.57
169.57
169.61
169.63
169.6
169.67
169.63
169.66
169.73
169.74
169.79
169.82
169.79
169.83
169.99
169.88
169.9
169.93
169.95
169.92
169.95
170.12
170.15
170.11
170.18
170.14
170.18
170.21
170.25
170.26
170.26
170.27
170.26
170.33
170.35
170.39
170.39
170.41
170.52
170.53
170.53
170.56
170.52
170.58
170.73
170.75
170.71
170.73
170.74
170.76
170.79
170.89
170.92
170.82
170.89
170.92
170.96
171.01
171.05
171.02
171.04
171.06
171.12
171.15
171.12
171.15
171.17
171.23
171.26
171.28
171.22
171.25
171.31
171.34
171.36
171.4
171.5
171.51
171.51
171.52
171.57
171.57
171.55
171.5
171.53
171.63
171.67
171.74
171.75
171.78
171.83
171.82
171.85
171.82
171.84
171.94
171.95
171.91
171.92
171.93
171.99
172.02
171.92
171.95
172.13
172.12
172.19
172.21
172.1
172.12
172.13
172.17
172.28
172.29
172.23
172.28
172.27
172.36
172.39
172.4
172.41
172.33
172.36
172.47
172.48
172.42
172.48
172.55
172.59
172.57
172.57
172.67
172.67
172.67
172.72
172.76
172.77
172.79
172.9
172.9
172.71
172.73
172.81
172.81
173.17
173.17
172.91
172.92
172.91
172.94
173.01
172.93
172.96
173.13
173.15
173.13
173.12
173.13
173.15
173.23
173.26
173.25
173.29
173.23
173.26
173.35
173.37
173.32
173.38
173.4
173.39
173.43
173.49
173.52
173.41
173.44
173.47
173.48
173.61
173.62
173.92
173.58
173.59
173.64
173.66
173.61
173.64
173.71
173.72
173.74
173.75
173.78
173.83
173.86
173.88
173.9
173.93
173.83
173.85
174.01
173.96
173.98
174.05
174.08
173.99
173.99
174.06
174.07
174.1
174.09
174.18
174.19
174.23
174.23
174.1
174.13
174.23
174.19
174.21
174.21
174.21
174.26
174.25
174.33
174.35
174.35
174.37
174.46
174.48
174.31
174.6
174.61
174.43
174.43
174.4
174.44
174.55
174.56
174.66
174.68
174.63
174.65
174.67
174.7
174.65
174.66
174.81
174.8
174.81
174.77
174.78
174.72
174.72
174.87
174.89
174.87
174.9
174.89
174.88
174.9
174.93
174.95
174.95
174.94
175.01
175.04
175.12
175.16
174.96
174.96
174.95
175.0
175.26
175.28
175.16
175.2
175.15
175.15
175.23
175.24
175.28
175.38
175.39
175.14
175.14
175.4
175.41
175.3
175.33
175.4
175.41
175.39
175.37
175.46
175.5
175.41
175.43
175.46
175.63
175.64
175.61
175.6
175.58
175.6
175.68
175.7
175.7
175.73
175.58
175.58
175.69
175.68
175.69
175.71
175.62
175.78
175.77
175.72
175.73
175.72
175.72
175.78
175.81
175.85
175.88
175.93
175.97
176.0
176.0
175.84
175.85
175.83
175.96
175.98
175.98
176.01
176.01
176.04
176.09
176.1
175.99
175.99
176.15
176.17
176.17
176.21
176.11
176.22
176.22
176.26
176.28
176.19
176.19
176.22
176.22
176.21
176.22
176.28
176.28
176.26
176.27
176.32
176.34
176.37
176.35
176.36
176.42
176.41
176.38
176.38
176.43
176.44
176.47
176.47
176.48
176.51
176.55
176.53
176.53
176.55
176.56
176.53
176.58
176.56
176.57
176.58
176.58
176.76
176.78
176.7
176.7
176.71
176.69
176.81
176.71
176.73
176.85
176.88
176.76
176.75
176.86
176.9
176.95
176.95
176.97
176.98
176.99
177.04
177.04
176.97
177.0
176.89
176.93
176.98
176.99
176.98
177.0
177.15
177.15
177.13
177.17
177.07
177.1
177.18
177.09
177.11
177.09
177.11
177.27
177.27
177.2
177.2
177.15
177.19
177.21
177.23
177.21
177.22
177.23
177.24
177.35
177.35
177.36
177.35
177.4
177.33
177.34
177.28
177.31
177.41
177.42
177.43
177.44
177.47
177.5
177.55
177.55
177.55
177.56
177.54
177.67
177.64
177.66
177.67
177.51
177.54
177.65
177.66
177.56
177.6
177.53
177.57
177.72
177.72
177.74
177.75
177.65
177.78
177.78
177.73
177.74
177.61
177.65
177.78
177.79
177.78
177.79
177.75
177.76
177.85
177.87
177.76
177.82
177.93
177.93
177.94
177.87
177.86
177.87
177.88
177.9
177.9
178.08
178.09
177.98
177.98
177.95
177.98
178.14
178.16
177.98
177.98
178.07
178.08
178.08
178.09
178.08
178.16
178.16
178.15
178.15
178.09
178.12
178.24
178.28
178.21
178.24
178.26
178.25
178.2
178.19
178.23
178.24
178.23
178.34
178.33
178.18
178.19
178.25
178.25
178.27
178.28
178.31
178.34
178.32
178.33
178.37
178.38
178.39
178.38
178.41
178.44
178.49
178.38
178.41
178.3
178.35
178.51
178.53
178.38
178.39
178.48
178.48
178.51
178.52
178.66
178.65
178.55
178.57
178.55
178.58
178.61
178.74
178.75
178.66
178.71
178.67
178.67
178.73
178.71
178.66
178.68
178.7
178.71
178.73
178.73
178.67
178.69
178.62
178.73
178.77
178.82
178.8
178.71
178.69
178.71
178.71
178.81
178.79
178.86
178.87
178.84
178.84
178.84
178.87
178.88
178.87
178.89
178.86
178.89
178.89
178.91
178.98
178.98
179.0
178.99
179.01
178.99
179.05
179.05
179.12
179.13
179.01
179.08
179.07
179.1
179.09
179.08
179.1
179.08
179.08
178.99
178.99
179.11
179.1
179.09
179.12
179.05
179.07
179.12
179.21
179.24
179.27
179.29
179.26
179.26
179.19
179.19
179.26
179.28
179.18
179.18
179.19
179.18
179.32
179.31
179.31
179.31
179.31
179.43
179.44
179.35
179.37
179.32
179.33
179.28
179.26
179.37
179.39
179.42
179.44
179.43
179.46
179.47
179.46
179.47
179.51
179.51
179.35
179.36
179.48
179.48
179.6
179.61
179.4
179.42
179.5
179.51
179.61
179.54
179.55
179.62
179.61
179.56
179.56
179.52
179.53
179.52
179.53
179.49
179.49
179.67
179.68
179.58
179.61
179.71
179.61
179.62
179.69
179.69
179.75
179.75
179.62
179.62
179.69
179.69
179.71
179.72
179.67
179.67
179.79
179.8
179.84
179.84
179.85
179.96
179.96
179.75
179.76
179.8
179.8
179.88
179.89
179.82
179.83
179.78
179.79
179.9
179.89
179.93
179.98
179.97
179.98
180.01
179.93
179.94
180.01
180.03
179.97
179.98
179.92
179.91
180.0
180.02
179.98
179.99
180.03
180.03
180.05
180.13
180.12
180.08
180.06
180.01
180.05
180.12
180.12
180.02
180.03
180.07
180.08
180.13
180.15
180.2
180.21
180.28
180.29
180.12
180.22
180.21
180.17
180.16
180.16
180.15
180.33
180.33
180.26
180.29
180.25
180.27
180.19
180.21
180.3
180.17
180.18
180.36
180.36
180.29
180.3
180.32
180.33
180.22
180.21
180.28
180.31
180.4
180.4
180.3
180.32
180.3
180.38
180.4
180.35
180.35
180.45
180.43
180.51
180.52
180.38
180.4
180.53
180.55
180.48
180.49
180.53
180.44
180.46
180.45
180.49
180.58
180.58
180.62
180.64
180.54
180.58
180.57
180.56
180.52
180.54
180.49
180.49
180.57
180.61
180.62
180.61
180.61
180.63
180.62
180.63
180.65
180.59
180.6
180.74
180.74
180.64
180.63
180.75
180.75
180.62
180.64
180.71
180.73
180.7
180.88
180.87
180.73
180.74
180.77
180.77
180.79
180.77
180.77
180.75
180.66
180.66
180.9
180.92
180.84
180.88
180.88
180.87
180.89
180.83
180.87
180.92
180.93
180.9
180.9
180.91
180.91
180.89
180.87
180.88
180.86
180.77
180.79
180.8
180.81
180.81
180.86
180.85
180.83
180.84
180.97
180.95
180.92
180.91
181.03
181.04
181.07
181.06
181.04
181.03
180.93
180.95
181.08
181.09
181.09
181.06
181.04
181.07
181.1
181.08
181.1
181.08
181.11
181.0
181.0
181.16
181.15
180.98
180.99
181.11
181.04
181.05
181.15
181.13
181.12
181.13
181.19
181.2
181.22
181.22
181.18
181.18
181.18
181.18
181.24
181.2
181.21
181.23
181.24
181.16
181.15
181.22
181.19
181.3
181.3
181.3
181.3
181.31
181.32
181.32
181.29
181.3
181.36
181.38
181.3
181.3
181.28
181.3
181.27
181.27
181.48
181.5
181.33
181.36
181.25
181.25
181.27
181.24
181.32
181.48
181.48
181.48
181.49
181.43
181.42
