62.81,61.65,61.77,56.22,62.81,0,Clock: 11:00:41
62.81,61.65,61.74,56.22,62.230000000000004,0.20473019999917597,11:00:41
62.73,61.57,61.91,57.18,62.15,0.8137030999932904,11:00:42
62.83,61.68,62.7,59.22,62.254999999999995,1.391654999984894,11:00:43
62.83,61.67,64.87,63.78,62.25,1.9726062999980059,11:00:43
62.73,61.57,67.52,68.18,62.15,2.5685360999777913,11:00:44
62.74,61.56,69.01,70.38,62.150000000000006,3.1405203999893274,11:00:44
62.8,61.6,72.01,74.52,62.2,3.7177361999929417,11:00:45
62.84,61.62,74.71,78.1,62.230000000000004,4.286539699998684,11:00:45
62.91,61.68,77.33,79.79,62.295,4.883611899975222,11:00:46
63.02,61.72,78.6,82.99,62.370000000000005,5.46561839999049,11:00:47
63.08,61.81,81.11,86.08,62.445,6.0590972999925725,11:00:47
63.17,61.91,83.49,89.03,62.54,6.697254899976542,11:00:48
63.41,62.15,85.8,91.72,62.78,7.278521199972602,11:00:48
63.56,62.21,86.91,93.08,62.885000000000005,7.847092899988638,11:00:49
63.69,62.44,89.09,95.75,63.065,8.415599899977678,11:00:50
63.93,62.68,91.03,98.27,63.305,8.992636599985417,11:00:50
64.19,62.94,92.01,99.51,63.565,9.579747599986149,11:00:51
64.31,63.08,93.91,101.92,63.695,10.15573439997388,11:00:51
64.56,63.35,95.73,104.22,63.955,10.736535699979868,11:00:52
64.87,63.71,97.54,106.48,64.29,11.318523599999025,11:00:52
65.18,64.07,98.44,107.65,64.625,11.907621199992718,11:00:53
65.4,64.32,100.23,109.96,64.86,12.48660619999282,11:00:54
65.73,64.7,101.91,112.16,65.215,13.068544299982022,11:00:54
66.08,65.11,103.59,114.42,65.595,13.67564869998023,11:00:55
66.46,65.3,104.43,115.57,65.88,14.246579399972688,11:00:55
66.62,65.75,105.98,117.73,66.185,14.840636799985077,11:00:56
67.03,66.23,107.59,119.85,66.63,15.421029599994654,11:00:57
67.42,66.72,109.16,120.98,67.07,16.032584599975962,11:00:57
67.84,66.97,109.96,123.16,67.405,16.64264059998095,11:00:58
68.04,67.45,111.45,125.18,67.745,17.22077799998806,11:00:58
68.4,67.9,112.86,127.14,68.15,17.794011899997713,11:00:59
68.87,68.44,114.28,128.16,68.655,18.37660859999596,11:00:59
69.3,68.7,114.99,130.15,69.0,18.956474899983732,11:01:00
69.54,69.24,116.42,132.11,69.39,19.543482099979883,11:01:01
69.94,69.73,117.73,134.01,69.83500000000001,20.12654389999807,11:01:01
70.39,70.28,118.41,134.97,70.33500000000001,20.699869299976854,11:01:02
70.92,70.66,119.94,136.97,70.78999999999999,21.327205799985677,11:01:02
71.19,71.22,121.32,138.89,71.205,21.93646469997475,11:01:03
71.54,71.66,122.51,140.56,71.6,22.509185299975798,11:01:04
71.98,72.21,123.77,141.46,72.095,23.102555399993435,11:01:04
72.19,72.47,124.43,143.31,72.33,23.673537299997406,11:01:05
72.76,73.12,125.76,145.09,72.94,24.2590134999773,11:01:05
73.19,73.65,126.94,146.76,73.42,24.843742299999576,11:01:06
73.82,74.05,127.72,147.76,73.935,25.41953579999972,11:01:07
74.09,74.67,129.02,149.56,74.38,26.007745499984594,11:01:07
74.51,75.2,130.25,151.22,74.855,26.610540499998024,11:01:08
75.01,75.5,130.85,151.95,75.255,27.17767509998521,11:01:08
75.33,76.2,132.15,153.63,75.765,27.742484599992167,11:01:09
75.84,76.8,133.31,155.2,76.32,28.336679899977753,11:01:09
76.36,77.41,134.49,155.98,76.88499999999999,28.951549499994144,11:01:10
76.9,77.73,135.06,157.5,77.315,29.549618699995335,11:01:11
77.17,78.37,136.21,159.08,77.77000000000001,30.127005299989833,11:01:11
77.81,79.11,137.46,160.69,78.46000000000001,30.7215400999994,11:01:12
78.24,79.65,137.95,161.32,78.945,31.29853789997287,11:01:12
78.49,79.96,139.1,162.8,79.225,31.863756699982332,11:01:13
79.05,80.58,140.16,164.17,79.815,32.45614999998361,11:01:14
79.62,81.26,141.29,164.91,80.44,33.05802179998136,11:01:14
80.29,81.72,142.0,166.42,81.005,33.63863699999638,11:01:15
80.61,82.41,143.1,167.76,81.50999999999999,34.27374069998041,11:01:15
81.19,83.04,144.2,169.07,82.11500000000001,34.84458159998758,11:01:16
81.7,83.64,145.19,169.68,82.67,35.43280729997787,11:01:17
82.26,83.94,145.7,170.93,83.1,36.03369959999691,11:01:17
82.55,84.65,146.78,172.22,83.6,36.62672039997415,11:01:18
83.13,85.32,147.85,173.48,84.225,37.259739599976456,11:01:18
83.77,86.05,148.98,174.79,84.91,37.85449659998994,11:01:19
84.32,86.72,149.45,175.33,85.52,38.46982579998439,11:01:20
84.62,87.04,150.48,176.49,85.83000000000001,39.037389399978565,11:01:20
85.21,87.72,151.53,177.68,86.465,39.61256209999556,11:01:21
85.8,88.4,152.39,178.24,87.1,40.200715799990576,11:01:21
86.36,88.77,152.93,179.38,87.565,40.793800099985674,11:01:22
86.66,89.43,153.89,180.46,88.045,41.35976329998812,11:01:22
87.27,90.1,154.88,180.98,88.685,41.925734899996314,11:01:23
87.9,90.44,155.41,182.1,89.17,42.50181919999886,11:01:24
88.18,91.06,156.37,183.13,89.62,43.077673899999354,11:01:24
88.8,91.75,157.39,184.19,90.275,43.697809599980246,11:01:25
89.43,92.47,158.36,184.72,90.95,44.269045399996685,11:01:25
89.76,92.84,158.88,185.73,91.30000000000001,44.83864859997993,11:01:26
90.32,93.5,159.81,186.67,91.91,45.4086488999892,11:01:27
90.84,94.17,160.74,187.61,92.505,45.99579499999527,11:01:27
91.34,94.76,161.11,187.97,93.05000000000001,46.57981719999225,11:01:28
91.93,95.11,162.04,188.87,93.52000000000001,47.19657849997748,11:01:28
92.3,95.84,163.04,189.86,94.07,47.77370619997964,11:01:29
92.91,96.55,163.98,190.74,94.72999999999999,48.367918299976736,11:01:29
93.51,97.26,164.44,191.19,95.385,48.971710199984955,11:01:30
93.77,97.57,165.33,192.03,95.66999999999999,49.56777029999648,11:01:31
94.4,98.24,166.23,192.86,96.32,50.146591799973976,11:01:31
95.04,98.97,167.18,193.73,97.005,50.7336484999978,11:01:32
95.68,99.72,167.62,194.17,97.7,51.32460859999992,11:01:32
96.0,100.07,168.51,194.98,98.035,51.90406189998612,11:01:33
96.63,100.77,169.43,195.79,98.69999999999999,52.495923099981155,11:01:34
97.26,101.47,169.87,196.17,99.36500000000001,53.06651829998009,11:01:34
97.47,101.74,170.67,196.86,99.60499999999999,53.67556799997692,11:01:35
98.11,102.44,171.57,197.62,100.275,54.26968949998263,11:01:35
98.76,103.17,172.49,198.39,100.965,54.85760489999666,11:01:36
99.43,103.9,172.95,198.75,101.665,55.444614699983504,11:01:37
99.75,104.27,173.84,199.49,102.00999999999999,56.017582399974344,11:01:37
100.32,104.91,174.65,200.13,102.615,56.5877521999937,11:01:38
100.95,105.27,175.09,200.49,103.11,57.161739299976034,11:01:38
101.4,106.07,176.1,201.37,103.735,57.77271019999171,11:01:39
101.98,106.71,176.91,201.97,104.345,58.40770059998613,11:01:40
102.58,107.4,177.73,202.62,104.99000000000001,58.99192969998694,11:01:40
103.23,108.13,178.19,202.98,105.68,59.566419399983715,11:01:41
103.54,108.47,178.99,203.62,106.005,60.146674499992514,11:01:41
104.19,109.18,179.86,204.27,106.685,60.74446949997218,11:01:42
104.74,109.82,180.63,204.83,107.28,61.34170149997226,11:01:42
105.39,110.18,181.06,205.15,107.785,61.90572689997498,11:01:43
105.66,110.88,181.88,205.76,108.27,62.49060539997299,11:01:44
106.23,111.56,182.67,206.33,108.89500000000001,63.063410199974896,11:01:44
106.82,112.18,183.44,206.59,109.5,63.65869759998168,11:01:45
107.43,112.54,183.83,207.12,109.98500000000001,64.23571379997884,11:01:45
107.8,113.26,184.67,207.73,110.53,64.8245118999912,11:01:46
108.44,113.95,185.52,208.34,111.195,65.40617969998857,11:01:47
109.04,114.65,186.28,208.6,111.845,65.98575909997453,11:01:47
109.63,114.96,186.65,209.12,112.29499999999999,66.57376409997232,11:01:48
109.96,115.66,187.45,209.65,112.81,67.14968729999964,11:01:48
110.73,116.49,188.4,210.05,113.61,67.72056619997602,11:01:49
110.99,116.78,188.73,210.53,113.88499999999999,68.2938949999807,11:01:49
111.63,117.49,189.53,211.05,114.56,68.8558451999852,11:01:50
112.19,118.14,189.86,211.25,115.16499999999999,69.42811069998425,11:01:51
112.53,118.5,190.66,211.75,115.515,70.00465639997856,11:01:51
113.18,119.21,191.46,212.26,116.195,70.61117409999133,11:01:52
113.77,119.88,192.22,212.5,116.82499999999999,71.20264579998911,11:01:52
114.28,120.48,192.51,212.89,117.38,71.81575809998321,11:01:53
114.6,120.84,193.29,213.38,117.72,72.39057459999458,11:01:54
115.28,121.58,194.07,213.87,118.43,72.98658079997404,11:01:54
115.95,122.32,194.49,214.16,119.13499999999999,73.5486055999936,11:01:55
116.57,122.66,195.28,214.59,119.615,74.17668629999389,11:01:55
116.87,123.32,195.97,214.92,120.095,74.76368539998657,11:01:56
117.41,123.89,196.58,215.15,120.65,75.37063789999229,11:01:56
118.02,124.57,197.18,215.26,121.29499999999999,75.95946980000008,11:01:57
118.77,125.04,197.62,215.59,121.905,76.57464399997843,11:01:58
119.05,125.71,198.15,215.66,122.38,77.15565380000044,11:01:58
119.58,126.28,198.47,215.55,122.93,77.74210959998891,11:01:59
120.23,127.02,198.71,215.57,123.625,78.3236277999822,11:01:59
120.55,127.36,199.07,215.45,123.955,78.89658489997964,11:02:00
121.04,127.89,199.2,215.05,124.465,79.46170139999595,11:02:01
121.62,128.56,199.31,214.93,125.09,80.05462599999737,11:02:01
122.03,128.98,199.62,214.75,125.505,80.62516419999884,11:02:02
122.61,129.63,199.78,214.45,126.12,81.2158030999999,11:02:02
123.2,130.29,199.84,214.25,126.745,81.79574519998278,11:02:03
123.49,130.63,199.93,213.77,127.06,82.40964669999084,11:02:04
124.05,131.25,199.95,213.21,127.65,83.01977259997511,11:02:04
124.59,131.84,199.88,212.61,128.215,83.61378389998572,11:02:05
125.11,132.41,199.87,212.32,128.76,84.19208499998786,11:02:05
125.42,132.76,199.83,211.72,129.09,84.78764469997259,11:02:06
125.97,133.35,199.77,211.08,129.66,85.36258869999438,11:02:06
126.47,133.91,199.62,210.36,130.19,85.94249989997479,11:02:07
126.92,134.12,199.47,209.94,130.52,86.50459820000106,11:02:08
127.16,134.69,199.27,209.12,130.925,87.06593389998307,11:02:08
127.68,135.25,199.08,208.33,131.465,87.69051229997422,11:02:09
128.21,135.82,198.93,208.0,132.015,88.26666199997999,11:02:09
128.47,136.07,198.8,207.12,132.26999999999998,88.85399259999394,11:02:10
129.02,136.64,198.61,206.29,132.82999999999998,89.4512437999947,11:02:11
129.46,137.13,198.36,205.4,133.29500000000002,90.02661669999361,11:02:11
129.93,137.62,198.08,204.95,133.775,90.64915579999797,11:02:12
130.38,137.86,197.93,203.99,134.12,91.25262799998745,11:02:12
130.5,138.26,197.47,202.84,134.38,91.8184656999947,11:02:13
131.0,138.81,197.23,201.95,134.905,92.40986119999434,11:02:14
131.38,139.23,197.04,201.45,135.305,92.99215299999923,11:02:14
131.51,139.37,196.55,200.26,135.44,93.57369159997324,11:02:15
131.91,139.8,196.15,199.16,135.85500000000002,94.15178269997705,11:02:15
132.4,140.1,196.04,198.72,136.25,94.71504419998382,11:02:16
132.55,140.49,195.59,197.63,136.52,95.28574729998945,11:02:16
132.92,140.88,195.22,196.56,136.89999999999998,95.8597772999783,11:02:17
133.27,141.26,195.01,196.04,137.265,96.44570759998169,11:02:18
133.45,141.44,194.57,194.88,137.445,97.01866859997972,11:02:18
133.83,141.84,194.21,193.82,137.835,97.6086225999752,11:02:19
134.15,142.18,193.81,192.74,138.16500000000002,98.22666819998994,11:02:19
134.46,142.53,193.6,192.16,138.495,98.81913489999715,11:02:20
134.79,142.69,193.18,191.05,138.74,99.44267599997693,11:02:21
134.94,143.01,192.74,189.95,138.975,100.05962729998282,11:02:21
135.19,143.27,192.28,188.79,139.23000000000002,100.65203889997792,11:02:22
135.46,143.56,191.86,187.69,139.51,101.22977899998659,11:02:22
135.62,143.57,191.48,186.94,139.595,101.80576759998803,11:02:23
135.84,143.96,191.13,185.89,139.9,102.37769989998196,11:02:23
136.09,144.24,190.68,185.31,140.16500000000002,102.95065969999996,11:02:24
136.28,144.42,190.52,184.16,140.35,103.52567129998351,11:02:25
136.55,144.68,190.09,183.01,140.615,104.1266586999991,11:02:25
136.79,144.94,189.69,181.92,140.865,104.7045823999797,11:02:26
137.04,145.19,189.49,181.4,141.115,105.26710899997852,11:02:26
137.16,145.31,189.06,180.3,141.235,105.86263299998245,11:02:27
137.41,145.57,188.68,179.16,141.49,106.44375459998264,11:02:28
137.65,145.8,188.47,178.59,141.72500000000002,107.00977809997858,11:02:28
137.58,145.72,187.87,177.31,141.65,107.59469489997718,11:02:29
137.8,145.94,187.43,176.18,141.87,108.2308434000006,11:02:29
138.04,146.17,187.05,175.18,142.105,108.82380009998451,11:02:30
138.36,146.5,186.99,174.77,142.43,109.38364059999003,11:02:30
138.48,146.6,186.6,173.7,142.54,109.95969059999334,11:02:31
138.67,146.78,186.21,172.65,142.725,110.54663709999295,11:02:32
138.81,146.91,185.77,171.53,142.86,111.13878969999496,11:02:32
138.96,146.95,185.52,170.92,142.95499999999998,111.71766840000055,11:02:33
139.14,147.22,185.22,170.0,143.18,112.2983354999742,11:02:33
139.29,147.35,184.83,168.96,143.32,112.8665059999912,11:02:34
139.27,147.32,184.23,168.27,143.29500000000002,113.44953269997495,11:02:35
139.33,147.37,184.02,167.25,143.35000000000002,114.02381409998634,11:02:35
139.47,147.5,183.61,166.22,143.485,114.6198370999773,11:02:36
139.6,147.6,183.23,165.21,143.6,115.19734119999339,11:02:36
139.76,147.75,183.06,164.75,143.755,115.8070643999963,11:02:37
139.71,147.68,182.52,163.59,143.695,116.38664049998624,11:02:37
139.83,147.79,182.17,162.63,143.81,116.9566491000005,11:02:38
139.94,147.88,181.8,162.16,143.91,117.54102979999152,11:02:39
139.99,147.93,181.61,161.17,143.96,118.11659399999189,11:02:39
140.16,148.07,181.32,160.27,144.115,118.70275409999886,11:02:40
140.24,148.13,180.93,159.76,144.185,119.29050389997428,11:02:40
140.34,148.22,180.59,158.86,144.28,119.94168789999094,11:02:41
140.44,148.31,180.47,157.98,144.375,120.51151689997641,11:02:42
140.54,148.38,180.14,157.08,144.45999999999998,121.09546169999521,11:02:42
140.52,148.34,179.69,156.08,144.43,121.67172319997917,11:02:43
140.59,148.35,179.52,155.63,144.47,122.2398185999773,11:02:43
140.55,148.35,179.11,154.7,144.45,122.81655379998847,11:02:44
140.72,148.49,178.86,153.93,144.60500000000002,123.38761829998111,11:02:44
140.77,148.52,178.7,153.52,144.645,123.97179739997955,11:02:45
140.71,148.44,178.26,152.53,144.575,124.5451267999888,11:02:46
140.78,148.5,177.97,151.85,144.64,125.1440393999801,11:02:46
140.96,148.64,177.78,151.62,144.8,125.73175079998327,11:02:47
140.89,148.56,177.54,150.69,144.725,126.29972959999577,11:02:47
140.93,148.58,177.22,149.91,144.755,126.88178149997839,11:02:48
140.94,148.57,176.88,149.5,144.755,127.44988559998455,11:02:49
141.0,148.6,176.76,148.73,144.8,128.07254379999358,11:02:49
141.0,148.58,176.45,147.96,144.79000000000002,128.65457819998846,11:02:50
141.03,148.58,176.14,147.25,144.805,129.2377549999801,11:02:50
141.1,148.65,175.92,146.93,144.875,129.81375549998484,11:02:51
141.01,148.54,175.67,146.11,144.77499999999998,130.40564959999756,11:02:52
141.02,148.52,175.4,145.4,144.77,130.9826872999838,11:02:52
141.19,148.67,175.29,144.87,144.93,131.59332759998506,11:02:53
141.22,148.67,175.05,144.53,144.945,132.17367609997746,11:02:53
141.1,148.53,174.79,143.78,144.815,132.75366109999595,11:02:54
141.11,148.51,174.5,143.1,144.81,133.3317605999764,11:02:54
141.11,148.49,174.24,142.47,144.8,133.92477289997623,11:02:55
141.04,148.4,174.05,142.09,144.72,134.52191109998967,11:02:56
141.06,148.41,173.81,141.5,144.735,135.10970209998777,11:02:56
141.11,148.42,173.61,140.95,144.765,135.67438630000106,11:02:57
141.1,148.38,173.38,140.64,144.74,136.27075830000103,11:02:57
141.0,148.3,173.19,139.99,144.65,136.85813429998234,11:02:58
141.12,148.38,173.08,139.56,144.75,137.4626191999996,11:02:59
141.11,148.33,172.86,139.02,144.72000000000003,138.04166209997493,11:02:59
140.97,148.17,172.61,138.62,144.57,138.62770379998256,11:03:00
140.96,148.13,172.4,138.1,144.54500000000002,139.2765879999788,11:03:00
140.93,148.08,172.17,137.59,144.505,139.86986639999668,11:03:01
140.92,148.05,171.99,137.11,144.485,140.47172359999968,11:03:02
140.9,148.01,171.8,136.65,144.45499999999998,141.05263899997226,11:03:02
140.94,148.03,171.75,136.47,144.485,141.62570199999027,11:03:03
140.93,147.99,171.58,136.05,144.46,142.21179529998335,11:03:03
140.96,148.0,171.46,135.71,144.48000000000002,142.78179419998196,11:03:04
140.93,147.94,171.36,135.5,144.435,143.3658146999951,11:03:04
140.92,147.92,171.19,135.1,144.42,143.94062989999657,11:03:05
140.88,147.84,170.99,134.67,144.36,144.51967859998695,11:03:06
140.85,147.79,170.91,134.47,144.32,145.0892178999784,11:03:06
140.86,147.79,170.78,134.12,144.325,145.66237519998685,11:03:07
140.81,147.71,170.6,133.73,144.26,146.2366302999726,11:03:07
140.73,147.6,170.41,133.5,144.165,146.8285870999971,11:03:08
140.75,147.63,170.39,133.22,144.19,147.42462349997368,11:03:09
140.74,147.58,170.26,132.91,144.16000000000003,148.0230659999943,11:03:09
140.53,147.36,169.94,132.43,143.945,148.5885919999855,11:03:10
140.52,147.31,169.89,132.27,143.91500000000002,149.1678178999864,11:03:10
140.51,147.29,169.79,132.0,143.89999999999998,149.76778679998824,11:03:11
140.57,147.32,169.77,131.86,143.945,150.35285389999626,11:03:11
140.5,147.24,169.63,131.7,143.87,150.9216687999724,11:03:12
140.57,147.28,169.7,131.56,143.925,151.53975339999306,11:03:13
140.55,147.26,169.59,131.32,143.905,152.11861939998926,11:03:13
140.42,147.09,169.39,131.0,143.755,152.7285331999883,11:03:14
140.3,146.96,169.21,130.82,143.63,153.3076501999749,11:03:14
140.27,146.93,169.18,130.62,143.60000000000002,153.8901435000007,11:03:15
140.25,146.87,169.09,130.43,143.56,154.4616748999979,11:03:16
140.17,146.78,168.98,130.23,143.475,155.0351745999942,11:03:16
140.23,146.82,169.06,130.26,143.52499999999998,155.62306429998716,11:03:17
140.21,146.79,168.99,130.12,143.5,156.20205819999683,11:03:17
140.1,146.65,168.85,129.89,143.375,156.77779009999358,11:03:18
140.12,146.65,168.87,129.89,143.385,157.37452610000037,11:03:18
140.07,146.59,168.81,129.73,143.32999999999998,157.97773259997484,11:03:19
139.93,146.42,168.67,129.53,143.175,158.55668029998196,11:03:20
139.89,146.36,168.61,129.43,143.125,159.14779499999713,11:03:20
139.86,146.31,168.59,129.41,143.085,159.72115659998963,11:03:21
139.93,146.38,168.67,129.44,143.155,160.2910856999806,11:03:21
139.87,146.29,168.63,129.36,143.07999999999998,160.86466599997948,11:03:22
139.82,146.22,168.6,129.33,143.01999999999998,161.4287485999812,11:03:23
139.8,146.19,168.59,129.27,142.995,162.0016387999931,11:03:23
139.74,146.1,168.54,129.22,142.92000000000002,162.6036423999758,11:03:24
139.68,146.01,168.5,129.16,142.845,163.19887029999518,11:03:24
139.72,146.05,168.59,129.26,142.885,163.76976029999787,11:03:25
139.68,145.99,168.58,129.24,142.835,164.34809849999147,11:03:25
139.63,145.93,168.57,129.25,142.78,164.9476109999814,11:03:26
139.69,145.96,168.68,129.34,142.825,165.54376309999498,11:03:27
139.64,145.92,168.67,129.36,142.77999999999997,166.1186130999995,11:03:27
139.6,145.84,168.65,129.35,142.72,166.6926457999798,11:03:28
139.59,145.81,168.7,129.41,142.7,167.27173989999574,11:03:28
139.53,145.73,168.69,129.41,142.63,167.8560746999865,11:03:29
139.47,145.67,168.66,129.42,142.57,168.4311435999989,11:03:30
139.43,145.61,168.69,129.48,142.52,169.00056939999922,11:03:30
139.33,145.51,168.68,129.45,142.42000000000002,169.6066549999814,11:03:31
139.33,145.49,168.7,129.55,142.41000000000003,170.20178019997547,11:03:31
139.27,145.4,168.7,129.61,142.335,170.78986829999485,11:03:32
139.26,145.4,168.81,129.77,142.32999999999998,171.37360639998224,11:03:32
139.24,145.35,168.85,129.82,142.29500000000002,171.95872349999263,11:03:33
139.22,145.31,168.88,129.95,142.265,172.5626683999726,11:03:34
139.2,145.28,168.96,130.08,142.24,173.14538149998407,11:03:34
139.17,145.24,169.02,130.25,142.20499999999998,173.75266969998484,11:03:35
139.17,145.21,169.11,130.39,142.19,174.40785549997236,11:03:36
139.13,145.17,169.17,130.46,142.14999999999998,175.00265899999067,11:03:36
139.2,145.23,169.29,130.69,142.21499999999997,175.57653619998018,11:03:37
139.18,145.19,169.39,130.86,142.185,176.1466276999854,11:03:37
139.17,145.17,169.47,131.02,142.17,176.72769229998812,11:03:38
138.98,144.97,169.34,130.93,141.975,177.29465959998197,11:03:38
139.0,144.97,169.46,131.15,141.985,177.93264559999807,11:03:39
139.11,145.08,169.68,131.46,142.09500000000003,178.51573189999908,11:03:40
139.07,145.03,169.78,131.55,142.05,179.08176380000077,11:03:40
138.99,144.98,169.77,131.7,141.985,179.67473669999163,11:03:41
138.97,144.92,169.84,131.86,141.945,180.24658469998394,11:03:41
138.95,144.89,169.92,132.06,141.92,180.8417675999808,11:03:42
139.08,144.99,170.12,132.29,142.03500000000003,181.42598109997925,11:03:43
139.06,144.98,170.22,132.51,142.01999999999998,181.9998889999988,11:03:43
138.99,144.89,170.27,132.67,141.94,182.5898064999783,11:03:44
138.97,144.86,170.29,132.73,141.91500000000002,183.15459869999904,11:03:44
138.87,144.76,170.31,132.89,141.815,183.7738172999816,11:03:45
138.88,144.76,170.45,133.14,141.82,184.35271209999337,11:03:45
138.88,144.75,170.57,133.39,141.815,184.95779509999556,11:03:46
138.8,144.66,170.62,133.47,141.73000000000002,185.55465209999238,11:03:47
138.79,144.69,170.7,133.71,141.74,186.14778509997996,11:03:47
138.93,144.78,170.96,134.08,141.85500000000002,186.72863889997825,11:03:48
138.95,144.79,171.1,134.25,141.87,187.29777009997633,11:03:48
138.93,144.79,171.17,134.51,141.86,187.86981629999354,11:03:49
138.94,144.78,171.29,134.74,141.86,188.4625358999765,11:03:50
138.93,144.76,171.43,135.0,141.845,189.072665899992,11:03:50
138.8,144.63,171.43,135.0,141.715,189.65770929999417,11:03:51
138.81,144.63,171.49,135.25,141.72,190.2357715999824,11:03:51
139.0,144.82,171.82,135.71,141.91,190.8118663999776,11:03:52
138.83,144.66,171.79,135.79,141.745,191.39267289999407,11:03:53
138.84,144.65,171.92,135.9,141.745,191.97571999998763,11:03:53
138.93,144.74,172.07,136.23,141.835,192.5587341999926,11:03:54
138.94,144.74,172.22,136.51,141.84,193.1345490999811,11:03:54
138.95,144.75,172.36,136.78,141.85,193.70267309999326,11:03:55
138.96,144.75,172.49,136.9,141.85500000000002,194.2858669999987,11:03:55
139.15,144.94,172.78,137.37,142.04500000000002,194.8666203999892,11:03:56
139.11,144.89,172.84,137.58,142.0,195.43927709999844,11:03:57
139.13,144.91,173.0,137.85,142.01999999999998,196.07603279998875,11:03:57
139.03,144.8,172.93,137.86,141.91500000000002,196.67232599999988,11:03:58
139.02,144.79,173.04,138.1,141.905,197.269865499984,11:03:58
138.97,144.75,173.11,138.32,141.86,197.84580899999128,11:03:59
139.09,144.87,173.3,138.56,141.98000000000002,198.4097903999791,11:04:00
139.12,144.88,173.46,138.86,142.0,198.98386379997828,11:04:00
138.95,144.71,173.4,138.94,141.82999999999998,199.6038356999925,11:04:01
138.96,144.74,173.55,139.21,141.85000000000002,200.18822839998757,11:04:01
139.15,144.91,173.84,139.49,142.03,200.76771459999145,11:04:02
139.28,145.02,174.03,139.88,142.15,201.35064809999312,11:04:02
139.29,145.05,174.18,140.16,142.17000000000002,201.93066189999809,11:04:03
139.16,144.92,174.18,140.26,142.04,202.52668469998753,11:04:04
139.18,144.94,174.31,140.39,142.06,203.13858899998013,11:04:04
139.23,145.01,174.43,140.72,142.12,203.711750699993,11:04:05
139.22,145.0,174.53,140.95,142.11,204.29389929998433,11:04:05
139.26,145.02,174.69,141.22,142.14,204.88438459997997,11:04:06
139.3,145.05,174.76,141.36,142.175,205.46142789997975,11:04:07
139.32,145.08,174.9,141.61,142.2,206.03577479999512,11:04:07
139.54,145.29,175.24,142.07,142.415,206.63377349998336,11:04:08
139.58,145.34,175.4,142.33,142.46,207.21783579999465,11:04:08
139.61,145.37,175.44,142.43,142.49,207.7978741999832,11:04:09
139.53,145.28,175.45,142.56,142.405,208.42604349998874,11:04:10
139.56,145.32,175.57,142.78,142.44,209.0071213999763,11:04:10
139.59,145.36,175.68,143.0,142.47500000000002,209.592739899992,11:04:11
139.63,145.41,175.82,143.13,142.51999999999998,210.1958692999906,11:04:11
139.72,145.47,175.94,143.42,142.595,210.792675899982,11:04:12
139.64,145.42,175.96,143.55,142.52999999999997,211.40114269999322,11:04:13
139.68,145.46,176.08,143.78,142.57,211.98775559998467,11:04:13
139.85,145.63,176.35,144.12,142.74,212.56570499998634,11:04:14
139.9,145.68,176.47,144.24,142.79000000000002,213.17593629998737,11:04:14
139.98,145.76,176.59,144.49,142.87,213.7999359999958,11:04:15
139.9,145.69,176.59,144.59,142.79500000000002,214.38602609999361,11:04:16
139.94,145.73,176.71,144.79,142.83499999999998,214.99184009997407,11:04:16
139.95,145.75,176.8,144.98,142.85,215.60013499998604,11:04:17
140.0,145.8,176.86,145.08,142.9,216.17235139998957,11:04:17
140.09,145.89,177.03,145.35,142.99,216.74807859997964,11:04:18
140.12,145.92,177.14,145.55,143.01999999999998,217.39840609999374,11:04:19
140.17,145.98,177.27,145.75,143.075,217.9842248999921,11:04:19
140.2,146.02,177.35,145.91,143.11,218.5990846999921,11:04:20
140.26,146.08,177.4,146.01,143.17000000000002,219.18154199997662,11:04:20
140.28,146.06,177.48,146.16,143.17000000000002,219.80121349997353,11:04:21
140.36,146.18,177.65,146.41,143.27,220.39639699997497,11:04:22
140.41,146.24,177.77,146.58,143.325,220.97005309999804,11:04:22
140.55,146.37,177.89,146.74,143.46,221.55416309999418,11:04:23
140.58,146.41,178.01,146.92,143.495,222.13112359997467,11:04:23
140.47,146.3,177.94,146.93,143.385,222.7240543999942,11:04:24
140.67,146.51,178.18,147.14,143.58999999999997,223.29393909999635,11:04:24
140.69,146.51,178.2,147.29,143.6,223.87078779999865,11:04:25
140.69,146.52,178.23,147.37,143.60500000000002,224.43870139998035,11:04:26
140.76,146.61,178.34,147.47,143.685,225.0278290999995,11:04:26
140.83,146.65,178.41,147.64,143.74,225.61072409999906,11:04:27
140.87,146.72,178.51,147.77,143.79500000000002,226.18565279999166,11:04:27
140.94,146.8,178.61,147.93,143.87,226.75054119998822,11:04:28
140.95,146.78,178.6,147.96,143.865,227.32163619998028,11:04:28
141.01,146.86,178.71,148.1,143.935,227.89709309997852,11:04:29
141.08,146.95,178.8,148.26,144.015,228.4864693999989,11:04:30
141.15,147.01,178.85,148.33,144.07999999999998,229.05915329998243,11:04:30
141.16,147.02,178.89,148.41,144.09,229.6399967999896,11:04:31
141.22,147.08,178.97,148.52,144.15,230.22194719998515,11:04:31
141.27,147.14,179.04,148.57,144.20499999999998,230.79808199999388,11:04:32
141.18,147.04,178.96,148.55,144.11,231.37041289999615,11:04:32
141.23,147.12,179.03,148.68,144.175,231.95465789997252,11:04:33
141.44,147.33,179.26,148.93,144.385,232.53497629999765,11:04:34
141.5,147.38,179.3,148.98,144.44,233.11455899997964,11:04:34
141.57,147.45,179.43,149.12,144.51,233.66863669999293,11:04:35
141.61,147.48,179.45,149.18,144.54500000000002,234.23075529999915,11:04:35
141.63,147.47,179.43,149.17,144.55,234.80184379999992,11:04:36
141.64,147.52,179.49,149.24,144.57999999999998,235.3861515999888,11:04:36
141.69,147.59,179.54,149.31,144.64,235.9733009999909,11:04:37
141.72,147.63,179.58,149.33,144.675,236.55511429999024,11:04:38
141.75,147.64,179.59,149.39,144.695,237.11362319998443,11:04:38
141.81,147.71,179.64,149.45,144.76,237.67816029998357,11:04:39
141.86,147.76,179.67,149.48,144.81,238.25320239999564,11:04:39
141.85,147.76,179.69,149.51,144.805,238.82768659997964,11:04:40
142.02,147.93,179.86,149.69,144.97500000000002,239.3958227999974,11:04:41
142.1,147.97,179.88,149.73,145.035,239.97172399997362,11:04:41
142.11,148.04,179.93,149.78,145.075,240.5521902999899,11:04:42
142.17,148.09,179.98,149.84,145.13,241.13914179999847,11:04:42
142.21,148.14,179.99,149.83,145.175,241.7203698999947,11:04:43
142.34,148.23,180.08,149.93,145.285,242.29541339998832,11:04:43
142.36,148.3,180.12,149.97,145.33,242.88638279997394,11:04:44
142.5,148.44,180.24,150.06,145.47,243.48015969997505,11:04:45
142.55,148.49,180.27,150.08,145.52,244.05807790000108,11:04:45
142.47,148.36,180.11,149.93,145.41500000000002,244.64916869997978,11:04:46
142.49,148.42,180.13,149.93,145.45499999999998,245.21407180000097,11:04:46
142.57,148.52,180.19,149.96,145.54500000000002,245.79431789999944,11:04:47
142.57,148.51,180.16,149.95,145.54,246.37343439998222,11:04:47
142.59,148.54,180.16,149.94,145.565,246.93208709999453,11:04:48
142.73,148.67,180.26,150.03,145.7,247.49916759997723,11:04:49
142.79,148.73,180.29,150.06,145.76,248.08966919998056,11:04:49
142.8,148.75,180.29,150.03,145.775,248.68069439998362,11:04:50
142.84,148.78,180.29,150.02,145.81,249.25609499998973,11:04:50
142.79,148.75,180.23,149.92,145.76999999999998,249.84716019997722,11:04:51
142.89,148.84,180.27,149.98,145.865,250.43414569998276,11:04:52
142.92,148.89,180.3,149.99,145.90499999999997,251.01007419999223,11:04:52
142.89,148.85,180.23,149.89,145.87,251.58097260000068,11:04:53
142.95,148.87,180.23,149.89,145.91,252.1393908999744,11:04:53
143.07,149.03,180.36,149.99,146.05,252.70937929998036,11:04:54
143.11,149.08,180.39,150.0,146.09500000000003,253.2811081999971,11:04:54
143.08,149.06,180.34,149.92,146.07,253.8655388999905,11:04:55
143.22,149.19,180.45,150.0,146.20499999999998,254.441496799991,11:04:56
143.26,149.24,180.46,149.99,146.25,255.01777339997352,11:04:56
143.17,149.14,180.32,149.82,146.15499999999997,255.616381299973,11:04:57
143.2,149.18,180.32,149.79,146.19,256.18911509998725,11:04:57
143.31,149.26,180.38,149.83,146.285,256.78174069998204,11:04:58
143.34,149.31,180.39,149.83,146.325,257.3658061999886,11:04:58
143.36,149.33,180.38,149.8,146.34500000000003,257.9459773999988,11:04:59
143.6,149.58,180.6,149.97,146.59,258.5201094999793,11:05:00
143.65,149.63,180.62,149.95,146.64,259.10574519998045,11:05:00
143.49,149.46,180.42,149.72,146.47500000000002,259.690784299979,11:05:01
143.54,149.51,180.42,149.68,146.52499999999998,260.2726255999878,11:05:01
143.7,149.67,180.55,149.76,146.685,260.85207850000006,11:05:02
143.6,149.57,180.39,149.59,146.58499999999998,261.43466909998097,11:05:03
143.64,149.59,180.38,149.55,146.615,262.05381439998746,11:05:03
143.76,149.71,180.47,149.6,146.735,262.64773669998976,11:05:04
143.8,149.76,180.47,149.57,146.78,263.23166549997404,11:05:04
143.81,149.77,180.45,149.52,146.79000000000002,263.8067068999808,11:05:05
143.83,149.78,180.42,149.46,146.805,264.40069139999105,11:05:06
143.86,149.83,180.43,149.42,146.84500000000003,264.96670019999146,11:05:06
143.9,149.87,180.42,149.38,146.885,265.54567209997913,11:05:07
143.93,149.91,180.42,149.36,146.92000000000002,266.12269179997384,11:05:07
144.1,150.08,180.58,149.47,147.09,266.7001082999923,11:05:08
144.14,150.11,180.57,149.42,147.125,267.2791030999797,11:05:08
144.13,150.12,180.5,149.3,147.125,267.8537973999919,11:05:09
144.06,150.03,180.37,149.15,147.04500000000002,268.4407110999746,11:05:10
144.06,150.04,180.36,149.09,147.05,269.0158383999951,11:05:10
144.14,150.13,180.39,149.07,147.135,269.639827099978,11:05:11
144.17,150.16,180.37,149.03,147.165,270.2277372999815,11:05:11
144.22,150.22,180.38,149.01,147.22,270.82692769999267,11:05:12
144.44,150.4,180.55,149.13,147.42000000000002,271.40777819999494,11:05:13
144.45,150.44,180.54,149.07,147.445,271.98064529997646,11:05:13
144.34,150.32,180.38,148.85,147.32999999999998,272.5637984999921,11:05:14
144.38,150.35,180.34,148.82,147.365,273.14583589998074,11:05:14
144.4,150.4,180.34,148.76,147.4,273.72071709999,11:05:15
144.43,150.42,180.32,148.7,147.425,274.2936656999809,11:05:15
144.45,150.46,180.3,148.63,147.45499999999998,274.8640242999827,11:05:16
144.55,150.54,180.36,148.66,147.54500000000002,275.4447227999917,11:05:17
144.58,150.57,180.35,148.59,147.575,276.01777199999196,11:05:17
144.52,150.51,180.25,148.47,147.515,276.5906353999744,11:05:18
144.54,150.53,180.22,148.38,147.535,277.2077548999805,11:05:18
144.71,150.7,180.34,148.45,147.70499999999998,277.7898530999955,11:05:19
144.73,150.72,180.32,148.42,147.725,278.36274219999905,11:05:19
144.75,150.74,180.29,148.33,147.745,278.929882299999,11:05:20
144.64,150.63,180.13,148.12,147.635,279.5135810999782,11:05:21
144.66,150.67,180.11,148.09,147.665,280.0966150999884,11:05:21
144.65,150.63,180.05,147.97,147.64,280.6931283999875,11:05:22
144.71,150.69,180.08,147.95,147.7,281.2977275000012,11:05:22
144.74,150.71,180.06,147.9,147.72500000000002,281.8978283999895,11:05:23
144.82,150.81,180.1,147.89,147.815,282.47466739997617,11:05:24
144.85,150.83,180.1,147.87,147.84,283.0618976999831,11:05:24
144.76,150.73,179.97,147.7,147.745,283.63864609997836,11:05:25
144.79,150.75,179.96,147.62,147.76999999999998,284.25678989998414,11:05:25
144.94,150.9,180.07,147.7,147.92000000000002,284.8517710999877,11:05:26
144.93,150.9,180.03,147.64,147.91500000000002,285.43875370000023,11:05:27
144.95,150.92,180.02,147.58,147.935,286.0507364999794,11:05:27
144.88,150.85,179.9,147.43,147.865,286.63623479998205,11:05:28
144.9,150.87,179.89,147.38,147.885,287.2156607999932,11:05:28
144.97,150.93,179.91,147.36,147.95,287.8457729999791,11:05:29
144.99,150.96,179.9,147.29,147.97500000000002,288.47387699998217,11:05:30
145.01,150.97,179.89,147.27,147.99,289.0611450999859,11:05:30
144.98,150.92,179.8,147.15,147.95,289.6430950999784,11:05:31
144.98,150.93,179.79,147.08,147.95499999999998,290.2306912999775,11:05:31
145.09,151.04,179.86,147.12,148.065,290.80389499999,11:05:32
145.13,151.07,179.87,147.11,148.1,291.3956571999879,11:05:33
145.14,151.09,179.86,147.05,148.115,291.968795599998,11:05:33
145.08,151.02,179.75,146.91,148.05,292.56014109999523,11:05:34
145.1,151.03,179.73,146.84,148.065,293.1806993999926,11:05:34
145.08,151.01,179.67,146.78,148.04500000000002,293.7657926999964,11:05:35
145.11,151.03,179.69,146.75,148.07,294.3518312999804,11:05:35
145.12,151.06,179.66,146.71,148.09,294.92779789998895,11:05:36
145.2,151.14,179.72,146.72,148.17,295.52072999998927,11:05:37
145.22,151.15,179.71,146.7,148.185,296.09463159998995,11:05:37
145.24,151.15,179.71,146.65,148.195,296.6879320999724,11:05:38
145.33,151.26,179.77,146.67,148.29500000000002,297.29788779999944,11:05:38
145.35,151.27,179.75,146.61,148.31,297.8967772999895,11:05:39
145.36,151.27,179.72,146.57,148.315,298.4696966999909,11:05:40
145.36,151.28,179.71,146.51,148.32,299.04263999999966,11:05:40
145.28,151.19,179.57,146.33,148.235,299.6178973999922,11:05:41
145.29,151.2,179.57,146.31,148.245,300.1898872999882,11:05:41
145.22,151.12,179.45,146.16,148.17000000000002,300.7626803999883,11:05:42
145.25,151.14,179.45,146.14,148.195,301.36065039999085,11:05:42
145.26,151.15,179.44,146.11,148.20499999999998,301.95977409998886,11:05:43
145.33,151.23,179.49,146.13,148.28,302.5566216999723,11:05:44
145.32,151.21,179.46,146.07,148.265,303.1538295999926,11:05:44
145.36,151.25,179.48,146.06,148.305,303.75778929999797,11:05:45
145.44,151.32,179.54,146.1,148.38,304.3426800999732,11:05:45
145.45,151.32,179.53,146.07,148.385,304.9258564999909,11:05:46
145.41,151.28,179.46,145.97,148.345,305.5027173999988,11:05:47
145.43,151.31,179.46,145.93,148.37,306.119709599996,11:05:47
145.43,151.31,179.45,145.9,148.37,306.68856679997407,11:05:48
145.44,151.3,179.42,145.85,148.37,307.2586354999803,11:05:48
145.45,151.31,179.41,145.83,148.38,307.8618862000003,11:05:49
145.53,151.4,179.48,145.87,148.465,308.444752099982,11:05:50
145.53,151.4,179.46,145.82,148.465,309.0246928999841,11:05:50
145.45,151.31,179.35,145.68,148.38,309.6398555999913,11:05:51
145.46,151.31,179.34,145.64,148.385,310.2226650999801,11:05:51
145.5,151.35,179.35,145.65,148.425,310.796703,11:05:52
145.53,151.38,179.36,145.65,148.45499999999998,311.37377869998454,11:05:52
145.53,151.39,179.36,145.6,148.45999999999998,311.96278539998457,11:05:53
145.5,151.34,179.29,145.55,148.42000000000002,312.5317415999889,11:05:54
145.5,151.35,179.28,145.5,148.425,313.104688899999,11:05:54
145.69,151.53,179.47,145.65,148.61,313.7022160999768,11:05:55
145.73,151.56,179.48,145.64,148.64499999999998,314.2999485999753,11:05:55
145.72,151.56,179.46,145.61,148.64,314.88188099997933,11:05:56
145.64,151.45,179.35,145.47,148.545,315.47788679998484,11:05:57
145.65,151.46,179.32,145.42,148.555,316.0558038999734,11:05:57
