30.73
30.3225
30.3925
32.43
34.3875
35.85
37.955
39.6725
41.16
42.675
44.2725
45.470000000000006
46.68750000000001
48.260000000000005
49.6425
50.809999999999995
52.17
53.615
54.709999999999994
55.8075
57.3275
58.699999999999996
59.842499999999994
60.92249999999999
62.3775
63.522499999999994
64.5025
65.78
67.13499999999999
68.20499999999998
69.13999999999999
70.4975
71.85249999999999
72.6825
73.95
75.075
76.05000000000001
77.04249999999999
78.3325
79.4425
80.5275
81.6625
82.815
83.69
84.7375
85.94500000000001
86.84750000000001
87.735
88.89
90.0625
90.9275
91.9775
93.14500000000001
94.18
95.00999999999999
96.08
97.255
98.0175
98.89
100.1325
101.2125
102.01
102.9875
104.1325
104.79750000000001
105.565
106.825
107.9225
108.78999999999999
109.475
110.54249999999999
111.5
112.30000000000001
113.15
114.275
115.1975
115.88250000000001
116.915
117.705
118.4025
118.77999999999999
118.3425
117.86
117.9325
118.1675
118.28
118.38
118.4075
118.41749999999999
118.39750000000001
118.315
118.39750000000001
118.485
118.58
118.55
118.58500000000001
118.56
118.51
118.5875
118.6325
118.60249999999999
118.58749999999999
118.6725
118.685
118.66999999999999
118.525
118.495
118.63749999999999
118.83500000000001
118.85
118.70750000000001
118.6425
118.60249999999999
118.65
118.66499999999999
118.78999999999999
118.86000000000001
118.73
118.68
118.7625
118.79750000000001
118.79499999999999
118.7375
118.6875
118.59500000000001
118.65499999999999
118.9075
118.9325
118.895
118.7225
118.67500000000001
118.60749999999999
118.74000000000001
118.865
118.83250000000001
118.79499999999999
118.88499999999999
118.8525
118.815
118.86749999999999
118.8625
118.8175
118.80250000000001
118.7675
118.75750000000001
118.7975
118.905
118.91999999999999
118.8925
118.82749999999999
118.8075
118.7625
118.81
118.9425
118.8775
118.85499999999999
118.7375
118.79249999999999
118.99249999999999
119.025
118.84750000000001
118.8575
118.8775
118.88499999999999
118.91
118.85499999999999
118.96499999999999
118.9775
118.975
118.925
118.7975
118.85
118.91
119.1275
119.105
118.77
118.7625
118.8725
118.92999999999999
118.945
119.1425
119.1025
118.94749999999999
118.8525
118.88
118.98500000000001
119.03
118.92750000000001
119.0275
119.035
118.9925
118.9825
118.85499999999999
118.865
118.94749999999999
119.135
119.1575
118.9975
118.885
118.935
119.01750000000001
119.0675
119.06
119.005
119.025
118.94500000000001
118.9625
118.95250000000001
119.015
119.1925
119.16499999999999
119.095
118.92250000000001
118.945
119.07000000000001
119.1125
118.995
118.99000000000001
118.9975
118.9875
119.0325
119.1475
119.03750000000001
119.0425
119.0575
119.0775
119.0875
118.97
118.975
119.1575
119.17
119.07749999999999
119.10000000000001
119.0925
119.0925
119.0825
119.075
119.08500000000001
119.15999999999998
119.11500000000001
119.09
119.0975
119.11250000000001
118.98750000000001
119.03500000000001
119.11
119.2375
119.23499999999999
119.17
119.105
119.105
119.20750000000001
119.2175
119.155
119.085
119.08500000000001
119.14
119.14750000000001
119.1175
119.11500000000001
119.2
119.22
119.2325
119.2
119.185
119.22
119.2075
119.14250000000001
119.02000000000001
119.0875
119.16499999999999
119.20750000000001
119.28
119.305
119.19749999999999
119.14999999999999
119.13999999999999
119.1575
119.175
119.2025
119.2025
119.19
119.13749999999999
119.16000000000001
119.21000000000001
119.22999999999999
119.33250000000001
119.23249999999999
119.145
119.1625
119.2
119.24499999999999
119.14250000000001
119.1725
119.2175
119.245
119.38
119.335
119.1575
119.2475
119.2775
119.23
119.20750000000001
119.25750000000001
119.30250000000001
119.29249999999999
119.25250000000001
119.185
119.24
119.27250000000001
119.245
119.2475
119.2625
119.2
119.2075
119.375
119.4425
119.38499999999999
119.205
119.15
119.17250000000001
119.315
119.4025
119.385
119.33500000000001
119.25750000000001
119.2725
119.28750000000001
119.1675
119.17750000000001
119.36749999999999
119.4025
119.43249999999999
119.3325
119.275
119.155
119.1875
119.44
119.4225
119.38250000000001
119.36000000000001
119.30749999999999
119.275
119.22250000000001
119.2725
119.4375
119.42000000000002
119.38000000000001
119.245
119.23749999999998
119.305
119.36
119.33
119.325
119.335
119.38250000000001
119.39000000000001
119.35000000000001
119.34750000000001
119.39750000000001
119.3525
119.34500000000001
119.33
119.365
119.4625
119.3375
119.2825
119.4475
119.48500000000001
119.42249999999999
119.36500000000001
119.33
119.28999999999999
119.3425
119.42750000000001
119.47749999999999
119.43
119.505
119.455
119.36500000000001
119.33250000000001
119.3075
119.3175
119.3775
119.6075
119.56
119.33500000000001
119.26500000000001
119.3125
119.245
119.32749999999999
119.48
119.51999999999998
119.5625
119.375
119.33500000000001
119.45750000000001
119.4925
119.45750000000001
119.42
119.37750000000001
119.4075
119.4475
119.495
119.4925
119.35749999999999
119.415
119.44999999999999
119.5025
119.4975
119.4825
119.4425
119.445
119.37
119.3925
119.4325
119.61250000000001
119.615
119.3725
119.3425
119.38250000000001
119.4675
119.54750000000001
119.4325
119.43
119.475
119.48750000000001
119.49
119.58500000000001
119.5575
119.4675
119.41499999999999
119.43
119.47999999999999
119.515
119.47749999999999
119.4375
119.56500000000001
119.495
119.4675
119.435
119.48249999999999
119.5
119.505
119.5
119.5225
119.515
119.50500000000001
119.495
119.58250000000001
119.45750000000001
119.465
119.49000000000001
119.5175
119.535
119.42250000000001
119.43
119.86500000000001
119.82000000000001
119.5425
119.3425
119.36749999999999
119.335
119.42250000000001
119.6075
119.61
119.69500000000001
119.71000000000001
119.60249999999999
119.50999999999999
119.46000000000001
119.38250000000001
119.47999999999999
119.565
119.555
119.5425
119.45
119.5975
119.6125
119.5475
119.55250000000001
119.50750000000001
119.505
119.5325
119.55250000000001
119.56
119.5175
119.49749999999999
119.6425
119.5575
119.5625
119.54750000000001
119.55250000000001
119.6375
119.7025
119.6575
119.41749999999999
119.4275
119.54750000000001
119.63250000000001
119.6225
119.5925
119.60249999999999
119.55000000000001
119.5275
119.56
119.50500000000001
119.50500000000001
119.52499999999999
119.6
119.67500000000001
119.65499999999999
119.72999999999999
119.56750000000001
119.52499999999999
119.6225
119.64999999999999
119.56
119.4925
119.5175
119.6075
119.64999999999999
119.645
119.63250000000001
119.6
119.60499999999999
119.60249999999999
119.5825
119.54750000000001
119.5675
119.67500000000001
119.685
119.5475
119.5225
119.54750000000001
119.61500000000001
119.66
119.65249999999999
119.63250000000001
119.6
119.59
119.6
119.62
119.625
119.73249999999999
119.69
119.66499999999999
119.53249999999998
119.5175
119.5975
119.66749999999999
119.66499999999999
119.67500000000001
119.64750000000001
119.6375
119.6275
119.61250000000001
119.5925
119.6375
119.6375
119.635
119.60249999999999
119.7125
119.72
119.6725
119.60249999999999
119.60749999999999
119.695
119.715
119.545
119.55499999999999
119.67000000000002
119.72
119.5425
119.64500000000001
119.6875
119.69749999999999
119.6775
119.69
119.61749999999999
119.61
119.6475
119.675
119.74000000000001
119.72999999999999
119.6925
119.65
119.645
119.68
119.685
119.48250000000002
119.66000000000001
119.7625
119.68499999999999
119.6525
119.6525
119.67
119.74749999999999
119.70750000000001
119.6875
119.485
119.5275
119.695
119.86
119.83999999999999
119.72500000000001
119.645
119.635
119.6425
119.6225
119.75
119.76750000000001
119.67999999999999
119.65
119.535
119.67000000000002
119.72500000000001
119.75999999999999
119.70500000000001
119.735
119.75
119.71000000000001
119.71000000000001
119.7025
119.70000000000002
119.69
119.6225
119.735
119.77250000000001
119.73750000000001
119.71249999999999
119.565
119.63499999999999
119.7125
119.7575
119.7325
119.74
119.74000000000001
119.675
119.7025
119.72
119.8075
119.80499999999999
119.62500000000001
119.7275
119.7575
119.765
119.7475
119.64999999999999
119.61
119.72749999999999
119.755
119.75999999999999
119.765
119.73750000000001
119.7225
119.58999999999999
119.61250000000001
119.7525
119.8175
119.8075
119.765
119.7275
119.695
119.7
119.73249999999999
119.745
119.82249999999999
119.725
119.6625
119.69
119.745
119.8125
119.805
119.7075
119.67
119.675
119.7375
119.77250000000001
119.805
119.72500000000001
119.695
119.7975
119.82499999999999
119.775
119.77250000000001
119.74499999999999
119.70249999999999
119.71249999999999
119.69749999999999
119.7325
119.7775
119.785
119.755
119.72749999999999
119.7275
119.7275
119.7375
119.75500000000001
119.75250000000001
119.75750000000001
119.745
119.735
119.765
119.765
119.7625
119.8275
119.84
119.7225
119.755
119.76249999999999
119.8425
119.8375
119.73
119.7
119.77250000000001
119.7175
119.72999999999999
119.7875
119.82750000000001
119.865
119.83000000000001
119.70250000000001
119.72999999999999
119.8025
119.745
119.74249999999999
119.8375
119.8425
119.80999999999999
119.695
119.7
119.655
119.755
119.82000000000001
119.855
119.83
119.7425
119.7175
119.7425
119.9
119.9025
119.8425
119.8125
119.8375
119.80499999999999
119.76
119.78750000000001
119.8025
119.7475
119.72
119.78750000000001
119.765
119.785
119.805
119.8275
119.8675
119.8325
119.81
119.7225
119.70750000000001
119.7625
119.86250000000001
119.8825
119.83500000000001
119.8175
119.805
119.73249999999999
119.75
119.985
119.7975
119.7225
119.84
119.86500000000001
119.815
119.7475
119.7525
119.85749999999999
119.89
119.85
119.82000000000001
119.75500000000001
119.72999999999999
119.82000000000001
119.85499999999999
119.85249999999999
119.82000000000001
119.745
119.77000000000001
119.8075
119.8225
119.94250000000001
119.9075
119.7975
119.76
119.76750000000001
119.72
119.8125
119.8825
119.95249999999999
119.8625
119.8425
119.8275
119.66999999999999
119.71
119.82499999999999
119.8
119.8175
119.83
119.86
119.8525
119.87499999999999
119.8225
119.83250000000001
119.83500000000001
119.88999999999999
119.7825
119.755
119.72
119.79499999999999
119.9325
119.9475
119.84
119.78
119.775
119.805
119.81750000000001
119.86500000000001
119.86250000000001
119.84
119.7775
119.805
119.8775
119.91499999999999
119.8775
119.84
119.82749999999999
119.86000000000001
119.7675
119.745
119.99000000000001
120.01
119.89
119.8075
119.8475
119.69
119.72
119.81
119.91
120.075
119.85249999999999
119.72
119.77
119.835
119.84
119.9675
119.98750000000001
119.88250000000001
119.8075
119.7375
119.7475
119.81750000000001
119.8875
119.87500000000001
119.9875
119.95500000000001
119.88
119.78
119.79249999999999
119.78
119.9675
119.97
119.86
119.80499999999999
119.7975
119.7875
119.85499999999999
119.945
119.9325
119.8875
119.8375
119.7975
119.945
119.96000000000001
119.8175
119.78750000000001
119.88
119.82750000000001
119.8375
119.82
119.8775
119.845
119.87
119.8675
119.95250000000001
119.9425
119.85499999999999
119.745
119.78250000000001
119.90750000000001
119.94749999999999
119.9025
119.895
119.74249999999999
119.81750000000001
119.88499999999999
119.8475
119.895
119.9125
119.91999999999999
119.86
119.92750000000001
119.92999999999999
119.89999999999999
119.84750000000001
119.7575
119.815
119.8825
119.88999999999999
119.87
119.9375
119.9025
119.89249999999998
119.875
119.8775
119.9025
119.895
119.875
119.875
119.87750000000001
119.94000000000001
119.8375
119.8675
119.99000000000001
119.98500000000001
119.7825
119.74000000000001
119.79249999999999
119.95
120.0
119.92
119.885
119.89
119.8725
119.85499999999999
119.87499999999999
119.8975
119.8675
119.895
119.945
119.93249999999999
119.91
119.85249999999999
119.88499999999999
119.8925
119.8775
119.8825
119.86
119.9
119.9275
119.865
119.825
119.8775
119.91250000000001
119.92
119.875
119.885
119.9075
119.9125
119.8825
119.91250000000001
119.9075
120.05
119.9875
119.7475
119.715
119.8125
119.91000000000001
120.0025
119.9825
119.9375
119.8825
119.88
119.9025
119.8875
119.895
119.86
119.79249999999999
119.8275
120.0275
120.03999999999999
119.84
119.74249999999999
119.92999999999999
120.0125
120.00750000000001
119.88000000000001
119.8325
119.8225
119.83500000000001
119.8925
120.0125
120.0
120.02
119.865
119.8275
119.905
119.9025
119.9575
119.9575
119.995
119.9525
119.9125
119.8275
119.8275
120.0325
119.87500000000001
119.89
119.77749999999999
119.79249999999999
119.98499999999999
120.00750000000001
119.9425
120.0225
119.99000000000001
119.825
119.85
119.9425
119.87
119.88
119.88499999999999
119.9075
120.1175
120.215
120.11500000000001
119.65
119.60249999999999
119.7975
119.99499999999999
120.0275
119.985
119.93749999999999
119.9575
119.935
119.78
119.75
119.875
120.03
120.03750000000001
119.99000000000001
119.94
119.9
119.8125
119.84
119.8725
119.9475
119.98500000000001
119.8825
119.8375
120.11500000000001
120.1375
119.825
119.7875
119.81
120.045
120.06
119.97999999999999
119.9575
119.91499999999999
119.83999999999999
119.825
119.88749999999999
119.94500000000001
119.92250000000001
119.99000000000001
120.01
119.975
119.9475
119.83999999999999
119.82
119.91499999999999
119.91
119.93
119.89500000000001
119.98499999999999
119.98499999999999
119.94500000000001
119.92499999999998
119.91
119.875
119.9325
119.905
119.91499999999999
120.19000000000001
120.1325
119.82
119.7425
119.8275
119.88
119.9725
120.0925
120.06500000000001
119.85
119.78999999999999
119.83500000000001
119.91
119.95500000000001
119.92249999999999
119.94
119.94749999999999
120.11749999999999
120.0675
119.6975
119.8825
120.0025
119.92250000000001
119.8925
119.89500000000001
120.0
120.0025
119.89500000000001
119.83500000000001
119.8775
119.91499999999999
120.045
119.965
119.92750000000001
119.94999999999999
119.94749999999999
119.9375
119.86
119.84000000000002
119.88749999999999
119.965
120.1075
119.96000000000001
119.8975
119.9925
119.995
119.86749999999999
119.9
119.97749999999999
119.94749999999999
119.93
119.93
119.93
119.9425
119.965
119.9625
119.9325
119.94
119.9725
119.86500000000001
119.8575
119.91749999999999
119.9625
119.88999999999999
120.015
120.0225
120.1175
120.06
119.84
119.82999999999998
119.91499999999999
119.96
119.98500000000001
119.95750000000001
119.945
119.9375
119.95500000000001
119.95750000000001
119.9375
119.935
119.88250000000001
119.8925
120.025
120.0
120.00750000000001
119.87500000000001
119.8575
120.025
120.03750000000001
119.995
119.9625
119.90499999999999
119.83500000000001
119.925
119.985
119.935
119.975
120.145
119.9675
119.85
119.8675
119.9125
120.0025
120.06
120.04
119.8825
119.845
119.95
119.99000000000001
119.95250000000001
120.01249999999999
120.005
119.97999999999999
119.91250000000001
119.91250000000001
120.045
120.0625
119.89250000000001
119.9025
119.955
119.9625
119.965
119.97999999999999
119.95749999999998
119.89000000000001
119.88499999999999
119.9325
119.995
119.9975
119.9625
119.92999999999999
119.9375
119.94
119.945
119.9575
120.01249999999999
119.99000000000001
119.905
119.855
120.01
120.04500000000002
120.025
120.01
119.9975
119.875
119.87
119.995
119.995
119.985
119.95
119.89
119.965
119.9875
120.00999999999999
119.97749999999999
119.925
119.8725
119.89750000000001
119.9325
120.01250000000002
120.05499999999999
119.93749999999999
119.9025
119.8125
119.93499999999999
120.0
120.07499999999999
120.0375
119.9875
119.9325
119.8925
119.965
119.9925
120.00750000000001
119.9875
120.0075
119.87
119.8625
120.125
120.12749999999998
119.8125
119.885
119.94500000000001
119.985
119.9525
119.995
119.995
119.98249999999999
119.9575
119.9575
119.91749999999999
119.925
119.935
119.95
119.96249999999999
119.9725
120.01
120.065
119.9725
119.8825
119.91
119.945
119.9625
119.9375
119.9325
120.045
120.05499999999999
119.97749999999999
119.9875
120.00750000000001
119.98249999999999
119.97749999999999
119.9225
119.97749999999999
119.8725
119.88749999999999
119.93249999999999
120.08250000000001
120.1225
120.04
119.96000000000001
119.87
119.82
119.9175
120.07000000000001
120.0875
120.08500000000001
120.01500000000001
119.8075
119.9175
119.985
120.025
120.01750000000001
120.0475
119.97749999999999
119.94749999999999
119.775
119.82750000000001
120.1625
120.19500000000001
120.11500000000001
119.83500000000001
119.79
119.92000000000002
119.9675
120.0675
119.9675
119.9425
119.95250000000001
119.9625
119.9675
120.0025
120.0025
119.9875
119.9625
119.89999999999999
119.94
119.97
120.08250000000001
120.035
119.9825
119.9625
119.94749999999999
119.94
119.92750000000001
120.0125
120.07249999999999
119.8
119.98
120.0425
120.01249999999999
119.9875
120.0075
119.845
119.855
120.0225
120.07999999999998
120.00500000000001
120.005
120.00999999999999
119.98
119.97500000000001
119.94500000000001
119.9625
119.9725
119.8675
119.875
120.09
120.1225
120.07
120.0075
119.91000000000001
119.85750000000002
119.875
119.955
120.03
120.0325
120.0475
120.0175
119.8775
119.89250000000001
120.07750000000001
120.08000000000001
120.04
119.90750000000001
119.89250000000001
119.8775
119.96249999999999
120.1725
120.07
119.96249999999999
119.8975
119.9
120.03
120.025
120.0075
119.9425
119.93249999999999
120.035
119.92999999999999
119.9175
119.9175
119.99
120.0425
120.02
119.925
119.9175
119.9475
120.035
120.05250000000001
119.955
119.92
119.975
119.955
119.97
120.0975
120.08749999999999
119.90500000000002
120.0
119.9975
119.9575
119.955
119.925
119.9625
119.9975
120.03750000000001
120.0325
120.02
119.96749999999999
119.93249999999999
119.9275
119.9525
119.9825
119.9925
120.0375
119.96499999999999
119.945
119.8675
119.89499999999998
120.16000000000001
120.09
120.03
119.8775
119.89
119.955
120.0775
120.0875
119.9425
119.905
120.0275
119.97500000000001
119.995
120.02749999999999
120.0125
119.975
119.9475
119.9225
120.0375
120.05499999999999
120.1
120.05250000000001
119.79
119.955
120.0625
120.04
120.015
119.9325
119.935
119.9575
119.96249999999999
119.98750000000001
119.995
119.975
120.0325
120.04499999999999
120.0275
120.04499999999999
120.015
119.8925
119.8475
119.9575
120.1375
120.13250000000001
120.02000000000001
119.94749999999999
119.915
119.88
119.95
120.08
120.1025
119.94999999999999
119.9975
119.9775
119.9075
119.95499999999998
120.0125
120.0425
120.035
119.965
119.935
119.93
119.9875
120.0375
120.03500000000001
119.97250000000001
119.89750000000001
119.9375
119.9775
120.0925
120.08249999999998
120.1125
120.05000000000001
119.92500000000001
119.92750000000001
119.9225
120.0025
120.03500000000001
119.9125
119.89750000000001
120.105
120.1025
120.085
119.91999999999999
119.885
119.9325
119.97500000000001
120.0525
120.05499999999999
120.02749999999999
119.98749999999998
119.97999999999999
120.045
119.9925
119.97
119.93
119.9525
120.0075
120.0575
120.055
120.05250000000001
120.015
119.91
119.8975
119.89750000000001
120.08
120.14
120.07000000000001
120.0075
119.8675
119.92249999999999
120.0
119.98249999999999
119.975
119.9975
120.005
119.9825
120.03999999999999
120.045
119.9975
119.97749999999999
119.9325
119.95
119.975
120.06
120.0625
119.97749999999999
119.9725
119.9075
119.9225
119.9675
120.1
120.1275
119.9625
119.975
119.9675
119.8875
119.9375
120.035
120.05499999999999
120.035
120.06
120.04249999999999
119.9475
119.8975
119.9025
119.94749999999999
120.04
120.06249999999999
120.02749999999999
120.04
120.0075
119.995
120.05499999999999
120.08000000000001
119.9625
119.95000000000002
119.93249999999999
119.97
120.005
120.05999999999999
120.0525
119.91999999999999
119.925
119.8875
120.07249999999999
120.1175
120.0425
119.995
119.92999999999999
119.905
119.975
120.05
120.045
120.065
119.9425
119.89
119.94
119.98
120.195
120.1725
119.90999999999998
119.9075
119.97250000000001
120.0425
120.05499999999999
119.9525
119.86749999999999
119.8825
119.9275
120.03500000000001
120.07249999999999
120.06
120.05
119.99000000000001
119.97749999999999
119.96000000000001
119.97
119.98249999999999
120.045
120.0425
120.065
120.035
119.97999999999999
119.965
119.97
119.99000000000001
120.0
119.8575
119.86999999999999
119.98
120.0725
120.08
120.09
120.03250000000001
120.02250000000001
120.015
120.0
119.95
119.92999999999999
119.9825
120.0275
120.0275
120.0
119.9875
119.9625
120.005
120.0325
119.9925
119.985
119.955
119.935
120.0025
120.0275
120.02
120.0075
119.97
120.0425
120.0875
120.0175
119.99000000000001
119.96
119.9
119.93
119.97
120.13
120.1375
120.03
119.975
120.25999999999999
119.88499999999999
119.845
119.9125
120.00999999999999
120.04250000000002
120.04750000000001
119.9775
120.0025
120.0025
119.9475
119.93
120.1975
120.02250000000001
119.9575
120.0
120.0175
119.895
120.04499999999999
120.10750000000002
120.03
119.98500000000001
119.98750000000001
119.9775
119.995
120.0325
120.0375
119.9775
120.00999999999999
119.9125
119.98500000000001
120.01
120.0075
120.0225
120.055
120.04249999999999
119.98500000000001
119.8775
119.9
120.01750000000001
120.0775
120.06750000000001
120.0825
119.9975
119.8925
119.905
120.035
119.9575
119.955
119.9775
119.9875
120.1525
120.015
119.96000000000001
119.9425
119.9625
120.03999999999999
120.02250000000001
120.03750000000001
119.955
119.94749999999999
119.9825
120.04
120.03999999999999
120.0525
119.99499999999999
120.0275
120.0
119.995
119.8775
119.9375
120.07
120.105
119.9925
120.0025
119.99
120.0325
120.01249999999999
120.0875
120.07249999999999
119.96000000000001
119.89
119.915
119.8975
119.9775
120.115
120.0675
119.9875
120.10000000000001
120.095
120.03
119.965
119.8975
120.01250000000002
120.045
119.93
119.92250000000001
120.085
119.9525
119.9875
119.99249999999999
120.0025
119.96000000000001
120.01
120.08
120.0775
120.035
119.9475
119.91499999999999
119.94749999999999
120.01500000000001
120.04750000000001
120.29499999999999
120.23
119.79
119.745
120.2125
120.02250000000001
119.98
119.87
119.8875
120.07249999999999
120.1675
120.13
119.97999999999999
119.92750000000001
119.95
119.9475
119.9825
120.05
120.05749999999999
120.0975
120.115
120.06
119.905
119.8975
119.9625
119.9975
120.08500000000001
120.0825
120.0425
119.99
119.965
119.915
119.91
119.95750000000001
120.035
120.05499999999999
119.9875
120.0725
120.06
120.00999999999999
119.98
119.9375
119.945
119.8625
119.96
120.0275
120.01249999999999
120.045
120.09
120.0525
119.99
119.985
120.01
119.995
119.99749999999999
119.99999999999999
119.965
119.97000000000001
120.01250000000002
120.02250000000001
120.0475
119.99499999999999
119.98
120.03500000000001
120.03750000000001
119.925
119.91749999999999
119.95
120.07
120.085
120.0525
120.00999999999999
119.99499999999999
119.96000000000001
119.97000000000001
120.0125
120.01500000000001
119.9975
120.035
120.055
120.065
120.03
119.9425
119.945
119.82249999999999
120.0
120.0875
120.02250000000001
120.01249999999999
120.1925
120.02000000000001
119.955
119.9425
119.97250000000001
119.9825
120.01500000000001
120.025
119.9625
119.9575
120.055
119.98
119.97000000000001
119.9875
120.0
120.025
120.12
120.09500000000001
119.9375
119.92750000000001
120.00250000000001
120.025
120.03
120.105
120.07749999999999
119.9425
119.89500000000001
119.905
119.9825
120.05250000000001
120.03999999999999
120.01750000000001
119.95500000000001
119.88
119.91499999999999
120.095
120.1425
119.995
119.94
119.94
120.025
120.07
120.025
119.995
120.05749999999999
120.07249999999999
120.0525
119.9775
119.9675
119.9525
119.985
120.0075
120.03500000000001
120.03500000000001
120.0
119.9675
119.99
119.93
119.9325
120.09750000000001
120.08500000000001
120.03
119.96000000000001
119.95
119.99499999999999
120.03
120.0375
120.02250000000001
120.0375
119.97500000000001
119.9975
119.935
119.9375
119.9775
120.1125
120.07499999999999
120.10249999999999
120.03999999999999
119.99249999999999
119.96750000000002
119.86999999999999
119.945
119.9875
120.22000000000001
120.2025
119.85249999999999
119.92999999999999
120.025
120.03
120.02250000000001
120.01499999999999
120.0025
120.035
119.85
119.8575
119.8925
120.0125
120.135
120.135
120.07499999999999
120.01499999999999
119.96499999999999
119.94250000000001
120.0125
120.03999999999999
119.92999999999999
119.9775
119.95500000000001
119.975
120.1275
120.11
120.04499999999999
119.935
119.9125
119.9375
120.0175
120.045
120.105
120.095
119.95249999999999
119.92500000000001
119.92500000000001
119.935
120.01
120.1475
120.12
120.08
119.9625
119.9325
119.9125
120.00250000000001
120.0425
120.055
119.985
120.055
120.05000000000001
119.92750000000001
119.99249999999999
120.0375
120.025
120.0175
120.05250000000001
120.00249999999998
120.02250000000001
119.995
119.9875
120.02250000000001
120.08500000000001
119.94749999999999
119.955
119.94
119.9675
120.00500000000001
120.1825
120.045
120.0125
119.955
119.95249999999999
119.9
119.97749999999999
120.005
120.125
120.10749999999999
120.08500000000001
120.03999999999999
119.92
119.8925
119.9375
120.0275
120.0475
119.99749999999999
120.0025
119.99249999999999
119.97
119.9875
120.08749999999999
120.08500000000001
120.04750000000001
119.88250000000001
119.92500000000001
119.99249999999999
120.03999999999999
120.04249999999999
120.0
120.00750000000001
120.10749999999999
119.955
119.935
120.035
120.08
120.1475
120.10499999999999
119.875
119.905
119.94749999999999
119.97749999999999
120.0025
120.02
120.035
120.0175
119.965
119.9675
120.125
120.08
120.0
119.9725
119.9975
119.9925
120.03999999999999
120.04499999999999
119.9675
119.94749999999999
120.02
120.0425
119.9375
119.9725
120.00500000000001
120.02250000000001
120.00250000000001
120.02
120.0325
120.015
119.9925
119.9725
119.9575
119.97749999999999
120.0125
120.0875
120.1275
119.91749999999999
119.88499999999999
120.00000000000001
120.025
120.035
120.0175
120.01249999999999
119.99500000000002
120.0175
119.92999999999999
120.04749999999999
120.02
120.07750000000001
120.065
120.0475
119.995
120.0075
119.97749999999999
119.9825
119.98499999999999
119.96
120.0
120.12
120.1125
120.0025
119.925
119.9675
120.035
120.0625
120.005
119.955
119.995
119.91250000000001
119.9375
119.9975
119.9975
120.06
120.05
120.0375
120.0575
120.03
119.995
120.10750000000002
120.065
119.9175
119.905
119.9275
119.94749999999999
120.1525
120.0975
120.04249999999999
119.98250000000002
119.9925
120.02749999999999
119.92750000000001
119.905
120.0575
120.0825
120.0925
119.96499999999999
119.94250000000001
119.9525
119.98249999999999
120.1175
120.2175
120.16999999999999
119.8775
119.875
119.86250000000001
119.96000000000001
120.135
120.1
120.075
120.0025
119.9725
120.2225
119.8825
119.835
119.955
120.055
120.14
120.135
119.985
119.95249999999999
119.9675
119.9575
120.035
120.03
120.02250000000001
120.01000000000002
120.1225
120.11000000000001
119.91250000000001
119.8925
119.9
119.97
120.0375
120.1325
120.1125
119.99
119.97999999999999
119.98
120.07249999999999
120.0525
120.00999999999999
119.99
120.01500000000001
119.98
119.97
119.91999999999999
119.945
119.9675
120.105
120.11
120.07249999999999
119.965
120.0075
119.9375
119.9425
120.1675
120.13749999999999
119.89250000000001
119.88749999999999
119.94749999999999
120.05
120.0475
120.17999999999999
120.14500000000001
119.9125
119.89
119.97999999999999
120.0375
120.06
120.08000000000001
120.04249999999999
120.03
119.95
119.9575
119.94
120.135
120.1575
119.92
119.8775
119.9825
120.0575
120.03499999999998
119.87
119.86500000000001
120.0975
120.185
120.13
120.035
119.995
119.9625
119.9725
119.8775
119.90499999999999
119.98
120.06
120.0825
120.2125
120.15
119.88
119.93
119.9925
120.0125
119.9925
120.075
120.04749999999999
120.025
120.02
120.03
120.06750000000001
119.9675
119.96
119.97999999999999
119.98249999999999
120.06249999999999
120.07000000000001
120.0475
119.8275
119.8675
120.08
120.14
120.0925
119.9675
119.925
119.98
119.9875
120.03999999999999
119.95750000000001
119.96000000000001
120.03999999999999
120.095
120.09
120.00750000000001
119.95750000000001
119.97
119.995
120.0975
120.06750000000001
120.05250000000001
120.0025
119.9925
119.81
119.8825
120.0625
120.0725
120.0375
120.10249999999999
120.11250000000001
119.9925
119.95
119.92250000000001
119.9075
119.99
120.125
120.13250000000001
119.9825
119.96
119.9725
119.97749999999999
120.00250000000001
119.97
119.9975
120.035
120.135
