75.7
75.7
75.67
75.67
75.86
75.86
76.56
76.56
77.28
77.22
77.97
77.97
78.65
78.65
79.37
79.43
80.08
80.08
80.69
80.69
81.3
81.34
81.92
81.92
82.51
82.51
83.07
83.03
83.6
83.6
84.17
84.17
84.73
84.75
85.29
85.29
85.79
85.79
86.23
86.23
86.74
86.74
87.22
87.22
87.67
87.67
88.21
88.21
88.7
88.7
89.2
89.2
89.71
89.71
90.16
90.16
90.7
90.7
91.16
91.16
91.64
91.64
92.1
92.1
92.56
92.56
93.05
92.98
93.5
93.5
93.95
93.95
94.43
94.43
94.91
94.91
95.39
95.39
95.86
95.84
96.32
96.32
96.78
96.78
97.23
97.17
97.62
97.62
98.04
98.04
98.69
98.69
99.17
99.17
99.63
99.63
100.0
100.0
100.44
100.44
100.91
100.91
101.39
101.39
101.88
101.88
102.31
102.31
102.75
102.75
103.2
103.2
103.63
103.63
104.06
104.06
104.48
104.48
104.92
104.92
105.48
105.48
105.87
105.87
106.25
106.19
106.19
106.66
106.66
107.12
107.12
107.57
107.57
108.02
108.02
108.46
108.46
108.9
108.9
109.35
109.35
109.81
109.81
110.21
110.21
110.63
110.63
111.06
111.06
111.48
111.48
111.9
111.9
112.33
112.33
112.7
112.7
113.12
113.12
113.52
113.52
113.97
113.97
114.38
114.38
114.81
114.81
115.23
115.23
115.64
115.64
116.05
116.11
116.54
116.54
116.96
116.96
117.43
117.43
117.84
117.84
118.26
118.26
118.67
118.75
119.15
119.15
119.58
119.58
119.98
119.88
120.28
120.28
120.71
120.71
121.13
121.19
121.59
121.59
122.0
122.0
122.43
122.43
122.83
122.83
123.25
123.25
123.64
123.64
124.05
124.05
124.45
124.45
124.83
124.83
125.24
125.24
125.62
125.62
126.03
126.03
126.42
126.42
126.84
126.7
127.12
127.12
127.51
127.51
127.9
127.9
128.29
128.29
128.68
128.68
129.09
129.13
129.53
129.53
129.92
129.92
130.42
130.42
130.8
130.8
131.18
131.18
131.5
131.5
131.87
131.87
132.24
132.24
132.71
132.71
133.09
133.09
133.47
133.47
133.72
133.72
134.11
134.11
134.47
134.47
134.86
134.86
135.24
135.24
135.62
135.62
135.92
135.92
136.25
136.25
136.61
136.61
137.0
137.0
137.39
137.39
137.74
137.83
138.2
138.2
138.57
138.57
138.93
138.82
139.21
139.21
139.58
139.58
139.95
140.06
140.42
140.42
140.78
140.78
141.13
141.11
141.47
141.47
141.83
141.83
142.18
142.15
142.51
142.51
142.89
142.89
143.26
143.26
143.63
143.63
143.98
143.98
144.33
144.33
144.68
144.68
145.03
145.03
145.36
145.36
145.72
145.72
146.09
146.09
146.3
146.3
146.65
146.65
147.02
147.13
147.48
147.48
147.82
147.82
148.18
148.16
148.51
148.51
148.87
148.87
149.21
149.14
149.5
149.5
149.83
149.83
150.17
150.21
150.56
150.56
150.88
150.88
151.24
151.24
151.57
151.57
151.87
151.87
152.16
152.16
152.48
152.48
152.8
152.8
153.1
153.1
153.43
153.43
153.74
153.74
153.99
153.99
154.3
154.3
154.64
154.64
154.98
154.98
155.3
155.3
155.62
155.66
156.01
156.01
156.33
156.33
156.67
156.61
156.94
156.94
157.28
157.28
157.58
157.64
157.64
157.99
157.99
158.32
158.32
158.59
158.59
158.94
158.94
159.26
159.28
159.59
159.59
159.93
159.93
160.22
160.24
160.54
160.54
160.87
160.87
161.19
161.21
161.53
161.53
161.86
161.86
162.16
162.16
162.48
162.48
162.77
162.77
163.02
163.02
163.33
163.33
163.65
163.65
163.95
163.95
164.24
164.24
164.52
164.52
164.79
164.79
165.13
165.13
165.43
165.45
165.76
165.76
166.06
166.06
166.33
166.41
166.71
166.71
167.01
167.01
167.3
167.26
167.52
167.52
167.77
167.77
168.03
168.03
168.24
168.24
168.35
168.35
168.39
168.39
168.39
168.39
168.38
168.38
168.39
168.39
168.39
168.39
168.41
168.41
168.4
168.4
168.43
168.43
168.46
168.46
168.57
168.57
168.58
168.58
168.58
168.58
168.55
168.55
168.55
168.55
168.56
168.56
168.6
168.6
168.6
168.6
168.63
168.5
168.5
168.53
168.53
168.59
168.59
168.71
168.71
168.74
168.74
168.76
168.76
168.73
168.73
168.72
168.72
168.73
168.73
168.8
168.8
168.82
168.82
168.83
168.83
168.81
168.81
168.81
168.81
168.81
168.81
168.83
168.83
168.85
168.85
168.87
168.87
168.91
168.91
168.91
168.91
168.93
168.91
168.92
168.92
168.93
168.93
168.93
168.93
168.95
168.95
168.96
168.96
168.98
169.04
169.05
169.05
169.04
169.04
169.03
169.09
169.08
169.08
169.07
169.07
169.0
169.0
168.98
168.98
169.0
169.0
169.02
169.02
169.05
169.05
169.07
169.07
169.0
169.0
169.0
169.0
169.03
169.03
169.11
169.11
169.14
169.14
169.12
169.12
169.08
169.08
169.08
169.08
169.09
169.19
169.2
169.2
169.21
169.21
169.2
169.15
169.14
169.14
169.13
169.13
169.13
169.02
169.02
169.02
169.05
169.05
169.13
169.13
169.16
169.16
169.17
169.17
169.23
169.23
169.23
169.23
169.19
169.19
169.15
169.15
169.15
169.15
169.15
169.15
169.08
169.08
169.09
169.09
169.12
169.12
169.19
169.19
169.2
169.2
169.19
169.19
169.16
169.16
169.15
169.15
169.15
169.17
169.16
169.16
169.17
169.17
169.18
169.12
169.1
169.1
169.11
169.11
169.14
169.2
169.21
169.21
169.21
169.21
169.2
169.15
169.14
169.14
169.13
169.13
169.14
169.12
169.14
169.14
169.12
169.12
169.14
169.25
169.25
169.25
169.23
169.23
169.19
169.19
169.19
169.16
169.16
169.15
169.19
169.19
169.19
169.18
169.18
169.18
169.01
168.98
168.98
169.0
169.0
169.06
169.06
169.09
169.09
169.11
169.11
169.12
169.21
169.23
169.23
169.21
169.21
169.19
169.17
169.14
169.14
169.11
169.11
169.11
169.19
169.2
169.2
169.21
169.21
169.19
169.09
169.07
169.07
169.04
169.04
169.09
169.09
169.11
169.11
169.12
169.12
169.1
169.1
169.12
169.12
169.11
169.11
169.16
169.16
169.16
169.16
169.15
169.15
169.13
169.13
169.11
169.11
169.08
169.08
169.08
169.08
169.07
169.07
169.07
169.13
169.13
169.13
169.15
169.15
169.14
169.08
169.05
169.05
169.04
169.04
169.04
169.0
169.0
169.0
169.01
169.01
169.04
169.1
169.12
169.12
169.11
169.11
169.08
169.08
169.06
169.06
169.05
169.05
169.11
169.11
169.1
169.1
169.07
169.07
169.04
169.04
169.04
169.04
169.03
169.03
169.03
169.03
169.04
169.04
169.04
169.04
169.05
169.05
169.04
169.04
169.02
168.91
168.89
168.89
168.94
168.94
168.98
168.93
168.97
168.97
168.99
168.99
169.01
169.14
169.13
169.13
169.11
169.11
169.08
168.99
168.95
168.95
168.96
168.96
168.97
168.95
168.96
168.96
168.97
168.97
168.97
169.08
169.08
169.08
169.08
169.06
168.93
168.91
168.91
168.9
168.9
168.93
168.97
168.99
168.99
169.0
169.0
169.0
168.98
168.96
168.96
168.95
168.95
168.95
168.99
168.97
168.97
168.98
168.98
168.97
169.0
168.98
168.98
168.98
168.98
169.01
169.01
169.02
169.02
169.01
169.01
168.95
168.95
168.94
168.94
168.92
168.92
168.78
168.78
168.79
168.79
168.83
168.86
168.89
168.89
168.9
168.9
168.91
168.94
168.93
168.93
168.95
168.95
168.93
168.91
168.9
168.9
168.89
168.89
168.9
168.98
168.97
168.97
168.95
168.95
168.92
168.83
168.81
168.81
168.81
168.81
168.79
168.8
168.8
168.82
168.82
168.84
168.82
168.82
168.82
168.83
168.83
168.84
168.88
168.9
168.9
168.87
168.87
168.87
168.94
168.91
168.91
168.9
168.9
168.88
168.88
168.84
168.84
168.84
168.84
168.93
168.93
168.91
168.91
168.87
168.87
168.78
168.78
168.76
168.76
168.75
168.75
168.76
168.76
168.76
168.76
168.77
168.77
168.68
168.68
168.69
168.69
168.71
168.75
168.78
168.78
168.79
168.79
168.78
168.71
168.7
168.7
168.7
168.7
168.72
168.74
168.76
168.76
168.76
168.76
168.74
168.84
168.82
168.82
168.84
168.84
168.59
168.59
168.56
168.56
168.59
168.59
168.74
168.74
168.78
168.78
168.76
168.76
168.76
168.76
168.73
168.73
168.69
168.69
168.55
168.55
168.56
168.56
168.59
168.59
168.75
168.75
168.75
168.75
168.73
168.73
168.75
168.75
168.73
168.73
168.69
168.67
168.67
168.65
168.65
168.65
168.65
168.65
168.65
168.64
168.64
168.62
168.62
168.67
168.67
168.69
168.69
168.68
168.68
168.67
168.67
168.65
168.65
168.64
168.64
168.57
168.57
168.58
168.58
168.58
168.6
168.61
168.61
168.62
168.62
168.62
168.6
168.59
168.59
168.59
168.59
168.58
168.58
168.58
168.58
168.58
168.58
168.58
168.55
168.54
168.54
168.53
168.53
168.57
168.57
168.58
168.58
168.59
168.59
168.61
168.61
168.61
168.61
168.59
168.59
168.5
168.5
168.5
168.5
168.52
168.52
168.62
168.62
168.64
168.64
168.62
168.62
168.59
168.59
168.58
168.58
168.56
168.56
168.54
168.54
168.53
168.53
168.54
168.56
168.56
168.56
168.55
168.55
168.54
168.5
168.48
168.48
168.5
168.5
168.51
168.53
168.52
168.52
168.53
168.53
168.52
168.51
168.5
168.5
168.5
168.5
168.49
168.49
168.47
168.47
168.45
168.45
168.46
168.46
168.48
168.48
168.49
168.49
168.45
168.45
168.46
168.46
168.47
168.47
168.55
168.55
168.53
168.53
168.53
168.53
168.51
168.51
168.49
168.49
168.48
168.48
168.44
168.44
168.42
168.42
168.41
168.39
168.39
168.41
168.41
168.44
168.44
168.58
168.58
168.58
168.58
168.55
168.55
168.43
168.43
168.4
168.4
168.39
168.39
168.41
168.41
168.42
168.42
168.42
168.42
168.45
168.45
168.45
168.45
168.43
168.43
168.36
168.36
168.35
168.35
168.35
168.35
168.49
168.49
168.47
168.47
168.44
168.44
168.27
168.27
168.27
168.27
168.3
168.43
168.47
168.47
168.47
168.47
168.45
168.43
168.39
168.39
168.38
168.38
168.36
168.25
168.25
168.25
168.25
168.25
168.28
168.31
168.35
168.35
168.35
168.35
168.35
168.35
168.35
168.35
168.34
168.34
168.41
168.41
168.39
168.39
168.38
168.38
168.34
168.34
168.32
168.32
168.32
168.32
168.3
168.3
168.28
168.28
168.3
168.3
168.33
168.33
168.35
168.35
168.33
168.33
168.18
168.18
168.18
168.18
168.2
168.2
168.4
168.4
168.42
168.42
168.39
168.39
168.23
168.23
168.2
168.2
168.21
168.21
168.23
168.23
168.24
168.24
168.25
168.28
168.29
168.29
168.29
168.29
168.28
168.32
168.33
168.33
168.3
168.3
168.27
168.27
168.24
168.24
168.26
168.26
168.26
168.19
168.2
168.2
168.21
168.21
168.2
168.2
168.21
168.21
168.22
168.22
168.32
168.32
168.31
168.31
168.3
168.3
168.22
168.22
168.21
168.21
168.21
168.21
168.21
168.21
168.22
168.22
168.23
168.27
168.27
168.27
168.25
168.25
168.25
168.25
168.23
168.23
168.22
168.22
168.22
168.22
168.21
168.21
168.21
168.21
168.2
168.26
168.26
168.26
168.23
168.23
168.23
168.25
168.24
168.24
168.24
168.24
168.21
168.21
168.2
168.2
168.18
168.18
168.13
168.13
168.13
168.13
168.14
168.14
168.21
168.21
168.21
168.21
168.2
168.2
168.11
168.1
168.1
168.09
168.09
168.1
168.14
168.17
168.17
168.18
168.18
168.17
168.17
168.18
168.18
168.18
168.18
168.16
168.16
168.15
168.15
168.15
168.15
168.08
168.08
168.08
168.08
168.09
168.09
168.15
168.15
168.15
168.15
168.14
168.14
168.17
168.17
168.14
168.14
168.17
168.17
168.08
168.08
168.07
168.07
168.07
168.07
168.04
168.04
168.05
168.05
168.07
168.26
168.28
168.28
168.27
168.27
168.21
168.03
167.99
167.99
167.98
167.98
167.99
168.06
168.12
168.12
168.15
168.15
168.14
168.14
168.11
168.11
168.11
168.11
168.11
168.11
168.1
168.1
168.06
168.06
168.0
168.0
168.0
168.0
168.02
168.02
168.15
168.15
168.15
168.15
168.15
168.15
168.12
168.12
168.07
168.07
168.09
168.09
168.02
168.02
168.01
168.01
168.02
168.06
168.08
168.08
168.05
168.05
168.09
168.02
168.01
168.01
168.01
168.01
168.02
168.06
168.07
168.07
168.07
168.07
168.07
167.99
167.98
167.98
167.98
167.98
167.97
167.97
167.97
167.97
168.02
168.02
168.24
168.24
168.23
168.23
168.17
168.17
167.99
167.99
167.95
167.95
167.95
167.95
167.94
167.94
167.96
167.96
167.99
167.99
168.08
168.08
168.06
168.06
168.03
168.03
168.04
168.04
168.04
168.04
168.03
168.05
168.03
168.03
168.03
168.03
168.02
167.99
167.97
167.97
167.96
167.96
167.97
167.9
167.91
167.91
167.93
167.93
167.95
168.06
168.06
168.06
168.05
168.05
167.99
167.99
167.95
167.95
167.97
167.97
167.92
167.92
167.92
167.92
167.93
167.93
167.91
167.91
167.94
167.94
167.94
167.94
167.94
167.94
167.95
167.95
167.96
167.96
168.03
168.03
168.0
168.0
168.0
168.0
167.92
167.92
167.9
167.9
167.93
167.93
168.0
168.0
168.0
168.0
167.99
167.99
167.99
167.95
167.95
167.96
167.96
167.86
167.86
167.86
167.86
167.88
167.88
167.89
167.89
167.9
167.9
167.92
167.92
167.99
167.99
168.0
168.0
167.99
167.99
167.98
167.98
167.95
167.95
167.93
167.93
167.81
167.81
167.77
167.77
167.83
167.83
167.99
167.99
168.01
168.01
168.0
167.89
167.87
167.87
167.82
167.82
167.86
167.88
167.91
167.91
167.92
167.92
167.91
167.93
167.92
167.92
167.93
167.93
167.92
168.0
168.0
168.0
167.98
167.98
167.96
167.96
167.92
167.92
167.93
167.93
167.93
167.89
167.87
167.87
167.87
167.87
167.83
167.83
167.84
167.84
167.86
167.86
167.83
167.83
167.84
167.84
167.83
167.83
167.84
167.84
167.87
167.87
167.89
167.89
168.03
168.03
168.03
168.03
168.0
168.0
167.87
167.87
167.84
167.84
167.83
167.92
167.93
167.93
167.93
167.93
167.88
167.75
167.76
167.76
167.79
167.79
167.8
167.89
167.9
167.9
167.9
167.9
167.9
167.81
167.8
167.8
167.81
167.81
167.8
167.84
167.84
167.85
167.85
167.87
167.85
167.85
167.85
167.84
167.84
167.83
167.83
167.83
167.83
167.83
167.83
167.82
167.82
167.83
167.83
167.84
167.84
167.84
167.89
167.88
167.88
167.87
167.87
167.86
167.84
167.82
167.82
167.81
167.81
167.88
167.88
167.89
167.89
167.88
167.88
167.85
167.85
167.83
167.83
167.83
167.83
167.85
167.85
167.84
167.84
167.82
167.82
167.83
167.83
167.82
167.82
167.82
167.82
167.81
167.81
167.81
167.81
167.81
167.66
167.65
167.65
167.68
167.68
167.72
167.82
167.87
167.87
167.86
167.86
167.85
167.85
167.82
167.82
167.82
167.82
167.8
167.74
167.71
167.71
167.72
167.72
167.74
167.81
167.83
167.83
167.83
167.83
167.81
167.81
167.79
167.79
167.79
167.79
167.71
167.71
167.71
167.71
167.72
167.72
167.64
167.64
167.64
167.64
167.67
167.67
167.81
167.81
167.83
167.83
167.83
167.83
167.81
167.81
167.78
167.78
167.77
167.64
167.62
167.62
167.64
167.64
167.66
167.74
167.76
167.76
167.77
167.77
167.77
167.79
167.78
167.78
167.76
167.76
167.76
167.74
167.72
167.72
167.71
167.71
167.71
167.71
167.71
167.71
167.73
167.73
167.72
167.72
167.72
167.72
167.7
167.7
167.71
167.71
167.71
167.71
167.71
167.76
167.76
167.76
167.75
167.75
167.74
167.81
167.81
167.8
167.8
167.78
167.78
167.77
167.77
167.74
167.74
167.74
167.74
167.74
167.74
167.74
167.74
167.72
167.72
167.65
167.65
167.64
167.64
167.64
167.64
167.73
167.73
167.75
167.75
167.74
167.74
167.75
167.75
167.75
167.75
167.74
167.7
167.68
167.68
167.69
167.69
167.68
167.62
167.62
167.62
167.63
167.63
167.65
167.7
167.72
167.72
167.71
167.71
167.71
167.69
167.68
167.68
167.68
167.68
167.68
167.73
167.71
167.71
167.72
167.72
167.71
167.73
167.72
167.72
167.71
167.71
167.7
167.76
167.76
167.76
167.74
167.74
167.62
167.62
167.63
167.63
167.62
167.62
167.6
167.6
167.61
167.61
167.62
167.62
167.71
167.71
167.71
167.71
167.71
167.71
167.68
167.68
167.66
167.66
167.65
167.65
167.65
167.65
167.65
167.65
167.65
167.65
167.65
167.65
167.65
167.65
167.65
167.52
167.52
167.51
167.51
167.55
167.55
167.78
167.78
167.81
167.81
167.79
167.79
167.69
167.69
167.65
167.65
167.64
167.62
167.62
167.62
167.61
167.61
167.63
167.63
167.63
167.63
167.64
167.64
167.63
167.54
167.55
167.55
167.56
167.56
167.58
167.56
167.57
167.57
167.56
167.56
167.58
167.69
167.69
167.69
167.7
167.7
167.69
167.58
167.57
167.57
167.55
167.55
167.65
167.65
167.65
167.65
167.64
167.64
167.64
167.64
167.63
167.63
167.62
167.68
167.67
167.67
167.66
167.66
167.65
167.78
167.77
167.77
167.75
167.75
167.71
167.48
167.44
167.44
167.45
167.45
167.49
167.43
167.46
167.46
167.49
167.49
167.53
167.64
167.65
167.65
167.66
167.66
167.65
167.65
167.62
167.62
167.61
167.61
167.6
167.64
167.62
167.62
167.6
167.6
167.6
167.6
167.59
167.59
167.61
167.61
167.57
167.57
167.55
167.55
167.54
167.54
167.58
167.58
167.59
167.59
167.58
167.58
167.55
167.55
167.55
167.55
167.57
167.57
167.56
167.56
167.57
167.57
167.57
167.61
167.61
167.61
167.59
167.59
167.58
167.58
167.58
167.58
167.58
167.58
167.56
167.58
167.56
167.56
167.58
167.58
167.55
167.55
167.54
167.54
167.54
167.54
167.65
167.65
167.65
167.65
167.62
167.62
167.6
167.6
167.6
167.6
167.59
167.59
167.54
167.54
167.54
167.54
167.54
167.54
167.43
167.43
167.45
167.45
167.47
167.54
167.57
167.57
167.57
167.57
167.55
167.49
167.49
167.49
167.51
167.51
167.53
167.53
167.53
167.53
167.54
167.54
167.54
167.58
167.6
167.6
167.58
167.58
167.59
167.51
167.5
167.5
167.51
167.51
167.54
167.54
167.54
167.55
167.55
167.56
167.56
167.56
167.56
167.56
167.56
167.55
167.55
167.57
167.57
167.57
167.57
167.57
167.54
167.55
167.55
167.54
167.54
167.55
167.61
167.62
167.62
167.62
167.62
167.6
167.6
167.59
167.59
167.55
167.55
167.58
167.58
167.58
167.58
167.57
167.57
167.66
167.66
167.68
167.68
167.65
167.65
167.53
167.53
167.52
167.52
167.53
167.53
167.61
167.61
167.64
167.64
167.63
167.63
167.65
167.65
167.64
167.64
167.6
167.49
167.52
167.52
167.53
167.53
167.54
167.69
167.72
167.72
167.71
167.71
167.69
167.58
167.55
167.55
167.56
167.56
167.55
167.58
167.59
167.59
167.61
167.61
167.57
167.57
167.58
167.58
167.59
167.59
167.63
167.63
167.64
167.64
167.62
167.62
167.51
167.51
167.5
167.5
167.51
167.51
167.54
167.54
167.57
167.57
167.58
167.58
167.6
167.6
167.6
167.6
167.6
167.6
167.6
167.6
167.58
167.58
167.59
167.69
167.7
167.7
167.69
167.69
167.66
167.61
167.6
167.6
167.59
167.59
167.61
167.57
167.57
167.57
167.57
167.57
167.6
167.62
167.64
167.64
167.62
167.62
167.62
167.57
167.58
167.58
167.58
167.58
167.59
167.59
167.59
167.6
167.6
167.61
167.68
167.67
167.67
167.67
167.67
167.66
167.51
167.49
167.49
167.49
167.49
167.52
167.74
167.77
167.77
167.77
167.77
167.75
167.71
167.67
167.67
167.63
167.63
167.62
167.56
167.57
167.57
167.58
167.58
167.6
167.6
167.6
167.6
167.62
167.62
167.62
167.62
167.63
167.63
167.62
167.62
167.64
167.64
167.64
167.64
167.65
167.65
167.64
167.64
167.65
167.65
167.65
167.6
167.6
167.6
167.61
167.61
167.61
167.61
167.63
167.63
167.62
167.62
167.65
167.71
167.7
167.7
167.69
167.69
167.68
167.68
167.65
167.65
167.62
167.62
167.65
167.57
167.58
167.58
167.59
167.59
167.74
167.74
167.74
167.74
167.72
167.72
167.61
167.61
167.6
167.6
167.6
167.6
167.73
167.73
167.74
167.74
167.72
167.72
167.53
167.53
167.53
167.53
167.56
167.56
167.65
167.65
167.67
167.67
167.67
167.69
167.69
167.69
167.67
167.67
167.68
167.65
167.64
167.64
167.63
167.63
167.61
167.59
167.61
167.61
167.61
167.61
167.63
167.63
167.66
167.66
167.67
167.67
167.7
167.7
167.68
167.68
167.68
167.68
167.65
167.65
167.65
167.65
167.64
167.64
167.69
167.69
167.69
167.69
167.71
167.71
167.62
167.62
167.62
167.62
167.61
167.61
167.67
167.67
167.68
167.68
167.68
167.7
167.7
167.7
167.68
167.68
167.69
167.69
167.67
167.67
167.67
167.67
167.65
167.61
167.61
167.61
167.6
167.6
167.61
167.61
167.61
167.61
167.64
167.64
167.64
167.71
167.71
167.71
167.7
167.7
167.67
167.67
167.66
167.66
167.65
167.65
167.61
167.61
167.62
167.62
167.64
167.64
167.52
167.52
167.52
167.52
167.54
167.54
167.68
167.68
167.69
167.69
167.66
167.66
167.63
167.63
167.61
167.61
167.62
167.62
167.55
167.55
167.53
167.53
167.55
167.55
167.56
167.56
167.57
167.57
167.59
167.59
167.63
167.63
167.62
167.62
167.62
167.62
167.59
167.59
167.6
167.6
167.61
167.67
167.66
167.66
167.65
167.65
167.63
167.63
167.63
167.63
167.6
167.6
167.6
167.58
167.57
167.57
167.58
167.58
167.6
167.55
167.54
167.54
167.55
167.55
167.58
167.58
167.6
167.6
167.58
167.58
167.68
167.68
167.66
167.66
167.64
167.64
167.62
167.62
167.61
167.61
167.59
167.59
167.59
167.59
167.59
167.59
167.59
167.59
167.58
167.58
167.58
167.58
167.58
167.6
167.61
167.61
167.6
167.6
167.59
167.48
167.47
167.47
167.49
167.49
167.56
167.56
167.57
167.57
167.57
167.57
167.63
167.63
167.63
167.63
167.62
167.62
167.51
167.51
167.5
167.5
167.5
167.5
167.46
167.46
167.48
167.48
167.5
167.56
167.58
167.58
167.57
167.57
167.56
167.54
167.54
167.54
167.49
167.49
167.53
167.46
167.48
167.48
167.49
167.49
167.49
167.6
167.61
167.61
167.6
167.6
167.55
167.53
167.52
167.52
167.53
167.53
167.49
167.49
167.49
167.49
167.51
167.51
167.51
167.51
167.52
167.52
167.52
167.52
167.44
167.44
167.45
167.45
167.47
167.47
167.57
167.57
167.57
167.57
167.55
167.55
167.54
167.54
167.53
167.53
167.52
167.44
167.43
167.43
167.45
167.45
167.46
167.5
167.49
167.49
167.49
167.49
167.49
167.49
167.51
167.51
167.53
167.53
167.52
167.52
167.52
167.52
167.5
167.5
167.5
167.48
167.47
167.47
167.48
167.48
167.48
167.48
167.48
167.48
167.49
167.49
167.59
167.59
167.59
167.59
167.58
167.58
167.54
167.54
167.52
167.52
167.54
167.54
167.55
167.55
167.54
167.54
167.52
167.52
167.5
167.47
167.47
167.48
167.48
167.5
167.5
167.5
167.5
167.5
167.5
167.36
167.36
167.35
167.35
167.37
167.37
167.55
167.55
167.6
167.6
167.59
167.59
167.56
167.56
167.54
167.54
167.51
167.51
167.39
167.39
167.39
167.39
167.39
167.36
167.36
167.36
167.41
167.41
167.45
167.51
167.53
167.53
167.52
167.52
167.51
167.51
167.48
167.48
167.48
167.48
167.48
167.38
167.33
167.33
167.36
167.36
167.48
167.48
167.51
167.51
167.51
167.51
167.51
167.51
167.48
167.48
167.48
167.48
167.5
167.5
167.48
167.48
167.46
167.46
167.4
167.4
167.4
167.4
167.41
167.41
167.45
167.45
167.46
167.46
167.44
167.37
167.36
167.36
167.38
167.38
167.39
167.39
167.4
167.4
167.41
167.41
167.45
167.68
167.69
167.69
167.66
167.66
167.62
167.49
167.43
167.43
167.42
167.42
167.42
167.42
167.43
167.43
167.44
167.44
167.44
167.36
167.36
167.36
167.37
167.37
167.45
167.45
167.47
167.47
167.47
167.47
167.4
167.4
167.37
167.37
167.38
167.38
167.38
167.38
167.4
167.4
167.43
167.43
167.49
167.49
167.48
167.48
167.48
167.48
167.43
167.43
167.42
167.42
167.42
167.42
167.55
167.55
167.55
167.55
167.51
167.51
167.5
167.5
167.47
167.47
167.45
167.34
167.34
167.34
167.36
167.36
167.37
167.37
167.39
167.39
167.4
167.4
167.42
167.4
167.39
167.39
167.42
167.42
167.42
167.42
167.42
167.42
167.42
167.42
167.51
167.51
167.48
167.48
167.47
167.47
167.58
167.58
167.56
167.56
167.54
167.54
167.49
167.49
167.47
167.47
167.45
167.45
167.3
167.3
167.3
167.3
167.34
167.34
167.44
167.44
167.45
167.45
167.44
167.44
167.47
167.47
167.47
167.47
167.45
167.41
