31.41
31.2525
31.2825
31.314999999999998
31.472499999999997
31.807499999999997
32.207499999999996
32.64874999999999
33.135
33.4725
33.73375
33.8275
33.8725
33.92124999999999
33.978750000000005
34.0
34.10875
34.120000000000005
34.12625
34.13
34.1375
34.11625
34.122499999999995
34.11749999999999
34.1075
34.10124999999999
34.11875
34.147499999999994
34.1875
34.205
34.22125
34.232499999999995
34.11625000000001
34.127500000000005
34.14125
34.1675
34.17375
34.17
34.23625
34.2975
34.325
34.33375
34.35
34.45625
34.47125
34.475
34.47875
34.464999999999996
34.43875
34.427499999999995
34.431250000000006
34.44625
34.48125
34.5125
34.52125
34.52375000000001
34.53375
34.53999999999999
34.541250000000005
34.44
34.43625
34.43
34.415
34.410000000000004
34.47375
34.513749999999995
34.53
34.541250000000005
34.55
34.551249999999996
34.66375
34.675
34.68
34.6825
34.683749999999996
34.68
34.60625
34.602500000000006
34.605000000000004
34.6075
34.612500000000004
34.6
34.589999999999996
34.5775
34.565000000000005
34.56250000000001
34.61750000000001
34.655
34.6725
34.68125
34.686249999999994
34.686249999999994
34.72
34.7275
34.730000000000004
34.72875
34.725
34.69125
34.675
34.683749999999996
34.707499999999996
34.71875
34.7375
34.7425
34.75
34.748749999999994
34.748749999999994
34.75625
34.76125
34.75625
34.76
34.75875
34.74375
34.73375
34.732499999999995
34.76625
34.78125
34.78875
34.7875
34.78875
34.7875
34.791250000000005
34.79625
34.791250000000005
34.695
34.697500000000005
34.7
34.69875
34.68375
34.665
34.685
34.72125
34.73625
34.745000000000005
34.75
34.732499999999995
34.7375
34.74125
34.74625
34.75125
34.800000000000004
34.768750000000004
34.77125
34.81
34.82
34.84125
34.84375
34.84250000000001
34.83875
34.839999999999996
34.83125
34.78375
34.76125
34.765
34.795
34.805
34.806250000000006
34.81125
34.815
34.815
34.81375
34.8125
34.7925
34.79
34.77
34.75625
34.78
34.806250000000006
34.813750000000006
34.8125
34.8175
34.82
34.81875
34.878750000000004
34.877500000000005
34.88125
34.88125
34.87625
34.89875
34.901250000000005
34.89625
34.89125
34.89125
34.8825
34.91125
34.893750000000004
34.885000000000005
34.89625
34.92625
34.801249999999996
34.802499999999995
34.80375
34.80500000000001
34.80624999999999
34.845
34.8525
34.86
34.86
34.845
34.81625
34.8925
34.92375
34.931250000000006
34.9375
34.93625
34.93
34.925
34.926249999999996
34.92125
34.919999999999995
34.915
34.91375
34.91625
34.918749999999996
34.92
34.905
34.7675
34.76
34.78
34.8
34.808749999999996
34.81375
34.875
34.8775
34.878750000000004
34.88
34.878750000000004
34.7825
34.785
34.79875
34.800000000000004
34.79
34.946250000000006
34.940000000000005
34.925
34.90875
34.9
34.89625
34.835
34.863749999999996
34.875
34.87625
34.87625
34.83125
34.81375
34.81375
34.839999999999996
34.85124999999999
34.89
34.89625
34.9
34.894999999999996
34.8925
34.8925
35.03875
35.04625
35.04125
35.036249999999995
35.03375
35.03125
35.019999999999996
35.011250000000004
35.0075
34.99375
34.959999999999994
34.838750000000005
34.86625000000001
34.88250000000001
34.885000000000005
34.886250000000004
34.911249999999995
34.91
34.90875
34.911249999999995
34.90625
34.902499999999996
34.806250000000006
34.792500000000004
34.807500000000005
34.8425
34.856249999999996
34.8875
34.864999999999995
34.85125
34.863749999999996
34.879999999999995
34.872499999999995
34.9025
34.92625
34.95
34.95125
34.945
34.94875
34.948750000000004
34.94375000000001
34.94499999999999
34.94125
34.938750000000006
34.92125
34.9225
34.92125
34.91875
34.91875
34.86625
34.863749999999996
34.8625
34.865
34.8675
34.86875
34.911249999999995
34.9175
34.915
34.916250000000005
34.9125
34.822500000000005
34.8125
34.805
34.79875
34.825
34.96375
34.9775
34.982499999999995
34.981249999999996
34.975
34.957499999999996
34.959999999999994
34.955
34.94875
34.9475
34.945
34.9075
34.910000000000004
34.90875
34.90875
34.91
34.9125
34.94
34.94
34.93
34.93125
34.9375
34.933749999999996
34.9375
34.92875
34.91375
34.89875
34.885000000000005
34.90375
34.91125
34.93875
34.95875
34.955
34.96
34.96375
34.96125
34.96125
34.95875
34.95625
34.9375
34.93875
34.933749999999996
34.92625
34.90625
34.902499999999996
34.90375
34.93
34.95625
34.96
34.90875
34.910000000000004
34.90625
34.90625
34.91125
34.915000000000006
34.88125
34.8775
34.865
34.846250000000005
34.84125
34.96625
34.9775
34.965
34.965
34.975
34.964999999999996
34.9475
34.9675
34.9825
34.982499999999995
34.98125
34.94125
34.943749999999994
34.945
34.947500000000005
34.94625
34.9425
35.033750000000005
35.035000000000004
35.035
35.03375
35.03125
34.975
34.9725
34.967499999999994
34.96625
34.96125
34.95875
34.9
34.902499999999996
34.90625
34.9075
34.911249999999995
34.93125
34.9375
34.93875
34.9425
34.945
34.887499999999996
34.89
34.89
34.8875
34.87375
34.85125
34.89625
34.93
34.95125
34.955
34.951249999999995
34.94875
34.9325
34.94
34.94
34.93625
34.93875
34.918749999999996
34.92125
34.9225
34.92125
34.9125
35.01375
35.00875
35.0075
35.02
35.02875
35.0225
34.964999999999996
34.9375
34.935
34.94875
34.95875
34.9675
34.974999999999994
34.98625
34.99375
34.9925
34.98875
34.97375
34.971250000000005
34.955
34.95
34.96125
34.894999999999996
34.89875
34.88875
34.8675
34.85874999999999
34.881249999999994
35.06
35.06625
35.066250000000004
35.065
35.0625
35.1
35.092499999999994
35.08625
35.07875
35.065
35.05625
35.050000000000004
35.0275
35.005
35.018750000000004
35.042500000000004
34.91375
34.90875
34.91375
34.915
34.91375
34.940000000000005
34.93125
34.92125
34.9225
34.93125
34.92125
34.92125
34.92125
34.92125
34.9275
34.9275
34.901250000000005
34.92125
34.915
34.911249999999995
34.94
34.96125
34.9825
34.985
34.985
34.985
34.98375
35.01875
35.019999999999996
35.021249999999995
35.0225
35.01875
35.015
35.01375
35.0025
34.9775
34.9525
34.947500000000005
35.02875
35.05375
35.048750000000005
35.015
35.0075
35.045
34.91250000000001
34.91375000000001
34.910000000000004
34.910000000000004
34.91375
35.01
35.0125
35.01375
35.012499999999996
35.00875
35.004999999999995
35.00375
35.00875
35.01
35.00625
35.002500000000005
34.997499999999995
34.98625
