30.3
30.23
30.25
32.22
34.48
35.72
37.86
39.85
40.88
42.63
44.27
45.87
46.7
48.29
49.9
50.7
52.27
53.75
55.24
55.99
57.54
58.94
60.48
61.23
62.71
64.08
64.75
66.22
67.61
69.07
69.68
71.07
72.45
73.16
74.6
75.77
77.12
77.8
79.14
80.44
81.24
82.55
83.73
84.98
85.72
86.96
88.22
88.81
89.97
91.3
91.89
93.14
94.33
95.54
96.1
97.34
98.55
99.63
100.21
101.46
102.59
103.24
104.4
105.55
106.48
107.0
108.29
109.43
110.55
110.98
112.07
113.19
113.71
114.7
115.85
116.91
117.47
118.52
119.46
119.97
120.49
120.04
119.51
119.56
119.8
119.99
120.07
120.12
120.15
120.14
120.06
120.15
120.28
120.37
120.37
120.41
120.4
120.35
120.43
120.5
120.47
120.46
120.54
120.57
120.57
120.43
120.38
120.57
120.75
120.78
120.64
120.57
120.53
120.57
120.61
120.72
120.81
120.67
120.64
120.72
120.77
120.76
120.71
120.67
120.55
120.63
120.89
120.97
120.92
120.74
120.68
120.68
120.76
120.9
120.88
120.86
120.95
120.93
120.89
120.95
120.96
120.92
120.92
120.9
120.9
120.96
121.05
121.1
121.08
121.02
121.0
120.96
121.02
121.18
121.12
121.11
120.98
121.07
121.26
121.31
121.14
121.15
121.2
121.22
121.24
121.21
121.32
121.35
121.36
121.32
121.2
121.27
121.33
121.58
121.54
121.23
121.23
121.37
121.41
121.45
121.66
121.63
121.53
121.4
121.45
121.58
121.62
121.53
121.64
121.65
121.62
121.62
121.52
121.52
121.61
121.83
121.86
121.71
121.58
121.66
121.74
121.82
121.82
121.75
121.79
121.74
121.76
121.75
121.83
122.02
122.02
121.91
121.78
121.8
121.96
121.99
121.89
121.89
121.92
121.91
121.97
122.09
122.01
122.01
122.04
122.06
122.09
121.97
121.98
122.18
122.16
122.12
122.14
122.15
122.15
122.16
122.16
122.18
122.25
122.22
122.2
122.21
122.23
122.14
122.18
122.26
122.4
122.41
122.35
122.28
122.29
122.41
122.42
122.37
122.29
122.31
122.39
122.38
122.35
122.37
122.46
122.49
122.51
122.47
122.48
122.52
122.51
122.45
122.33
122.4
122.48
122.54
122.61
122.65
122.55
122.51
122.49
122.52
122.55
122.58
122.6
122.55
122.52
122.56
122.61
122.63
122.75
122.66
122.58
122.6
122.64
122.69
122.62
122.63
122.68
122.72
122.88
122.83
122.65
122.73
122.78
122.73
122.7
122.77
122.82
122.82
122.79
122.71
122.78
122.84
122.79
122.81
122.83
122.76
122.77
122.96
123.03
122.95
122.81
122.76
122.79
122.92
123.01
123.0
122.96
122.9
122.91
122.93
122.8
122.82
123.03
123.05
123.09
123.0
122.94
122.82
122.87
123.11
123.11
123.09
123.06
123.0
122.98
122.93
122.99
123.15
123.15
123.1
122.98
122.97
123.03
123.09
123.07
123.05
123.07
123.13
123.13
123.12
123.11
123.15
123.11
123.11
123.1
123.13
123.22
123.11
123.06
123.23
123.26
123.2
123.15
123.12
123.07
123.12
123.24
123.26
123.22
123.3
123.26
123.18
123.13
123.11
123.11
123.18
123.41
123.38
123.16
123.07
123.12
123.06
123.14
123.29
123.33
123.39
123.2
123.15
123.28
123.31
123.28
123.24
123.2
123.23
123.27
123.32
123.33
123.19
123.25
123.29
123.34
123.33
123.32
123.29
123.29
123.21
123.23
123.28
123.45
123.47
123.21
123.19
123.22
123.32
123.39
123.29
123.28
123.33
123.34
123.34
123.45
123.39
123.33
123.29
123.29
123.34
123.37
123.35
123.31
123.42
123.36
123.33
123.3
123.34
123.37
123.37
123.38
123.38
123.38
123.37
123.35
123.45
123.34
123.34
123.35
123.38
123.4
123.29
123.3
123.73
123.69
123.45
123.23
123.23
123.24
123.29
123.47
123.49
123.56
123.6
123.48
123.38
123.36
123.26
123.36
123.45
123.44
123.43
123.34
123.46
123.48
123.45
123.44
123.39
123.4
123.42
123.43
123.45
123.41
123.38
123.54
123.45
123.45
123.45
123.44
123.53
123.6
123.57
123.32
123.32
123.41
123.52
123.52
123.51
123.5
123.44
123.42
123.45
123.39
123.41
123.42
123.48
123.56
123.56
123.63
123.47
123.42
123.51
123.54
123.47
123.4
123.4
123.5
123.54
123.53
123.53
123.49
123.49
123.49
123.48
123.45
123.46
123.56
123.58
123.44
123.41
123.43
123.51
123.55
123.54
123.53
123.49
123.47
123.5
123.5
123.51
123.62
123.57
123.57
123.42
123.41
123.49
123.55
123.54
123.57
123.55
123.53
123.52
123.5
123.48
123.52
123.54
123.53
123.5
123.61
123.6
123.57
123.5
123.49
123.58
123.6
123.45
123.45
123.55
123.61
123.43
123.53
123.56
123.58
123.57
123.58
123.5
123.5
123.53
123.56
123.63
123.62
123.59
123.55
123.53
123.57
123.58
123.39
123.53
123.65
123.57
123.54
123.54
123.55
123.63
123.59
123.58
123.37
123.41
123.55
123.74
123.73
123.59
123.54
123.51
123.53
123.49
123.62
123.64
123.55
123.53
123.41
123.55
123.59
123.64
123.59
123.6
123.62
123.58
123.58
123.57
123.57
123.55
123.49
123.6
123.64
123.6
123.58
123.43
123.48
123.58
123.62
123.6
123.61
123.6
123.53
123.56
123.58
123.66
123.66
123.48
123.59
123.6
123.62
123.6
123.5
123.47
123.57
123.61
123.6
123.6
123.58
123.56
123.43
123.45
123.57
123.64
123.64
123.59
123.56
123.52
123.53
123.57
123.56
123.65
123.54
123.5
123.52
123.56
123.63
123.63
123.55
123.48
123.5
123.55
123.59
123.62
123.54
123.51
123.62
123.64
123.61
123.59
123.57
123.52
123.52
123.5
123.55
123.58
123.59
123.56
123.54
123.53
123.54
123.54
123.56
123.56
123.57
123.55
123.54
123.56
123.56
123.56
123.63
123.64
123.52
123.55
123.56
123.63
123.63
123.53
123.48
123.55
123.5
123.52
123.57
123.62
123.64
123.61
123.48
123.51
123.59
123.51
123.51
123.61
123.63
123.58
123.45
123.47
123.41
123.51
123.58
123.61
123.58
123.51
123.48
123.49
123.64
123.64
123.61
123.56
123.58
123.55
123.48
123.53
123.54
123.48
123.46
123.52
123.5
123.52
123.54
123.56
123.6
123.56
123.54
123.45
123.43
123.49
123.58
123.61
123.56
123.55
123.53
123.46
123.48
123.71
123.53
123.46
123.56
123.59
123.54
123.48
123.48
123.58
123.62
123.58
123.54
123.48
123.46
123.54
123.58
123.57
123.55
123.47
123.49
123.52
123.54
123.65
123.64
123.52
123.47
123.48
123.43
123.53
123.6
123.67
123.59
123.56
123.55
123.38
123.44
123.55
123.51
123.53
123.54
123.57
123.56
123.59
123.52
123.55
123.54
123.6
123.48
123.46
123.43
123.51
123.62
123.65
123.55
123.48
123.46
123.5
123.52
123.56
123.56
123.54
123.46
123.5
123.57
123.6
123.59
123.52
123.52
123.56
123.45
123.43
123.67
123.7
123.59
123.49
123.52
123.37
123.39
123.5
123.58
123.75
123.53
123.38
123.44
123.5
123.51
123.62
123.66
123.56
123.48
123.43
123.41
123.48
123.55
123.54
123.65
123.63
123.55
123.42
123.46
123.44
123.64
123.64
123.53
123.46
123.45
123.46
123.51
123.6
123.58
123.56
123.5
123.45
123.59
123.61
123.48
123.44
123.52
123.47
123.48
123.46
123.52
123.48
123.51
123.51
123.59
123.57
123.5
123.38
123.41
123.53
123.58
123.55
123.53
123.36
123.43
123.5
123.48
123.51
123.53
123.54
123.48
123.54
123.55
123.51
123.45
123.36
123.42
123.49
123.49
123.48
123.55
123.51
123.49
123.48
123.48
123.51
123.5
123.49
123.48
123.48
123.55
123.44
123.47
123.59
123.59
123.38
123.34
123.41
123.53
123.6
123.5
123.48
123.48
123.46
123.46
123.47
123.49
123.45
123.49
123.54
123.52
123.5
123.45
123.47
123.48
123.46
123.46
123.43
123.48
123.51
123.45
123.4
123.46
123.49
123.5
123.48
123.46
123.49
123.49
123.46
123.48
123.48
123.62
123.58
123.33
123.3
123.38
123.49
123.58
123.53
123.51
123.47
123.44
123.47
123.47
123.47
123.44
123.37
123.4
123.59
123.61
123.38
123.32
123.49
123.58
123.58
123.44
123.39
123.4
123.4
123.45
123.57
123.55
123.58
123.42
123.39
123.45
123.47
123.51
123.51
123.55
123.52
123.47
123.38
123.38
123.58
123.45
123.45
123.32
123.35
123.52
123.55
123.48
123.57
123.53
123.38
123.38
123.47
123.4
123.41
123.43
123.43
123.64
123.73
123.66
123.18
123.12
123.27
123.49
123.55
123.5
123.46
123.47
123.45
123.3
123.27
123.37
123.53
123.54
123.5
123.45
123.4
123.33
123.33
123.37
123.46
123.48
123.39
123.34
123.6
123.64
123.33
123.29
123.3
123.54
123.56
123.49
123.45
123.4
123.32
123.31
123.36
123.41
123.4
123.48
123.5
123.46
123.42
123.32
123.3
123.39
123.37
123.4
123.36
123.46
123.45
123.41
123.39
123.37
123.34
123.39
123.37
123.38
123.65
123.59
123.29
123.21
123.28
123.33
123.42
123.55
123.51
123.32
123.25
123.29
123.38
123.42
123.39
123.4
123.4
123.57
123.53
123.12
123.34
123.45
123.38
123.36
123.35
123.45
123.46
123.35
123.29
123.32
123.38
123.49
123.42
123.38
123.39
123.39
123.38
123.31
123.29
123.34
123.4
123.55
123.42
123.34
123.43
123.44
123.32
123.35
123.43
123.39
123.38
123.38
123.38
123.38
123.41
123.41
123.39
123.38
123.42
123.31
123.31
123.34
123.4
123.35
123.46
123.46
123.56
123.5
123.29
123.26
123.35
123.39
123.43
123.4
123.38
123.37
123.4
123.4
123.37
123.37
123.33
123.34
123.47
123.45
123.45
123.31
123.29
123.46
123.48
123.42
123.4
123.35
123.27
123.38
123.41
123.38
123.41
123.58
123.41
123.29
123.3
123.33
123.43
123.49
123.48
123.32
123.28
123.38
123.42
123.39
123.44
123.42
123.42
123.34
123.33
123.46
123.5
123.33
123.32
123.37
123.38
123.38
123.39
123.35
123.29
123.28
123.32
123.37
123.37
123.34
123.31
123.3
123.3
123.31
123.33
123.38
123.38
123.29
123.24
123.4
123.43
123.42
123.4
123.38
123.26
123.26
123.38
123.39
123.37
123.34
123.28
123.35
123.38
123.39
123.36
123.33
123.26
123.28
123.33
123.4
123.44
123.32
123.29
123.2
123.34
123.38
123.46
123.42
123.36
123.33
123.28
123.34
123.38
123.4
123.37
123.39
123.26
123.24
123.51
123.5
123.22
123.28
123.33
123.36
123.35
123.38
123.38
123.36
123.34
123.34
123.3
123.31
123.32
123.33
123.35
123.37
123.39
123.45
123.35
123.27
123.3
123.31
123.34
123.33
123.3
123.42
123.43
123.35
123.38
123.38
123.36
123.35
123.31
123.35
123.24
123.25
123.31
123.47
123.49
123.43
123.34
123.24
123.2
123.29
123.45
123.46
123.46
123.39
123.17
123.27
123.35
123.39
123.39
123.42
123.35
123.32
123.16
123.18
123.52
123.56
123.5
123.21
123.15
123.31
123.34
123.42
123.34
123.32
123.32
123.33
123.33
123.36
123.38
123.36
123.33
123.27
123.31
123.34
123.44
123.42
123.35
123.33
123.31
123.31
123.3
123.38
123.44
123.17
123.35
123.42
123.38
123.35
123.38
123.22
123.22
123.38
123.44
123.38
123.38
123.38
123.34
123.34
123.29
123.34
123.35
123.24
123.24
123.45
123.49
123.43
123.39
123.28
123.23
123.27
123.32
123.4
123.41
123.41
123.38
123.24
123.26
123.42
123.45
123.41
123.27
123.26
123.25
123.33
123.53
123.44
123.34
123.26
123.26
123.39
123.39
123.38
123.32
123.31
123.41
123.3
123.28
123.29
123.34
123.41
123.4
123.31
123.29
123.32
123.41
123.42
123.33
123.29
123.34
123.33
123.34
123.47
123.46
123.28
123.37
123.37
123.33
123.33
123.3
123.34
123.37
123.39
123.41
123.4
123.35
123.32
123.3
123.33
123.36
123.37
123.42
123.35
123.32
123.25
123.28
123.54
123.46
123.42
123.26
123.26
123.32
123.46
123.47
123.31
123.29
123.41
123.37
123.38
123.41
123.4
123.36
123.33
123.32
123.44
123.44
123.5
123.44
123.15
123.34
123.44
123.43
123.41
123.33
123.32
123.35
123.34
123.37
123.38
123.38
123.42
123.43
123.4
123.43
123.39
123.28
123.24
123.33
123.51
123.51
123.39
123.32
123.29
123.25
123.31
123.46
123.48
123.33
123.37
123.36
123.29
123.33
123.39
123.42
123.41
123.33
123.33
123.3
123.34
123.41
123.41
123.35
123.28
123.29
123.35
123.46
123.44
123.48
123.42
123.3
123.3
123.3
123.36
123.41
123.28
123.26
123.47
123.46
123.45
123.29
123.25
123.28
123.34
123.41
123.41
123.39
123.35
123.34
123.42
123.34
123.33
123.28
123.31
123.37
123.41
123.41
123.41
123.37
123.26
123.25
123.25
123.42
123.5
123.42
123.36
123.23
123.28
123.35
123.33
123.33
123.35
123.35
123.35
123.39
123.4
123.34
123.33
123.29
123.3
123.33
123.4
123.41
123.34
123.32
123.24
123.26
123.31
123.45
123.47
123.32
123.32
123.31
123.21
123.28
123.37
123.4
123.38
123.4
123.38
123.29
123.24
123.25
123.28
123.38
123.41
123.37
123.39
123.35
123.33
123.4
123.42
123.3
123.28
123.27
123.29
123.34
123.39
123.38
123.25
123.25
123.2
123.39
123.45
123.38
123.32
123.25
123.24
123.29
123.37
123.37
123.38
123.26
123.21
123.26
123.29
123.5
123.5
123.19
123.22
123.29
123.36
123.37
123.27
123.19
123.17
123.24
123.34
123.39
123.38
123.35
123.31
123.29
123.27
123.28
123.28
123.36
123.35
123.37
123.36
123.29
123.27
123.27
123.3
123.32
123.16
123.18
123.28
123.38
123.39
123.42
123.34
123.33
123.33
123.31
123.26
123.24
123.3
123.33
123.34
123.32
123.3
123.28
123.31
123.34
123.31
123.29
123.27
123.25
123.32
123.34
123.33
123.32
123.29
123.35
123.4
123.33
123.3
123.26
123.2
123.25
123.28
123.44
123.45
123.32
123.29
123.57
123.21
123.16
123.22
123.32
123.34
123.37
123.29
123.31
123.31
123.26
123.24
123.51
123.34
123.28
123.32
123.33
123.22
123.36
123.42
123.34
123.3
123.3
123.3
123.32
123.35
123.36
123.29
123.33
123.24
123.3
123.33
123.32
123.34
123.37
123.37
123.31
123.19
123.22
123.34
123.39
123.38
123.39
123.33
123.21
123.22
123.34
123.28
123.26
123.28
123.29
123.45
123.3
123.28
123.24
123.25
123.34
123.33
123.33
123.25
123.24
123.28
123.33
123.34
123.35
123.3
123.33
123.29
123.29
123.18
123.24
123.35
123.39
123.29
123.29
123.28
123.33
123.28
123.38
123.37
123.24
123.18
123.19
123.23
123.26
123.39
123.34
123.28
123.38
123.38
123.3
123.25
123.19
123.29
123.32
123.22
123.2
123.38
123.24
123.27
123.27
123.28
123.24
123.29
123.36
123.36
123.32
123.23
123.21
123.21
123.29
123.33
123.58
123.53
123.08
123.02
123.48
123.31
123.26
123.15
123.17
123.34
123.45
123.43
123.28
123.21
123.23
123.23
123.26
123.33
123.34
123.38
123.4
123.34
123.2
123.18
123.24
123.29
123.37
123.37
123.32
123.28
123.25
123.2
123.19
123.24
123.33
123.35
123.27
123.36
123.34
123.3
123.27
123.22
123.23
123.17
123.26
123.3
123.32
123.34
123.38
123.35
123.29
123.28
123.31
123.29
123.29
123.3
123.26
123.28
123.32
123.33
123.34
123.29
123.29
123.34
123.34
123.23
123.24
123.25
123.38
123.38
123.37
123.33
123.31
123.27
123.28
123.32
123.33
123.32
123.34
123.36
123.38
123.34
123.26
123.26
123.13
123.33
123.41
123.35
123.32
123.51
123.33
123.28
123.26
123.28
123.3
123.33
123.34
123.28
123.27
123.37
123.29
123.29
123.31
123.31
123.33
123.43
123.43
123.26
123.23
123.33
123.33
123.34
123.42
123.38
123.26
123.21
123.25
123.3
123.37
123.35
123.33
123.28
123.19
123.21
123.41
123.45
123.29
123.25
123.24
123.33
123.38
123.33
123.29
123.35
123.38
123.35
123.28
123.27
123.26
123.28
123.3
123.33
123.33
123.29
123.26
123.3
123.23
123.22
123.39
123.4
123.33
123.26
123.25
123.31
123.31
123.33
123.32
123.34
123.28
123.29
123.24
123.24
123.28
123.41
123.39
123.4
123.34
123.3
123.26
123.17
123.24
123.28
123.52
123.51
123.13
123.22
123.32
123.34
123.34
123.33
123.3
123.33
123.16
123.16
123.2
123.3
123.43
123.45
123.36
123.32
123.28
123.24
123.31
123.35
123.25
123.28
123.25
123.28
123.43
123.41
123.35
123.24
123.22
123.24
123.32
123.35
123.41
123.41
123.25
123.24
123.23
123.25
123.3
123.46
123.43
123.38
123.28
123.25
123.22
123.31
123.35
123.37
123.31
123.37
123.37
123.25
123.32
123.36
123.34
123.33
123.37
123.33
123.34
123.32
123.31
123.36
123.41
123.27
123.28
123.25
123.29
123.33
123.5
123.38
123.34
123.29
123.27
123.21
123.3
123.31
123.45
123.43
123.4
123.37
123.25
123.21
123.26
123.33
123.38
123.31
123.31
123.31
123.29
123.29
123.41
123.39
123.37
123.21
123.25
123.3
123.35
123.34
123.33
123.31
123.42
123.26
123.25
123.34
123.39
123.46
123.42
123.18
123.21
123.25
123.28
123.31
123.32
123.34
123.32
123.26
123.27
123.42
123.38
123.3
123.28
123.29
123.29
123.34
123.35
123.26
123.24
123.31
123.34
123.24
123.28
123.29
123.31
123.3
123.33
123.33
123.3
123.28
123.25
123.24
123.26
123.29
123.37
123.41
123.2
123.16
123.27
123.31
123.32
123.3
123.29
123.28
123.3
123.21
123.32
123.3
123.36
123.34
123.33
123.26
123.28
123.25
123.26
123.25
123.23
123.28
123.39
123.39
123.28
123.2
123.25
123.3
123.33
123.27
123.24
123.26
123.18
123.21
123.26
123.27
123.32
123.31
123.3
123.33
123.3
123.25
123.37
123.33
123.18
123.17
123.19
123.21
123.43
123.36
123.31
123.25
123.24
123.28
123.17
123.16
123.31
123.33
123.35
123.22
123.19
123.18
123.22
123.35
123.46
123.41
123.12
123.12
123.09
123.18
123.37
123.33
123.3
123.23
123.2
123.45
123.11
123.06
123.16
123.26
123.35
123.35
123.2
123.16
123.18
123.17
123.24
123.22
123.22
123.2
123.32
123.29
123.12
123.08
123.11
123.15
123.22
123.32
123.32
123.17
123.16
123.16
123.25
123.25
123.19
123.17
123.19
123.16
123.16
123.1
123.12
123.15
123.28
123.29
123.26
123.14
123.17
123.11
123.12
123.33
123.3
123.07
123.06
123.12
123.21
123.22
123.35
123.3
123.09
123.06
123.16
123.2
123.22
123.25
123.21
123.2
123.12
123.13
123.11
123.3
123.33
123.07
123.04
123.14
123.23
123.2
123.03
123.03
123.24
123.34
123.3
123.16
123.15
123.12
123.13
123.03
123.05
123.16
123.23
123.25
123.37
123.3
123.07
123.09
123.14
123.17
123.15
123.24
123.21
123.18
123.2
123.2
123.23
123.13
123.12
123.14
123.15
123.22
123.23
123.22
122.98
123.02
123.23
123.3
123.29
123.13
123.08
123.15
123.16
123.19
123.12
123.12
123.21
123.25
123.25
123.17
123.11
123.12
123.16
123.26
123.24
123.21
123.16
123.15
122.96
123.04
123.19
123.22
123.19
123.27
123.26
123.15
123.09
123.09
123.05
123.14
123.28
123.28
123.15
123.1
123.11
123.12
123.14
123.11
123.14
123.17
123.28
