23.34
23.34
23.52
23.92
24.94
25.53
26.83
28.15
28.86
30.19
30.78
32.16
33.39
34.14
35.65
36.31
37.55
38.19
39.5
40.7
41.48
42.69
43.23
44.39
45.11
46.19
46.66
47.7
48.83
49.35
50.43
51.08
52.02
52.49
53.44
53.9
54.84
55.32
56.28
57.01
57.46
58.49
59.04
59.89
60.6
61.04
61.9
62.31
63.11
63.51
64.25
64.65
65.32
65.68
66.45
67.16
67.51
68.25
68.6
69.32
69.97
70.38
71.06
71.68
72.06
72.68
73.18
73.52
74.01
74.34
74.88
75.13
75.77
76.3
76.53
77.06
77.34
77.83
78.09
78.54
78.99
79.48
79.98
80.17
80.64
80.84
81.35
81.73
81.96
82.51
82.72
83.2
83.29
83.76
84.16
84.36
84.76
84.98
85.47
85.65
85.95
86.19
86.57
86.96
87.23
87.62
87.66
88.05
88.23
88.58
88.81
89.15
89.33
89.68
89.8
90.15
90.32
90.58
90.85
90.97
91.31
91.44
91.74
91.83
92.12
92.31
92.61
92.77
93.04
93.33
93.5
93.77
93.9
94.1
94.16
94.45
94.57
94.84
95.07
95.25
95.52
95.65
95.95
96.05
96.36
96.45
96.71
96.84
96.97
97.19
97.31
97.65
97.76
97.92
98.03
98.28
98.39
98.68
98.73
98.92
99.12
99.24
99.4
99.45
99.65
99.78
100.09
100.19
100.32
100.47
100.58
100.69
100.79
101.05
101.21
101.38
101.4
101.58
101.76
101.94
102.03
102.21
102.37
102.4
102.55
102.73
102.89
103.0
103.15
103.05
103.22
103.45
103.67
103.75
103.83
103.99
104.06
104.21
104.37
104.44
104.6
104.68
104.96
105.11
105.19
105.33
105.27
105.41
105.47
105.63
105.67
105.93
105.94
105.9
105.96
106.19
106.26
106.31
106.45
106.7
106.81
106.84
106.98
106.97
107.1
107.18
107.3
107.43
107.59
107.69
107.66
107.77
107.86
108.04
108.16
108.27
108.29
108.42
108.49
108.56
108.68
108.8
108.81
108.92
109.05
109.15
109.18
109.31
109.42
109.47
109.59
109.57
109.68
109.83
109.93
109.96
110.06
110.19
110.3
110.2
110.3
110.59
110.63
110.54
110.67
111.0
111.06
110.91
110.97
111.08
111.12
111.35
111.39
111.36
111.34
111.49
111.62
111.72
111.77
111.87
111.83
111.88
112.1
112.18
112.09
112.19
112.42
112.51
112.52
112.62
112.54
112.71
112.72
112.92
113.01
113.04
113.13
113.02
113.1
113.28
113.32
113.39
113.43
113.63
113.66
113.77
113.74
113.75
113.87
113.95
114.03
114.07
114.15
114.19
114.24
114.28
114.4
114.45
114.59
114.63
114.68
114.73
114.82
114.93
114.87
114.94
114.99
115.17
115.28
115.33
115.36
115.44
115.53
115.53
115.61
115.64
115.73
115.69
115.72
115.85
115.9
115.98
116.01
115.98
116.12
116.14
116.21
116.25
116.26
116.34
116.43
116.52
116.55
116.58
116.59
116.71
116.7
116.77
116.81
116.84
116.96
117.0
116.97
116.97
117.09
117.13
117.32
117.39
117.44
117.38
117.46
117.63
117.61
117.69
117.71
117.72
117.74
117.96
117.99
117.98
118.09
118.04
118.07
118.17
118.14
118.21
118.25
118.41
118.48
118.52
118.59
118.6
118.59
118.59
118.77
118.81
118.76
118.79
118.95
118.99
119.05
119.09
119.0
119.0
119.12
119.2
119.28
119.35
119.37
119.39
119.41
119.48
119.47
119.54
119.54
119.64
119.66
119.93
119.96
120.03
120.09
119.99
120.02
120.05
120.14
120.17
120.23
120.09
120.2
120.23
120.28
120.37
120.38
120.49
120.51
120.68
120.84
120.92
120.74
120.8
120.88
120.9
120.91
121.04
121.1
121.17
121.2
121.26
121.31
121.36
121.36
121.41
121.38
121.5
121.52
121.57
121.65
121.67
121.99
122.01
121.85
121.88
121.87
121.94
121.96
122.04
122.13
122.11
122.17
122.19
122.25
122.27
122.3
122.35
122.39
122.38
122.46
122.53
122.57
122.6
122.64
122.73
122.76
122.7
122.74
122.78
122.86
123.02
123.05
123.1
123.0
123.09
123.09
123.15
123.14
123.2
123.38
123.39
123.44
123.42
123.53
123.55
123.58
123.62
123.62
123.72
123.78
123.66
123.69
123.8
123.85
124.0
124.04
124.09
124.15
124.08
124.15
124.13
124.18
124.21
124.27
124.38
124.43
124.36
124.41
124.47
124.48
124.54
124.52
124.58
124.64
124.67
124.84
124.9
124.88
124.9
124.83
124.86
124.98
125.03
125.08
125.12
125.15
125.17
125.31
125.36
125.3
125.47
125.49
125.53
125.57
125.57
125.58
125.67
125.7
125.76
125.76
125.85
125.87
125.84
125.88
125.93
125.98
125.98
126.04
126.18
126.23
126.13
126.15
126.12
126.3
126.33
126.4
126.43
126.39
126.42
126.48
126.53
126.7
126.73
126.58
126.62
126.74
126.76
126.69
126.8
126.86
126.89
126.92
126.95
126.98
126.99
127.03
127.17
127.23
127.12
127.17
127.27
127.31
127.35
127.36
127.43
127.6
127.65
127.51
127.54
127.66
127.71
127.78
127.81
127.85
127.88
127.88
127.9
127.93
128.0
128.05
128.03
128.07
128.08
128.12
128.11
128.18
128.24
128.28
128.32
128.37
128.48
128.56
128.59
128.52
128.59
128.57
128.58
128.64
128.71
128.67
128.72
128.73
128.74
128.91
128.94
128.99
129.03
129.01
129.04
129.06
129.06
129.06
129.11
129.13
129.27
129.3
129.36
129.34
129.41
129.45
129.42
129.46
129.49
129.56
129.61
129.57
129.62
129.71
129.74
129.67
129.69
129.75
129.78
129.92
129.94
129.93
130.02
130.06
130.06
130.09
130.19
130.21
130.14
130.16
130.36
130.41
130.44
130.46
130.36
130.4
130.5
130.56
130.55
130.6
130.67
130.7
130.73
130.78
130.82
130.76
130.84
130.86
130.88
130.97
130.99
131.04
131.06
131.1
131.16
131.27
131.3
131.24
131.28
131.32
131.3
131.31
131.34
131.39
131.45
131.48
131.48
131.53
131.51
131.57
131.56
131.56
131.86
131.88
131.75
131.79
131.9
131.9
131.95
132.0
132.07
131.89
131.91
131.98
132.01
132.18
132.23
132.22
132.27
132.3
132.36
132.3
132.31
132.29
132.48
132.5
132.49
132.52
132.57
132.64
132.63
132.67
132.58
132.63
132.73
132.77
132.85
132.88
132.77
132.81
132.85
132.96
133.0
133.01
133.03
133.1
133.12
133.14
133.16
133.24
133.27
133.31
133.34
133.26
133.29
133.39
133.39
133.45
133.52
133.49
133.54
133.54
133.51
133.53
133.78
133.79
133.76
133.78
133.82
133.85
133.88
133.9
133.92
133.94
134.0
134.03
134.08
134.11
134.18
134.21
134.09
134.12
134.25
134.28
134.28
134.29
134.34
134.33
134.36
134.46
134.51
134.51
134.54
134.44
134.48
134.56
134.59
134.71
134.71
134.73
134.75
134.8
134.82
134.91
134.95
134.99
134.95
134.98
135.0
135.04
135.05
135.08
135.1
135.13
135.22
135.24
135.36
135.4
135.34
135.39
135.4
135.4
135.43
135.49
135.44
135.49
135.5
135.64
135.66
135.63
135.65
135.7
135.73
135.78
135.8
135.85
135.85
135.88
135.93
135.98
136.03
135.82
135.88
135.97
136.01
136.18
136.22
136.12
136.16
136.17
136.19
136.34
136.18
136.24
136.26
136.3
136.63
136.67
136.66
136.72
136.48
136.53
136.58
136.6
136.57
136.58
136.72
136.73
136.7
136.72
136.8
136.86
136.89
136.88
136.92
136.99
137.02
136.99
136.98
137.01
137.02
137.1
137.12
137.22
137.26
137.17
137.2
137.22
137.26
137.32
137.28
137.31
137.33
137.35
137.41
137.42
137.55
137.61
137.62
137.66
137.55
137.58
137.71
137.71
137.76
137.85
137.89
137.86
137.89
137.93
137.96
137.91
137.93
138.01
138.05
138.02
138.03
138.18
138.2
138.26
138.3
138.21
138.31
138.33
138.39
138.41
138.39
138.41
138.43
138.45
138.51
138.56
138.53
138.57
138.6
138.61
138.73
138.67
138.69
138.82
138.86
138.88
138.89
138.86
138.88
139.01
139.03
139.08
139.09
138.99
139.03
139.06
139.09
139.19
139.32
139.33
139.28
139.3
139.33
139.39
139.45
139.48
139.56
139.59
139.41
139.43
139.51
139.57
139.7
139.65
139.69
139.76
139.77
139.79
139.84
139.8
139.83
139.86
139.87
139.94
139.99
140.0
139.93
139.95
140.2
140.19
140.21
140.22
140.19
140.23
140.25
140.31
140.33
140.34
140.35
140.38
140.33
140.34
140.39
140.41
140.45
140.64
140.68
140.61
140.64
140.63
140.67
140.77
140.77
140.72
140.73
140.93
140.94
140.81
140.83
140.9
140.92
140.91
140.92
140.9
140.92
140.96
140.97
141.12
141.17
141.21
141.29
141.32
141.17
141.19
141.29
141.32
141.33
141.35
141.39
141.39
141.48
141.49
141.44
141.48
141.56
141.59
141.61
141.64
141.75
141.75
141.77
141.77
141.8
141.72
141.72
141.76
141.77
141.8
141.84
141.95
142.0
141.94
141.98
142.15
142.17
142.15
142.18
142.14
142.04
142.1
142.37
142.39
142.29
142.31
142.29
142.33
142.16
142.21
142.76
142.77
142.78
142.84
142.87
142.89
142.63
142.65
142.71
142.72
142.76
142.65
142.7
142.79
142.83
142.84
142.88
142.9
142.91
142.91
142.9
142.9
142.91
143.02
143.03
142.98
143.0
143.12
143.15
143.0
143.05
143.09
143.14
143.13
143.35
143.37
143.41
143.43
143.41
143.44
143.61
143.6
143.5
143.51
143.46
143.5
143.6
143.62
143.77
143.79
143.63
143.66
143.65
143.77
143.75
143.81
143.83
143.93
143.96
143.78
143.81
143.91
143.95
143.97
144.02
144.03
144.07
144.06
144.12
144.12
144.17
144.21
144.22
144.23
144.2
144.24
144.22
144.25
144.4
144.43
144.32
144.36
144.52
144.54
144.44
144.47
144.47
144.51
144.57
144.54
144.55
144.57
144.6
144.6
144.66
144.72
144.75
144.76
144.79
144.95
144.98
144.81
144.84
144.86
144.92
144.97
144.99
145.02
145.05
145.08
145.08
145.1
145.06
145.08
145.22
145.22
145.13
145.15
145.46
145.25
145.28
145.41
145.4
145.57
145.59
145.53
145.55
145.4
145.44
145.45
145.47
145.42
145.45
145.72
145.74
145.64
145.66
145.66
145.71
145.73
145.82
145.83
145.86
145.88
145.84
145.86
145.9
145.92
145.99
146.03
146.13
146.16
146.08
146.1
146.18
146.22
146.09
146.15
146.17
146.18
146.21
146.42
146.43
146.36
146.37
146.34
146.36
146.36
146.4
146.56
146.58
146.52
146.58
146.56
146.59
146.7
146.72
146.57
146.59
146.75
146.79
146.7
146.73
146.83
146.77
146.8
146.93
146.95
146.94
146.97
146.99
147.01
147.0
147.02
147.02
147.07
147.07
147.21
147.22
147.23
147.25
147.25
147.27
147.22
147.24
147.3
147.32
147.33
147.33
147.37
147.5
147.52
147.47
147.48
147.63
147.63
147.59
147.6
147.63
147.62
147.72
147.74
147.86
147.87
147.63
147.66
147.56
147.6
147.85
147.88
147.96
147.99
147.87
147.92
147.94
147.97
147.98
148.01
148.02
148.04
148.06
148.13
148.14
148.12
148.15
148.12
148.14
148.24
148.27
148.29
148.28
148.3
148.42
148.44
148.43
148.43
148.38
148.38
148.43
148.48
148.5
148.52
148.57
148.53
148.54
148.64
148.65
148.69
148.7
148.68
148.71
148.71
148.75
148.9
148.91
148.78
148.82
148.84
149.0
149.04
148.96
148.98
149.04
149.07
149.02
149.06
149.1
149.11
149.04
149.04
149.13
149.14
149.25
149.14
149.13
149.22
149.23
149.35
149.38
149.27
149.27
149.3
149.32
149.34
149.34
149.39
149.41
149.54
149.54
149.66
149.7
149.58
149.61
149.73
149.68
149.68
149.69
149.71
149.78
149.82
149.76
149.8
149.86
149.86
149.88
149.92
149.75
149.78
149.89
149.91
149.94
149.98
150.01
150.02
150.06
150.07
150.08
150.05
150.05
150.01
150.01
150.03
150.06
150.35
150.36
150.27
150.28
150.18
150.21
150.36
150.39
150.62
150.63
150.41
150.41
150.43
150.46
150.47
150.48
150.52
150.56
150.69
150.65
150.68
150.61
150.65
150.73
150.77
150.65
150.65
150.84
150.87
150.71
150.73
150.82
150.83
150.87
150.87
150.82
150.83
150.92
150.93
150.93
150.97
150.99
151.0
151.01
151.05
151.14
151.15
151.15
151.11
151.14
151.03
151.07
151.14
151.16
151.31
151.35
151.24
151.26
151.39
151.41
151.39
151.41
151.41
151.45
151.53
151.53
151.55
151.59
151.45
151.58
151.6
151.52
151.53
151.59
151.61
151.62
151.65
151.66
151.67
151.71
151.74
151.72
151.74
151.66
151.7
151.69
151.73
151.7
151.72
151.76
151.79
151.82
152.06
152.07
151.93
151.93
151.93
151.94
151.94
151.94
152.09
152.11
152.12
152.16
152.25
152.28
152.13
152.15
152.12
152.14
152.21
152.23
152.22
152.25
152.26
152.28
152.28
152.24
152.26
152.33
152.36
152.27
152.32
152.47
152.49
152.4
152.42
152.43
152.45
152.49
152.5
152.49
152.5
152.48
152.5
152.65
152.68
152.57
152.52
152.54
152.54
152.54
152.68
152.69
152.77
152.76
152.8
152.86
152.8
152.83
152.8
152.8
152.88
152.9
152.83
152.84
152.9
152.94
152.95
152.97
152.84
152.86
152.96
152.99
153.03
153.03
152.97
152.99
153.1
153.12
153.2
153.09
153.09
153.16
153.17
153.13
153.18
153.37
153.4
153.26
153.28
153.3
153.35
153.35
153.37
153.51
153.5
153.41
153.41
153.39
153.41
153.42
153.41
153.45
153.47
153.49
153.55
153.62
153.5
153.51
153.68
153.69
153.64
153.65
153.67
153.67
153.78
153.79
153.79
153.82
153.84
153.85
153.76
153.75
153.87
153.87
153.9
153.84
153.86
154.06
154.08
153.91
153.93
154.07
154.05
153.9
153.9
154.0
154.0
154.03
154.08
154.13
154.15
154.27
154.27
154.12
154.16
154.16
154.22
154.23
154.4
154.45
154.25
154.27
154.32
154.37
154.33
154.37
154.37
154.39
154.45
154.46
154.37
154.38
154.4
154.41
154.53
154.53
154.5
154.56
154.57
154.58
154.61
154.62
154.63
154.67
154.69
154.71
154.74
154.67
154.72
154.78
154.81
154.82
154.8
154.84
154.84
154.83
154.92
154.92
154.91
154.93
154.91
154.93
155.03
155.02
155.07
155.08
154.95
154.97
154.97
154.99
155.09
155.1
155.1
155.08
155.24
155.25
155.2
155.21
155.24
155.25
155.2
155.18
155.24
155.25
155.28
155.28
155.28
155.36
155.38
155.33
155.32
155.44
155.48
155.45
155.46
155.38
155.41
155.52
155.52
155.47
155.4
155.42
155.49
155.51
155.52
155.53
155.61
155.6
155.76
155.76
155.59
155.62
155.61
155.61
155.66
155.66
155.63
155.64
155.81
155.83
155.81
155.81
155.83
156.06
156.08
155.9
155.9
155.87
155.88
155.98
156.0
156.03
156.02
155.87
155.9
156.02
156.03
156.0
156.03
156.16
156.19
156.16
156.21
156.13
156.19
156.21
156.12
156.13
156.23
156.25
156.37
156.38
156.23
156.22
156.27
156.27
156.3
156.3
156.39
156.42
156.39
156.38
156.39
156.42
156.43
156.38
156.4
156.42
156.4
156.53
156.54
156.52
156.54
156.47
156.48
156.47
156.64
156.65
156.59
156.62
156.64
156.67
156.77
156.77
156.69
156.7
156.61
156.67
156.74
156.76
156.79
156.78
156.71
156.88
156.87
156.9
156.92
156.89
156.9
156.93
156.95
156.94
156.93
157.05
157.06
157.01
157.03
157.12
157.13
156.98
156.97
157.03
157.13
157.13
157.19
157.2
157.2
157.21
157.34
157.35
157.22
157.23
157.22
157.23
157.28
157.29
157.27
157.29
157.27
157.31
157.33
157.36
157.34
157.4
157.43
157.32
157.33
157.41
157.4
157.32
157.33
157.5
157.51
157.57
157.59
157.44
157.46
157.57
157.62
157.61
157.64
157.66
157.62
157.62
157.62
157.67
157.59
157.6
157.79
157.8
157.81
157.84
157.8
157.83
158.08
158.11
158.1
157.77
157.79
157.77
157.77
157.85
157.87
157.89
157.92
157.91
157.92
157.93
157.94
158.01
158.09
158.12
157.95
157.95
158.09
158.1
158.08
158.11
158.21
158.24
158.25
158.26
158.2
158.18
158.26
158.27
158.3
158.15
158.16
158.26
158.25
158.28
158.29
158.34
158.34
158.27
158.31
158.37
158.4
158.33
158.3
158.47
158.37
158.37
158.37
158.37
158.45
158.46
158.41
158.43
158.4
158.43
158.51
158.51
158.54
158.54
158.59
158.59
158.73
158.52
158.54
158.64
158.66
158.7
158.7
158.68
158.67
158.71
158.73
158.68
158.75
158.74
158.77
158.82
158.85
158.87
158.83
158.85
158.94
158.95
158.97
159.0
158.89
158.89
159.01
159.03
158.9
158.92
159.01
159.02
158.96
158.95
158.97
158.98
158.96
159.1
159.12
159.27
159.26
159.19
159.19
159.02
159.05
159.05
159.04
159.17
159.15
159.17
159.13
159.12
159.23
159.24
159.26
159.28
159.26
159.3
159.31
159.3
159.31
159.34
159.38
159.33
159.34
159.39
159.37
159.37
159.37
159.4
159.41
159.49
159.49
159.45
159.46
159.6
159.57
159.47
159.68
159.7
159.59
159.56
159.6
159.62
159.55
159.52
159.62
159.61
159.77
159.76
159.73
159.73
159.65
159.65
159.73
159.74
159.74
159.8
159.82
159.77
159.81
159.81
159.82
159.87
159.89
159.83
159.85
159.84
159.84
160.1
160.1
159.97
159.9
159.92
159.92
159.94
159.93
159.9
159.94
159.94
160.13
160.1
160.16
160.17
160.12
160.09
160.2
160.21
160.0
160.02
160.04
160.06
160.06
160.17
160.18
160.13
160.18
160.07
160.1
160.13
160.13
160.25
160.26
160.42
160.44
160.17
160.2
160.21
160.25
160.27
160.39
160.38
160.38
160.38
160.4
160.36
160.42
160.42
160.43
160.41
160.67
160.68
160.54
160.39
160.35
160.41
160.4
160.58
160.58
160.57
160.61
160.64
160.65
160.66
160.7
160.69
160.69
160.61
160.59
160.61
160.62
160.62
160.67
160.64
160.73
160.72
160.76
160.77
160.83
160.85
160.73
160.76
160.83
160.81
160.82
160.81
160.82
160.88
160.85
160.9
160.89
160.82
160.81
160.9
160.94
160.86
160.89
160.93
160.99
161.0
160.98
160.96
161.0
161.01
161.03
161.05
161.07
161.09
161.03
161.04
161.1
161.16
161.17
161.17
161.18
161.14
161.16
161.12
161.12
161.22
161.21
161.13
161.15
161.1
161.11
161.07
161.14
161.17
161.19
161.21
161.28
161.33
161.34
161.34
161.36
161.35
161.33
161.34
161.5
161.52
161.36
161.4
161.39
161.41
161.37
161.38
161.41
161.43
161.57
161.53
161.57
161.64
161.66
161.55
161.57
161.63
161.64
161.57
161.58
161.66
161.66
161.63
161.64
161.64
161.65
161.64
161.65
161.77
161.68
161.68
161.71
161.71
161.83
161.84
161.71
161.71
161.73
161.75
161.82
161.83
161.83
161.8
161.94
161.93
161.97
161.82
161.82
161.93
161.9
161.8
161.85
162.05
162.04
161.98
161.97
161.92
161.94
162.05
162.06
161.97
161.97
162.02
162.01
162.03
162.06
162.06
162.04
162.05
162.08
162.13
162.14
162.14
162.15
162.17
162.19
162.22
162.13
162.14
162.15
162.14
162.16
162.24
162.25
162.18
162.18
162.38
162.4
162.22
162.22
162.28
162.29
162.33
162.37
162.4
162.4
162.41
162.4
162.42
162.3
162.32
162.37
162.41
162.5
162.5
162.52
162.52
162.48
162.46
162.4
162.42
162.6
162.5
162.51
162.48
162.45
162.5
162.51
162.54
162.54
162.61
162.63
162.56
162.59
162.59
162.59
162.62
162.65
162.66
162.7
162.71
162.57
162.56
162.63
162.62
162.66
162.68
162.71
162.69
162.69
162.72
162.71
162.85
162.87
162.73
162.75
163.15
163.16
162.93
162.94
162.9
162.92
162.92
162.91
162.94
162.94
162.98
162.98
162.87
162.81
162.79
162.94
162.94
162.94
162.92
162.95
162.96
162.98
162.97
163.02
163.06
163.05
163.08
162.96
162.97
163.02
163.02
163.03
163.01
162.99
163.1
163.12
163.03
163.05
163.05
163.06
163.08
163.08
163.17
163.2
163.14
163.16
163.13
163.09
163.13
163.24
163.25
163.2
163.2
163.16
163.15
163.21
163.21
163.18
163.18
163.28
163.3
163.39
163.41
163.4
163.39
163.4
163.33
163.37
163.29
163.32
163.38
163.42
163.41
163.43
163.47
163.44
163.37
163.36
163.43
163.33
163.36
163.51
163.52
163.47
163.45
163.58
163.58
163.44
163.42
163.66
163.65
163.61
163.6
163.59
163.6
163.68
163.63
163.71
163.5
163.51
163.69
163.69
163.7
163.7
163.63
163.64
163.64
163.65
163.79
163.81
163.7
163.74
163.86
163.86
163.75
163.8
163.82
163.82
163.81
163.85
163.85
163.86
163.87
163.81
163.83
163.87
163.9
163.81
163.84
163.86
163.9
163.9
163.89
163.9
164.01
164.0
163.85
163.87
164.1
164.12
164.01
164.04
163.95
163.95
164.02
164.02
163.93
164.02
164.07
164.06
164.08
164.13
164.16
164.16
164.16
164.03
164.01
164.03
164.06
164.05
164.04
164.28
164.1
164.09
163.97
163.98
164.19
164.2
164.11
164.15
164.24
164.26
164.3
164.31
164.31
164.32
164.27
164.69
164.7
164.24
164.25
164.29
164.31
164.31
164.33
164.37
164.36
164.35
164.35
164.34
164.35
164.36
164.37
164.32
164.37
164.52
164.44
164.44
164.41
164.41
164.51
164.52
164.41
164.42
164.42
164.42
164.5
164.48
164.48
164.47
164.54
164.53
164.52
164.6
164.59
164.57
164.58
164.52
164.54
164.58
164.57
164.55
164.56
164.66
164.68
164.63
164.66
164.64
164.69
164.69
164.69
164.64
164.66
164.72
164.73
164.72
164.58
164.6
164.74
164.75
164.71
164.72
164.7
164.66
164.79
164.79
164.81
164.84
164.72
164.72
164.87
164.88
164.81
164.83
164.83
164.9
164.89
164.9
164.89
164.86
164.86
164.96
164.95
164.8
164.82
165.0
165.01
165.04
165.03
165.03
165.04
165.0
165.0
164.93
164.96
165.0
165.0
165.12
165.07
165.09
165.07
165.08
165.03
165.03
165.07
165.12
165.19
165.21
165.04
165.04
165.24
165.24
165.19
165.19
165.14
165.13
165.14
165.17
165.1
165.15
165.15
165.24
165.26
165.21
165.21
165.33
165.33
165.3
165.29
165.24
165.26
165.36
165.38
165.25
165.26
165.41
165.24
165.24
165.39
165.38
165.32
165.34
165.32
165.35
165.27
165.26
165.58
165.58
165.36
165.35
165.45
165.49
165.39
165.41
165.42
165.41
165.48
165.49
165.46
165.48
165.49
165.41
165.44
165.41
165.43
165.53
165.55
165.63
165.61
165.47
165.47
165.63
165.6
165.6
165.6
165.62
165.63
165.57
165.57
165.65
165.66
165.63
165.68
165.67
165.7
165.72
165.74
165.77
165.66
165.68
165.62
165.63
165.7
165.71
165.74
165.73
165.66
165.7
165.8
165.81
165.85
165.88
165.86
165.86
165.74
165.72
165.76
165.7
165.7
165.72
165.72
165.9
165.9
165.86
165.87
165.86
165.88
165.97
165.98
165.84
165.81
165.91
165.93
166.06
166.06
166.07
165.97
165.97
165.89
165.89
165.86
165.88
165.94
165.95
165.99
166.04
165.99
165.99
165.99
166.0
166.13
166.14
166.11
166.11
166.16
166.09
166.1
166.07
166.06
166.24
166.23
165.99
166.0
166.26
166.29
166.3
166.31
166.21
166.24
166.15
166.29
166.3
166.18
166.2
166.2
166.23
166.16
166.15
166.16
166.18
166.1
166.1
166.17
166.22
166.32
166.31
166.32
166.33
166.29
166.4
166.41
166.4
166.42
166.26
166.26
166.43
166.4
166.35
166.34
166.4
166.41
166.43
166.47
166.46
166.47
166.5
166.48
166.37
166.37
166.39
166.39
166.47
166.48
166.4
166.41
166.49
166.48
166.43
166.45
166.45
166.52
166.52
166.51
166.52
166.46
166.47
166.56
166.58
166.57
166.58
166.53
166.53
166.64
166.65
166.74
166.76
166.73
166.73
166.63
166.6
166.64
166.61
166.63
166.6
166.6
166.7
166.7
166.7
166.67
166.71
166.71
166.7
166.71
166.78
166.78
166.83
166.83
166.79
166.81
166.84
166.86
166.77
166.76
166.86
166.8
166.81
166.84
166.85
166.91
166.89
166.88
166.88
166.87
166.87
166.91
166.88
166.85
166.86
166.88
166.87
166.91
166.94
166.94
166.95
166.99
166.98
166.99
167.0
167.0
166.98
167.0
167.01
167.01
167.02
167.04
167.01
167.05
166.94
166.95
167.06
167.04
167.01
167.05
166.84
166.83
167.08
167.13
167.12
167.08
167.11
167.11
167.11
167.1
167.11
167.06
167.09
167.26
167.26
167.15
167.17
167.19
167.18
167.29
167.3
167.09
167.24
167.25
167.19
167.2
167.19
167.21
167.19
167.19
167.19
167.16
167.23
167.22
167.28
167.26
167.26
167.3
167.19
167.19
167.27
167.27
167.34
167.43
167.43
167.28
167.25
167.38
167.38
167.28
167.28
167.37
167.42
167.41
167.44
167.37
167.38
167.41
167.41
167.33
167.35
167.32
167.48
167.48
167.45
167.47
167.53
167.51
167.53
167.53
167.48
167.47
167.6
167.59
167.46
167.44
167.44
167.44
167.44
167.42
167.39
167.47
167.47
167.47
167.49
167.59
167.58
167.5
167.5
167.48
167.49
167.67
167.69
167.53
167.52
167.57
167.58
167.64
167.53
167.55
167.64
167.62
167.66
167.65
167.5
167.47
167.6
167.58
167.73
167.73
167.64
167.65
167.71
167.73
167.56
167.55
167.57
167.69
167.71
167.67
167.67
167.68
167.68
167.65
167.63
167.7
167.69
167.78
167.78
167.7
167.73
167.69
167.7
167.86
167.88
167.87
167.83
167.82
167.7
167.7
167.84
167.84
167.76
167.78
167.85
167.85
167.89
167.87
167.88
167.89
167.81
167.79
167.82
167.83
167.91
167.89
167.92
167.92
167.82
167.83
167.94
167.86
167.86
167.85
167.85
167.86
167.89
167.89
167.9
167.94
167.93
167.97
167.97
167.88
167.86
167.97
167.99
168.01
168.02
168.0
168.01
168.0
168.05
168.06
168.09
168.1
168.1
168.11
167.94
167.95
168.06
168.04
167.99
167.99
168.11
168.12
168.05
168.07
168.15
168.15
168.04
168.14
168.14
168.06
168.1
168.17
168.19
168.11
168.11
168.12
168.12
168.14
168.14
168.14
168.16
168.14
168.15
168.1
168.12
168.12
168.14
168.12
168.11
168.16
168.18
168.18
168.18
168.17
168.18
168.18
168.26
168.27
168.32
168.33
168.34
168.32
168.28
168.28
168.29
168.3
168.27
168.29
168.23
168.22
168.29
168.31
168.37
168.37
168.42
168.43
168.4
168.33
168.34
168.4
168.41
168.35
168.33
168.45
168.45
168.35
168.32
168.34
168.35
168.38
168.39
168.37
168.37
168.41
168.38
168.39
168.41
168.4
168.5
168.51
168.37
168.39
168.52
168.52
168.52
168.52
168.5
168.5
168.47
168.46
168.59
168.61
168.41
168.45
168.59
168.61
168.65
168.64
168.56
168.55
168.55
168.52
168.52
168.59
168.6
168.55
168.58
168.59
168.6
168.57
168.59
168.57
168.56
168.55
168.53
168.6
168.6
168.7
168.73
168.68
168.7
168.65
168.65
168.6
168.62
168.58
168.65
168.65
168.63
168.66
168.75
168.76
168.69
168.67
168.8
168.8
168.77
168.78
168.7
168.69
168.78
168.79
168.83
168.79
168.76
168.76
168.85
168.84
168.88
168.88
169.1
168.8
168.77
168.86
168.84
168.86
168.87
168.93
168.96
168.77
168.78
168.87
168.91
168.87
168.89
168.72
168.89
168.91
168.91
168.91
168.97
168.98
168.94
168.95
168.95
168.94
168.84
168.88
168.98
168.99
168.89
168.9
169.11
169.11
169.02
169.02
169.07
169.09
169.15
169.16
169.16
169.04
169.03
169.07
169.07
168.98
169.0
168.98
169.0
169.12
169.14
169.06
169.06
169.21
169.18
169.23
169.22
169.18
169.19
169.14
169.13
169.1
169.09
169.2
169.16
169.21
169.2
169.21
169.18
169.18
169.18
169.17
169.16
169.16
169.22
169.2
169.35
169.35
169.21
169.22
169.31
169.32
169.32
169.32
169.27
169.25
169.22
169.23
169.33
169.22
169.24
169.3
169.31
169.23
169.21
169.28
169.28
169.22
169.22
169.31
169.32
169.18
169.19
169.39
169.37
169.32
169.31
169.42
169.4
169.4
169.42
169.37
169.35
169.36
169.36
169.38
169.36
169.39
169.42
169.43
169.46
169.49
169.43
169.43
169.27
169.27
169.5
169.49
169.5
169.51
169.48
169.49
169.6
169.38
169.37
169.4
169.42
169.44
169.46
169.46
169.46
169.61
169.61
169.54
169.52
169.58
169.61
169.49
169.5
169.64
169.63
169.54
169.57
169.58
169.68
169.67
169.59
169.58
169.6
169.61
169.61
169.61
169.61
169.63
169.7
169.68
169.62
169.63
169.67
169.69
169.68
169.72
169.71
169.74
169.78
169.57
169.6
169.7
169.72
169.73
169.74
169.67
169.65
169.8
169.79
169.77
169.71
169.7
169.66
169.66
169.77
169.77
169.77
169.78
169.68
169.69
169.83
169.83
169.74
169.75
169.75
169.77
169.87
169.87
169.78
169.9
169.88
169.9
169.92
169.77
169.79
169.87
169.88
169.86
169.85
169.84
169.85
170.1
170.09
170.1
170.12
169.92
169.97
169.97
169.95
169.95
170.02
170.02
170.03
170.02
169.95
169.96
170.01
170.02
169.91
169.93
169.97
169.97
170.02
170.1
170.1
169.88
169.89
169.97
169.99
170.02
170.01
170.08
170.09
170.04
170.03
169.99
169.97
170.11
170.12
169.99
170.11
170.1
170.07
170.07
170.06
170.09
170.24
170.25
170.25
170.25
170.16
170.17
170.09
170.09
170.06
170.06
170.06
170.18
170.17
170.18
170.19
170.14
170.15
170.14
170.13
170.16
170.18
170.09
170.12
170.24
170.25
170.18
170.17
170.19
170.22
170.21
170.23
170.23
170.12
170.14
170.3
170.3
170.11
170.1
170.17
170.18
170.34
170.35
170.13
170.17
170.28
170.25
170.26
170.21
170.2
170.26
170.26
170.28
170.27
170.29
170.27
170.22
170.22
170.28
170.27
170.26
170.25
170.41
170.29
170.3
170.3
170.32
170.31
170.33
170.41
170.4
170.39
170.39
170.26
170.25
170.31
170.33
170.37
170.29
170.26
170.41
170.42
170.39
170.41
170.37
170.35
170.39
170.41
170.52
170.52
170.39
170.42
170.38
170.39
170.43
170.45
170.46
170.5
170.51
170.35
170.37
170.5
170.5
170.42
170.42
170.57
170.56
170.44
170.44
170.53
170.53
170.51
170.3
170.35
170.34
170.33
170.42
170.43
170.5
170.49
170.36
170.36
170.53
170.51
170.52
170.52
170.5
170.48
170.46
170.45
170.5
170.49
170.49
170.59
170.57
170.51
170.52
170.72
170.73
170.53
170.55
170.6
170.59
170.55
170.55
170.65
170.66
170.68
170.67
170.67
170.61
170.62
170.62
170.64
170.72
170.73
170.65
170.64
170.7
170.73
170.65
170.66
170.61
170.61
170.61
170.61
170.62
170.73
170.74
170.72
170.73
170.64
170.62
170.78
170.78
170.78
170.79
170.67
170.67
170.78
170.77
170.69
170.65
170.62
170.73
170.73
170.7
170.71
170.75
170.76
170.85
170.85
170.85
170.86
170.78
170.79
170.75
170.75
170.78
170.88
170.91
170.78
170.79
170.82
170.79
170.76
170.76
170.83
170.81
170.9
170.9
170.94
170.97
170.92
170.92
170.94
170.78
170.78
170.93
170.92
171.02
171.01
170.83
170.83
170.97
170.97
170.91
170.93
170.93
170.93
170.96
170.99
170.92
170.92
170.93
170.96
170.96
171.04
171.04
170.95
170.99
170.82
170.84
171.06
171.06
171.13
171.13
170.99
170.98
170.97
170.98
171.0
170.99
170.91
170.91
170.95
171.07
171.08
171.12
171.11
171.14
171.17
171.03
171.01
171.03
171.02
171.11
171.08
171.1
171.1
171.05
171.06
171.07
171.06
171.11
171.18
171.19
171.16
171.19
171.19
171.2
171.02
171.01
171.11
171.11
171.2
171.2
171.29
171.3
171.02
171.02
171.27
171.26
171.19
171.07
171.08
171.07
171.1
171.2
171.23
171.23
171.24
171.17
171.15
171.23
171.21
171.27
171.27
171.29
171.29
171.29
171.28
171.3
171.31
171.29
171.27
171.26
171.36
171.34
171.37
171.36
171.27
171.26
171.17
171.16
171.31
171.31
171.12
171.16
171.37
171.39
171.36
171.35
171.37
171.33
171.36
171.31
171.31
171.43
171.43
171.42
171.44
171.2
171.22
171.24
171.24
171.38
171.38
171.36
171.4
171.42
171.37
171.38
171.38
171.38
171.41
171.42
171.41
171.42
171.43
171.4
171.48
171.48
171.49
171.52
171.52
171.45
171.46
171.44
171.44
171.46
171.46
171.41
171.42
171.44
171.44
171.44
171.43
171.63
171.6
171.6
171.55
171.55
171.45
171.46
171.49
171.48
171.61
171.61
171.57
171.56
171.54
171.54
171.51
171.6
171.6
171.52
171.51
171.61
171.61
171.64
171.64
171.61
171.64
171.52
171.53
171.59
171.6
171.6
171.49
171.52
171.61
171.62
171.58
171.59
171.62
171.62
171.48
171.49
171.7
171.71
171.6
171.59
171.57
171.58
171.56
171.56
171.6
171.64
171.64
171.68
171.68
171.78
171.77
171.74
171.74
171.83
171.84
171.68
171.7
171.69
171.7
171.68
171.65
171.68
171.71
171.71
171.71
171.72
171.66
171.69
171.54
171.55
171.67
171.68
171.81
171.65
171.66
171.73
171.72
171.68
171.7
171.7
171.7
171.81
171.81
171.85
171.85
171.76
171.76
171.76
171.86
171.84
171.78
171.78
171.81
171.81
171.84
171.84
171.81
171.81
171.88
171.88
171.89
171.88
171.85
171.85
171.95
171.95
171.93
171.98
171.97
171.95
171.94
171.91
171.92
171.85
171.86
171.83
171.85
171.91
171.9
171.84
171.82
171.85
171.85
171.88
171.89
171.74
171.76
171.75
171.91
171.93
171.91
171.91
171.94
171.93
171.92
171.9
171.98
171.96
171.99
171.99
171.99
172.02
172.01
171.96
171.98
171.85
171.86
171.98
171.95
172.06
172.06
172.15
172.17
172.04
172.06
172.06
172.05
172.05
172.03
172.06
172.0
172.0
171.94
171.92
172.12
172.13
172.08
172.07
172.05
172.08
172.08
172.06
172.07
172.07
172.08
172.14
172.16
172.15
172.15
172.08
172.09
172.0
171.96
172.12
172.11
172.11
172.16
172.17
172.22
172.22
172.05
172.05
172.15
172.14
172.17
172.17
172.1
172.12
172.15
172.16
172.13
172.22
172.22
172.2
172.21
172.22
172.25
172.25
172.26
172.26
172.25
172.25
172.24
172.08
172.08
172.17
172.19
172.15
172.25
172.25
172.13
172.15
172.23
172.24
172.18
172.18
172.19
172.18
172.24
172.24
172.37
172.38
172.29
172.29
172.22
172.23
172.36
172.24
172.25
172.37
172.34
172.32
172.31
172.31
172.28
172.25
172.24
172.33
172.32
172.4
172.4
172.21
172.23
172.32
172.34
172.3
172.31
172.54
172.31
172.3
172.37
172.39
172.28
172.29
172.33
172.33
172.36
172.39
172.46
172.47
172.28
172.28
172.39
172.39
172.49
172.48
172.26
172.3
172.31
172.31
172.31
172.47
172.48
172.34
172.35
172.39
172.42
172.36
172.34
172.53
172.53
172.55
172.55
172.52
172.47
172.46
172.48
172.47
172.38
172.37
172.37
172.35
172.53
172.53
172.44
172.42
172.51
172.51
172.57
172.57
172.53
172.53
172.54
172.58
172.56
172.58
172.58
172.62
172.61
172.53
172.53
172.49
172.49
172.57
172.57
172.47
172.48
172.53
172.54
172.59
172.53
172.56
172.47
172.48
172.67
172.67
172.54
172.56
172.53
172.53
172.59
172.58
172.57
172.57
172.67
172.67
172.47
172.71
172.72
172.63
172.64
172.61
172.61
172.72
172.72
172.6
172.61
172.67
172.64
172.6
172.61
172.67
172.67
172.62
172.62
172.62
172.69
172.69
172.78
172.78
172.6
172.6
172.76
172.75
172.67
172.67
172.67
172.66
172.65
172.67
172.67
172.67
172.67
172.68
172.68
172.69
172.69
172.82
172.76
172.76
172.67
172.67
172.77
172.78
172.73
172.73
172.69
172.69
172.77
172.78
172.76
172.77
172.71
172.71
172.69
172.85
172.86
172.85
172.85
172.69
172.7
172.78
172.8
172.85
172.85
172.85
172.86
172.75
172.75
172.71
172.77
172.75
172.91
172.9
172.86
172.88
172.85
172.85
172.85
172.85
172.81
172.83
172.87
172.88
172.85
173.09
173.1
172.98
173.0
172.93
172.91
172.85
172.84
172.88
172.89
172.76
172.77
172.77
172.77
172.95
172.99
172.87
172.83
172.84
172.93
172.92
172.95
172.94
172.98
172.98
172.84
172.85
172.89
172.9
172.94
172.96
172.94
172.93
172.99
173.01
173.01
172.97
172.98
173.02
173.02
172.91
172.91
172.93
172.92
172.92
172.93
172.97
172.98
172.92
172.93
172.93
172.93
172.93
173.17
173.16
173.0
173.0
173.01
173.01
172.93
172.93
172.91
172.93
172.94
172.95
172.96
172.95
173.03
172.95
172.95
173.07
173.07
173.0
173.01
173.05
173.09
172.96
172.97
173.1
173.11
173.11
173.11
173.15
173.03
173.04
173.13
173.11
173.19
173.18
173.17
173.18
173.1
173.12
172.99
172.99
173.02
173.03
173.11
173.15
173.09
173.09
173.13
173.08
173.07
173.16
173.16
173.06
173.05
173.22
173.21
173.13
173.13
173.12
173.12
173.08
173.08
173.14
173.14
173.13
173.29
173.27
173.2
173.19
173.13
173.15
173.19
173.2
173.18
173.2
173.19
173.21
173.27
173.28
173.16
173.17
173.15
173.22
173.22
173.18
173.17
173.19
173.19
173.17
173.16
173.33
173.33
173.13
173.19
173.19
173.32
173.31
173.21
173.23
173.25
173.24
173.29
173.3
173.35
173.37
173.35
173.35
173.33
173.32
173.31
173.26
173.25
173.28
173.27
173.39
173.38
173.23
173.22
173.39
173.39
173.33
173.34
173.34
173.35
173.3
173.32
173.41
173.41
173.34
173.29
173.3
173.26
173.23
173.26
173.26
173.36
173.36
173.4
173.39
173.32
173.31
173.33
173.36
173.64
173.64
173.44
173.39
173.39
173.38
173.38
173.38
173.38
173.39
173.4
173.43
173.44
173.43
173.42
173.42
173.43
173.44
173.43
173.45
173.5
173.51
173.42
173.43
173.41
173.41
173.53
173.53
173.53
173.52
173.39
173.38
173.37
173.39
173.41
173.49
173.5
173.51
173.5
173.5
173.47
173.4
173.4
173.65
173.63
173.45
173.47
173.41
173.42
173.4
173.45
173.49
173.49
173.47
173.56
173.58
173.52
173.53
173.52
173.51
173.51
173.52
173.57
173.58
173.55
173.57
173.52
173.57
173.56
173.57
173.57
173.6
173.62
173.44
173.44
173.56
173.57
173.56
173.56
173.54
173.53
173.78
173.79
173.61
173.62
173.61
173.62
173.62
173.68
173.68
173.62
173.64
173.67
173.67
173.68
173.68
173.76
173.77
173.55
173.54
173.59
173.71
173.7
173.73
173.72
173.72
173.76
173.68
173.68
173.67
173.67
173.73
173.74
173.7
173.69
173.7
173.71
173.62
173.61
173.78
173.68
173.67
173.79
173.77
173.75
173.74
173.7
173.69
173.79
173.77
173.81
173.81
173.7
173.7
173.67
173.69
173.81
173.83
173.81
173.75
173.74
173.79
173.81
173.78
173.76
173.72
173.68
173.77
173.78
173.66
173.64
173.73
173.73
173.75
173.75
173.74
173.76
173.75
173.83
173.86
173.77
173.77
173.86
173.89
173.88
173.9
173.78
173.75
173.74
173.75
173.81
173.81
173.81
173.81
173.9
173.83
173.82
173.79
173.79
173.87
173.87
173.83
173.83
173.79
173.79
173.83
173.81
173.83
173.83
173.78
173.75
173.84
173.82
173.75
173.93
173.91
173.85
173.86
173.79
173.81
173.9
173.93
173.92
173.94
173.97
173.99
173.87
173.88
173.85
173.84
173.88
173.89
173.95
173.88
173.9
173.85
173.85
174.03
174.04
173.88
173.87
173.92
173.94
173.91
173.92
173.99
173.98
173.86
173.95
173.95
173.98
173.98
174.0
174.0
174.02
174.01
173.96
173.96
173.95
173.93
174.09
174.08
173.91
173.92
174.01
173.94
173.93
173.88
173.89
174.0
173.97
173.99
173.97
173.92
173.94
173.94
173.91
173.94
173.94
174.0
174.02
174.03
174.04
174.04
173.91
173.9
173.98
174.0
173.9
173.91
173.96
173.97
174.09
174.07
174.09
174.01
174.01
173.94
173.93
173.93
173.96
174.1
174.09
174.02
174.01
173.91
173.92
174.03
174.05
174.04
174.16
174.13
174.1
174.09
174.03
174.03
174.05
174.06
174.04
174.04
174.03
174.03
174.11
174.11
174.04
174.04
174.05
174.05
174.04
174.05
174.04
174.07
174.09
173.92
173.91
174.11
174.12
174.11
174.02
174.0
174.15
174.15
174.09
174.06
174.05
174.05
174.05
174.04
174.16
174.15
174.17
174.13
174.11
174.02
174.02
174.05
174.05
174.21
174.21
174.0
174.0
174.19
174.2
174.03
174.03
174.05
174.06
174.04
174.03
174.04
174.06
174.07
174.26
174.25
174.06
174.06
174.14
174.15
174.18
174.17
174.14
174.13
174.11
174.12
174.11
174.11
174.09
174.09
174.12
174.23
174.23
174.13
174.1
174.1
174.12
174.11
174.1
174.09
174.09
174.16
174.18
174.07
174.06
174.28
174.3
174.19
174.19
174.25
174.24
174.26
174.22
174.22
174.23
174.24
174.13
174.12
174.23
174.24
174.23
174.24
174.18
174.16
174.24
174.23
174.14
174.16
174.25
174.26
174.15
174.16
174.15
174.24
174.24
174.11
174.09
174.14
174.15
174.12
174.16
174.23
174.24
174.17
174.19
174.17
174.17
174.12
174.09
174.18
174.18
174.14
174.29
174.28
174.25
174.25
174.12
174.14
174.16
174.16
174.15
174.16
174.25
174.26
174.09
174.08
174.29
174.29
174.18
174.17
174.23
174.24
174.1
174.16
174.16
174.16
174.14
174.1
174.11
174.12
174.12
174.12
174.12
174.29
174.29
174.14
174.14
174.23
174.25
174.22
174.11
174.13
174.13
174.12
174.25
174.25
174.3
174.31
174.32
174.31
174.26
174.25
174.26
174.28
174.29
174.29
174.31
174.3
174.3
174.19
174.21
174.24
174.25
174.24
174.26
174.26
174.26
174.21
174.2
174.36
174.36
174.29
174.29
174.3
174.21
174.19
174.32
174.31
174.3
174.3
174.22
174.23
174.35
174.35
174.27
174.26
174.33
174.36
174.08
174.34
174.35
174.26
174.28
174.33
174.3
174.37
174.38
174.35
174.36
174.31
174.32
174.33
174.32
174.33
174.34
174.26
174.36
174.37
174.39
174.39
174.35
174.35
174.25
174.26
174.34
174.34
174.34
174.33
174.41
174.4
174.37
174.38
174.67
174.38
174.38
174.26
174.28
174.33
174.34
174.23
174.23
174.41
174.41
174.35
174.35
174.39
174.39
174.28
174.26
174.3
174.3
174.33
174.32
174.35
174.32
174.32
174.39
174.39
174.46
174.48
174.32
174.33
174.38
174.38
174.42
174.42
174.33
174.32
174.32
174.32
174.39
174.4
174.48
174.36
174.36
174.34
174.32
174.39
174.39
174.29
174.3
174.31
174.3
174.38
174.37
174.42
174.46
174.46
174.47
174.48
174.42
174.41
174.45
174.44
174.42
174.4
174.39
174.39
174.5
174.51
174.55
174.55
174.5
174.51
174.45
174.49
174.5
174.52
174.5
174.57
174.58
174.56
174.57
174.56
174.55
174.52
174.51
174.55
174.55
174.51
174.51
174.46
174.45
174.47
174.47
174.44
174.51
174.52
174.48
174.45
174.46
174.45
174.66
174.68
174.61
174.6
174.52
174.53
174.53
174.51
174.52
174.52
174.53
174.54
174.53
174.51
174.57
174.55
174.56
174.54
174.53
174.48
174.46
174.6
174.6
174.5
174.5
174.49
174.48
174.56
174.57
174.51
174.52
174.57
174.56
174.67
174.53
174.53
174.62
174.61
174.65
174.66
174.71
174.69
174.58
174.59
174.73
174.72
174.62
174.63
174.7
174.69
174.56
174.6
174.53
174.57
174.55
174.78
174.79
174.69
174.7
174.65
174.68
174.56
174.56
174.68
174.67
174.62
174.63
174.61
174.6
174.61
174.62
174.71
174.68
174.67
174.81
174.81
174.78
174.79
174.77
174.78
174.65
174.65
174.76
174.76
174.64
174.66
174.82
174.84
174.73
174.73
174.75
174.76
174.89
174.89
174.89
175.06
175.04
174.73
174.73
174.74
174.75
174.63
174.61
174.74
174.73
174.67
174.68
174.69
174.68
174.75
174.77
174.65
174.63
174.7
174.68
174.68
174.77
174.77
174.83
174.82
174.85
174.87
174.73
174.72
174.72
174.7
174.74
174.74
174.85
174.88
174.77
174.76
174.87
174.84
174.85
174.87
174.89
174.74
174.74
174.73
174.73
174.77
174.79
174.82
174.82
174.81
174.83
174.88
174.88
174.73
174.83
174.83
174.87
174.87
174.71
174.68
174.82
174.85
174.77
174.77
174.9
174.9
174.75
174.79
174.87
174.87
174.86
174.84
174.85
174.87
174.88
174.81
174.81
174.85
174.85
174.84
174.85
174.79
174.76
174.86
174.86
174.86
174.86
174.83
174.86
174.9
174.9
174.9
174.91
174.81
174.88
174.89
174.9
174.91
174.91
174.91
174.93
174.94
174.9
174.9
174.91
174.91
175.06
175.06
174.93
174.94
174.86
174.87
175.08
175.1
174.86
174.84
174.93
174.91
174.93
174.86
174.87
174.93
174.96
174.9
174.93
174.92
174.92
174.99
175.0
174.96
174.82
174.81
174.96
174.96
175.01
175.0
175.01
175.02
174.97
174.97
174.92
174.9
175.06
175.08
174.94
174.92
174.96
174.98
174.98
174.96
174.96
174.96
174.98
175.07
175.06
174.94
174.96
175.02
175.03
174.94
174.94
175.11
175.13
175.07
175.04
175.04
175.07
174.99
175.04
175.05
175.09
175.09
174.96
174.98
174.94
174.93
175.01
175.0
175.11
175.11
175.03
175.03
175.02
175.03
175.06
175.05
175.05
175.06
175.06
174.97
174.97
175.04
175.05
175.14
175.15
175.12
175.12
175.06
175.05
175.2
175.2
175.07
174.92
174.92
175.12
175.14
175.14
175.14
175.09
175.1
175.14
175.12
175.05
175.04
175.05
175.05
175.03
175.04
175.23
175.22
175.14
175.14
175.09
175.08
175.17
175.17
175.14
175.09
175.1
175.18
175.18
175.18
175.19
175.24
175.21
175.24
175.23
175.04
175.05
175.13
175.17
175.17
175.16
175.11
175.25
175.26
175.15
175.16
175.17
175.19
175.18
175.18
175.1
175.1
175.13
175.12
175.21
175.22
175.27
175.26
175.16
175.17
175.11
175.1
175.14
175.17
175.23
175.29
175.3
175.18
175.17
175.31
175.31
175.2
175.21
175.18
175.19
175.21
175.19
175.4
175.38
175.33
175.34
175.21
175.21
175.21
175.18
175.2
175.17
175.17
175.31
175.31
175.31
175.31
175.33
175.35
175.12
175.12
175.3
175.33
175.28
175.26
175.22
175.24
175.37
175.37
175.25
175.31
175.29
175.29
175.32
175.31
175.32
175.3
175.3
175.37
175.38
175.25
175.27
175.37
175.38
175.38
175.28
175.25
175.25
175.25
175.4
175.4
175.32
175.31
175.26
175.26
175.31
175.32
175.34
175.36
175.41
175.4
175.27
175.27
175.35
175.38
175.21
175.22
175.4
175.3
175.28
175.3
175.28
175.44
175.43
175.39
175.37
175.31
175.34
175.44
175.44
175.39
175.4
175.4
175.38
175.54
175.54
175.27
175.27
175.28
175.41
175.41
175.46
175.45
175.37
175.37
175.45
175.45
175.31
175.35
175.39
175.38
175.39
175.4
175.44
175.45
175.42
175.44
175.48
175.5
175.41
175.39
175.38
175.35
175.35
175.39
175.39
175.37
175.39
175.39
175.4
175.43
175.42
175.51
175.5
175.49
175.49
175.43
175.45
175.39
175.47
175.48
175.48
175.48
175.42
175.45
175.4
175.39
175.5
175.5
175.4
175.4
175.42
175.42
175.45
175.46
175.46
175.38
175.39
175.48
175.47
175.49
175.5
175.39
175.4
175.48
175.49
175.56
175.56
175.43
175.43
175.46
175.48
175.46
175.46
175.49
175.76
175.76
175.57
175.58
175.38
175.4
175.4
175.41
175.7
175.69
175.51
175.51
175.54
175.53
175.56
175.56
175.55
175.55
175.64
175.62
175.54
175.54
175.44
175.44
175.6
175.6
175.59
175.43
175.43
175.53
175.52
175.57
175.56
175.5
175.51
175.53
175.52
175.52
175.52
175.66
175.67
175.49
175.49
175.69
175.71
175.52
175.59
175.59
175.57
175.58
175.6
175.61
175.52
175.53
175.58
175.58
175.52
175.52
175.54
175.54
175.52
175.52
175.67
175.67
175.52
175.53
175.52
175.56
175.56
175.59
175.59
175.58
175.58
175.65
175.64
175.58
175.61
175.68
175.68
175.65
175.62
175.56
175.48
175.48
175.7
175.68
175.57
175.58
175.68
175.68
175.69
175.7
175.65
175.65
175.56
175.55
175.53
175.51
175.53
175.54
175.58
175.77
175.76
175.62
175.63
175.69
175.68
175.68
175.69
175.64
175.64
175.53
175.52
175.63
175.63
175.76
175.76
175.68
175.68
175.77
175.64
175.64
175.66
175.66
175.6
175.61
175.7
175.68
175.69
175.66
175.73
175.72
175.77
175.76
175.72
175.72
175.73
175.62
175.64
175.71
175.71
175.69
175.68
175.71
175.71
175.74
175.74
175.78
175.76
175.55
175.54
175.54
175.74
175.75
175.75
175.75
175.66
175.65
175.67
175.67
175.72
175.72
175.67
175.7
175.74
175.73
175.77
175.79
175.87
175.87
175.52
175.53
175.85
175.87
175.74
175.71
175.69
175.85
175.85
175.67
175.67
175.72
175.72
175.81
175.81
175.67
175.82
175.81
175.81
175.82
175.82
175.83
175.83
175.81
175.68
175.7
175.77
175.76
175.84
175.82
175.79
175.8
175.79
175.69
175.69
175.92
175.87
175.7
175.72
175.79
175.79
175.78
175.77
175.79
175.78
175.82
175.83
175.81
175.83
175.83
175.83
175.8
175.81
175.85
175.85
175.76
175.76
175.76
175.74
175.71
175.76
175.75
175.93
175.93
175.67
175.69
175.77
175.77
175.84
175.85
175.79
175.79
175.77
175.77
175.87
175.88
175.88
175.78
175.77
175.91
175.91
175.75
175.75
175.81
175.81
175.84
175.85
175.79
175.77
175.83
175.84
175.8
175.83
175.99
175.99
175.99
176.0
175.77
175.77
175.82
175.83
175.98
175.81
175.81
175.75
175.75
175.9
175.89
175.72
175.7
175.8
175.81
175.79
175.8
175.77
175.77
175.86
175.87
175.88
175.89
175.84
175.85
175.86
175.86
175.86
175.87
175.89
175.89
175.86
175.78
175.79
175.86
175.87
175.79
175.81
175.91
175.9
175.92
175.91
175.88
175.92
175.93
175.92
175.9
175.89
175.93
175.91
175.9
175.93
175.92
175.98
175.98
175.98
175.98
175.81
175.8
175.99
175.83
175.82
175.93
175.89
175.87
175.88
175.9
175.91
175.9
175.89
175.98
175.98
175.97
175.96
175.99
175.96
175.9
175.9
175.88
175.85
175.86
175.95
175.93
175.8
175.81
175.92
175.89
175.93
175.95
175.95
175.93
175.82
175.83
176.05
176.06
175.94
175.96
175.98
175.99
176.0
175.92
175.92
175.95
175.95
175.96
175.98
176.01
176.04
176.15
176.14
175.95
175.95
175.99
176.01
176.02
176.03
176.05
176.03
175.96
175.95
175.98
175.91
175.88
175.97
175.97
176.01
176.03
175.98
175.98
175.99
175.99
175.99
175.98
175.96
175.98
175.9
175.9
175.91
175.99
175.99
176.06
176.07
176.08
176.09
176.13
176.13
176.09
176.09
176.08
176.09
176.01
175.99
175.96
175.96
175.97
176.04
176.06
176.03
176.03
175.95
175.98
175.99
175.99
175.99
176.01
176.09
176.09
176.1
176.09
176.0
175.99
175.94
175.94
175.92
175.96
175.98
175.99
175.98
175.93
175.94
175.93
175.89
176.03
176.02
176.01
176.01
176.03
176.05
175.89
175.89
175.97
175.96
176.02
176.02
176.03
175.83
175.82
176.03
176.02
176.03
176.03
176.04
176.03
175.99
175.99
175.92
175.92
176.05
176.06
176.04
176.05
175.96
175.95
176.08
176.06
176.05
176.04
176.05
176.08
176.06
175.98
175.98
175.96
175.95
176.2
176.19
176.02
176.0
176.02
176.02
176.03
176.03
176.09
176.12
176.0
175.97
175.97
176.07
176.08
176.02
176.02
176.04
176.03
175.93
175.9
175.93
175.93
176.16
176.14
175.96
175.99
176.04
176.04
176.15
176.17
176.13
176.14
176.18
175.94
175.97
176.28
176.27
176.15
176.14
176.12
176.14
176.03
176.04
176.03
176.04
176.1
176.1
176.08
176.09
176.01
176.0
176.02
176.13
176.12
176.21
176.23
176.1
176.09
176.08
176.06
176.05
176.05
176.09
176.11
176.04
176.05
176.2
176.21
176.11
176.09
176.04
176.06
176.03
176.03
176.03
176.15
176.17
175.98
175.99
176.2
176.2
176.23
176.22
176.17
176.15
176.05
176.06
176.14
176.13
176.17
176.17
176.15
176.12
176.05
176.04
176.12
176.09
176.09
176.24
176.21
176.03
176.03
176.17
176.18
176.02
176.02
176.06
176.09
176.09
176.09
176.09
176.13
176.14
176.15
176.17
176.15
176.19
176.12
176.13
176.18
176.15
176.29
176.3
176.18
176.2
176.18
176.2
176.09
176.1
176.0
176.03
176.17
176.18
176.05
176.07
176.12
176.12
176.2
176.2
176.19
176.21
176.21
176.19
176.19
176.12
176.15
176.1
176.11
176.15
176.15
176.09
176.08
176.17
176.18
176.2
176.24
176.15
176.14
176.14
176.21
176.23
176.17
176.18
176.06
176.02
176.22
176.21
176.27
176.26
176.25
176.27
176.16
176.18
176.26
176.28
176.27
176.28
176.12
176.15
176.21
176.21
176.22
176.11
176.11
176.11
176.11
176.11
176.1
176.27
176.25
176.18
176.17
176.15
176.13
176.06
176.07
176.19
176.19
176.2
176.22
176.2
176.28
176.27
176.19
176.19
176.19
176.18
176.19
176.19
176.18
176.16
176.17
176.19
176.21
176.23
176.24
176.19
176.22
176.29
176.31
176.3
176.3
176.17
176.18
176.18
176.18
176.15
176.16
176.2
176.2
176.27
176.27
176.24
176.21
176.18
176.29
176.29
176.29
176.3
176.21
176.21
176.22
176.22
176.25
176.24
176.22
176.23
176.16
176.16
176.17
176.17
176.13
176.27
176.27
176.19
176.19
176.16
176.17
176.23
176.24
176.4
176.42
176.41
176.41
176.2
176.2
176.34
176.33
176.19
176.28
176.28
176.24
176.24
176.26
176.25
176.26
176.24
176.08
176.11
176.22
176.21
176.29
176.29
176.19
176.2
176.31
176.31
176.2
176.2
176.16
176.2
176.2
176.19
176.2
176.17
176.16
176.22
176.22
176.18
176.18
176.16
176.16
176.15
176.14
176.09
176.1
176.2
176.21
176.2
176.22
176.22
176.24
176.25
176.27
176.27
176.32
176.33
176.13
176.13
176.26
176.26
176.09
176.09
176.26
176.25
176.31
176.31
176.24
176.25
176.25
176.29
176.29
176.17
176.16
176.23
176.22
176.13
176.13
176.26
176.27
176.27
176.27
176.25
176.24
176.32
176.33
176.22
176.17
176.16
176.22
176.25
176.31
176.31
176.25
176.23
176.27
176.28
176.26
176.23
176.28
176.3
176.15
176.15
176.21
176.22
176.24
176.26
176.25
176.22
176.21
176.32
176.32
176.34
176.33
176.2
176.2
176.25
176.25
176.27
176.27
176.3
176.23
176.23
176.26
176.26
176.23
176.24
176.33
176.33
176.22
176.22
176.27
176.26
176.25
176.24
176.36
176.35
176.35
176.36
176.38
176.35
176.29
176.29
176.22
176.34
176.33
176.25
176.25
176.31
176.33
176.31
176.3
176.22
176.23
176.3
176.29
176.25
176.26
176.3
176.3
176.32
176.33
176.29
176.31
176.35
176.36
176.39
176.24
176.25
176.24
176.25
176.29
176.28
176.4
176.4
176.32
176.3
176.32
176.34
176.42
176.43
176.44
176.43
176.26
176.31
176.33
176.31
176.33
176.41
176.42
176.31
176.32
176.32
176.32
176.45
176.45
176.24
176.25
176.3
176.31
176.36
176.37
176.25
176.27
176.23
176.3
176.31
176.31
176.33
176.29
176.29
176.35
176.32
176.32
176.34
176.35
176.33
176.35
176.36
176.34
176.33
176.35
176.31
176.32
176.34
176.33
176.35
176.34
176.34
176.35
176.37
176.37
176.35
176.35
176.39
176.35
176.34
176.33
176.34
176.44
176.43
176.45
176.46
176.38
176.38
176.23
176.27
176.39
176.38
176.37
176.38
176.34
176.39
176.37
176.46
176.46
176.38
176.37
176.39
176.39
176.47
176.48
176.4
176.39
176.43
176.44
176.45
176.4
176.4
176.3
176.29
176.43
176.44
176.33
176.33
176.36
176.36
176.38
176.37
176.65
176.64
176.42
176.44
176.39
176.49
176.47
176.51
176.49
176.36
176.35
176.5
176.49
176.52
176.5
176.39
176.38
176.52
176.37
176.39
176.4
176.4
176.4
176.4
176.44
176.41
176.56
176.55
176.44
176.45
176.4
176.39
176.42
176.45
176.32
176.42
176.4
176.37
176.36
176.48
176.48
176.38
176.37
176.45
176.45
176.44
176.47
176.43
176.42
176.47
176.48
176.48
176.47
176.47
176.44
176.44
176.45
176.44
176.42
176.41
176.46
176.45
176.49
176.48
176.45
176.48
176.46
176.48
176.49
176.46
176.46
176.39
176.4
176.34
176.35
176.4
176.39
176.51
176.53
176.39
176.38
176.35
176.39
176.39
176.37
176.36
176.48
176.46
176.44
176.41
176.43
176.44
176.47
176.47
176.43
176.46
176.41
176.41
176.43
176.4
176.4
176.42
176.41
176.34
176.34
176.48
176.47
176.43
176.42
176.43
176.43
176.54
176.52
176.36
176.42
176.45
176.5
176.5
176.43
176.42
176.39
176.42
176.48
176.5
176.3
176.3
176.4
176.37
176.39
176.33
176.33
176.42
176.43
176.31
176.32
176.36
176.35
176.45
176.45
176.5
176.54
176.7
176.71
176.31
176.44
176.43
176.42
176.41
176.41
176.43
176.39
176.38
176.41
176.42
176.36
176.36
176.37
176.38
176.44
176.55
176.55
176.41
176.42
176.44
176.45
176.42
176.42
176.35
176.34
176.48
176.48
176.31
176.32
176.29
176.44
176.43
176.43
176.46
176.52
176.53
176.44
176.43
176.4
176.4
176.35
176.35
176.39
176.49
176.48
176.37
176.35
176.39
176.36
176.47
176.48
176.39
176.39
176.4
176.39
176.38
176.39
176.41
176.41
176.41
176.36
176.36
176.39
176.43
176.39
176.42
176.44
176.44
176.43
176.43
176.36
176.34
176.52
176.52
176.33
176.35
176.36
176.36
176.52
176.45
176.46
176.39
176.4
176.41
176.41
176.33
176.35
176.38
176.39
176.37
176.4
176.39
176.4
176.42
176.44
176.32
176.43
176.45
176.42
176.41
176.42
176.42
176.37
176.38
176.41
176.41
176.48
176.5
176.35
176.44
176.44
176.4
176.39
176.38
176.4
176.31
176.34
176.34
176.32
176.47
176.43
176.42
176.43
176.42
176.42
176.41
176.5
176.47
176.48
176.48
176.46
176.47
176.28
176.26
176.38
176.36
176.42
176.39
176.42
176.41
176.35
176.34
176.49
176.48
176.47
176.35
176.34
176.28
176.29
176.44
176.41
176.42
176.41
176.42
176.4
176.35
176.35
176.47
176.43
176.44
176.44
176.43
176.3
176.28
176.4
176.43
176.45
176.47
176.36
176.38
176.38
176.39
176.43
176.44
176.38
176.39
176.43
176.39
176.36
176.2
176.2
176.37
176.37
176.52
176.51
176.52
176.53
176.47
176.43
176.53
176.36
176.36
176.44
176.45
176.38
176.4
176.47
176.46
176.43
176.41
176.43
176.42
176.47
176.47
176.43
176.43
176.48
176.48
176.49
176.44
176.42
176.47
176.47
176.42
176.43
176.36
176.36
176.52
176.53
176.53
176.54
176.52
176.5
176.45
176.44
176.49
176.37
176.36
176.35
176.37
176.62
176.62
176.5
176.5
176.43
176.45
176.51
176.51
176.51
176.54
176.53
176.55
176.51
176.5
176.39
176.47
176.47
176.38
176.39
176.37
176.36
176.39
176.39
176.36
176.39
176.43
176.43
176.5
176.5
176.36
176.36
176.33
176.36
176.49
176.5
176.49
176.49
176.48
176.43
176.45
176.45
176.45
176.47
176.46
176.47
176.46
176.47
176.47
176.41
176.42
176.47
176.43
176.42
176.58
176.58
176.58
176.57
176.45
176.47
176.46
176.47
176.53
176.51
176.39
176.39
176.39
176.39
176.55
176.33
176.32
176.49
176.48
176.45
176.46
176.46
176.45
176.47
176.48
176.44
176.43
176.42
176.43
176.45
176.43
176.51
176.51
176.51
176.46
176.48
176.52
176.52
176.44
176.43
176.4
176.4
176.56
176.56
176.46
176.47
176.37
176.37
176.42
176.43
176.33
176.31
176.41
176.41
176.32
176.38
176.39
176.36
176.37
176.42
176.4
176.38
176.38
176.39
176.4
176.35
176.35
176.46
176.46
176.33
176.33
176.28
176.28
176.42
176.41
176.5
176.51
176.5
176.35
176.38
176.33
176.32
176.45
176.45
176.4
176.42
176.38
176.37
176.36
176.36
176.43
176.45
176.43
176.42
176.23
176.34
176.32
176.29
176.31
176.19
176.17
176.35
176.37
176.36
176.36
176.35
176.35
176.44
176.45
176.45
176.45
176.31
176.32
176.3
176.3
176.27
176.32
176.32
176.31
176.31
176.39
176.4
176.47
176.47
176.41
176.41
176.46
176.44
176.28
176.29
176.24
176.24
176.29
176.29
176.39
176.38
176.25
176.26
176.32
176.33
176.32
176.38
176.4
176.33
176.33
176.38
176.36
176.35
176.37
176.25
176.27
176.41
176.39
176.32
176.33
176.31
176.32
176.37
176.36
176.29
176.28
176.28
176.29
176.29
176.37
176.39
176.24
176.24
176.24
176.27
176.27
176.27
176.3
176.3
176.32
176.33
176.32
176.3
176.35
176.36
176.39
176.38
176.38
176.25
176.28
176.33
176.33
176.4
176.41
176.39
176.39
176.3
176.31
176.25
176.25
176.36
176.37
176.35
176.36
176.27
176.26
176.37
176.34
176.34
176.26
176.24
176.4
176.4
176.36
176.36
176.3
176.29
176.29
176.29
176.32
176.3
176.35
176.33
176.37
176.38
176.23
176.26
176.45
176.45
176.38
176.37
176.31
176.36
176.36
176.28
176.28
176.37
176.37
176.22
176.22
176.33
176.31
176.33
176.33
176.36
176.35
176.24
176.25
176.36
176.36
176.38
176.39
176.42
176.44
176.32
176.3
176.3
176.37
176.38
176.33
176.33
176.27
176.28
176.39
176.38
176.28
176.29
176.32
176.33
176.33
176.42
176.4
176.35
176.35
176.35
176.36
176.39
176.4
176.4
176.41
176.47
176.45
176.4
176.42
176.5
176.49
176.43
176.43
176.34
176.35
176.33
176.42
176.43
176.38
176.37
176.36
176.37
176.29
176.3
176.49
176.48
176.39
176.39
176.32
176.3
176.35
176.36
176.44
176.45
176.31
176.46
176.47
176.38
176.4
176.4
176.38
176.45
176.45
176.43
176.43
176.43
176.43
176.35
176.34
176.35
176.35
176.53
176.53
176.35
176.35
176.4
176.35
176.36
176.33
176.33
176.52
176.5
176.47
176.47
176.45
176.44
176.42
176.42
176.45
176.48
176.48
176.47
176.41
176.41
176.45
176.44
176.52
176.51
176.51
176.53
176.33
176.51
176.53
176.46
176.46
176.38
176.37
176.38
176.38
176.4
176.4
176.58
176.58
176.43
176.42
176.5
176.52
176.57
176.57
176.39
176.38
176.45
176.48
176.43
176.47
176.46
176.3
176.3
176.39
176.39
176.46
176.47
176.5
176.49
176.4
176.39
176.53
176.53
176.4
176.39
176.39
176.42
176.43
176.43
176.42
176.5
176.51
176.38
176.38
176.46
176.5
176.45
176.45
176.38
176.38
176.49
176.46
176.56
176.42
176.44
176.42
176.43
176.54
176.54
176.45
176.45
176.46
176.45
176.42
176.42
176.36
176.39
176.38
176.37
176.53
176.52
176.53
176.51
176.51
176.58
176.58
176.52
176.48
176.47
176.5
176.51
176.52
176.45
176.46
176.57
176.58
176.49
176.5
176.47
176.45
176.48
176.48
176.38
176.38
176.64
176.49
176.49
176.57
176.57
176.57
176.58
176.49
176.51
176.45
176.44
176.45
176.46
176.45
176.46
176.44
176.45
176.62
176.62
176.5
176.5
176.57
176.56
176.53
176.51
176.52
176.45
176.44
176.54
176.53
176.58
176.56
176.5
176.5
176.59
176.57
176.6
176.57
176.5
176.52
176.56
176.56
176.59
176.59
176.51
176.51
176.6
176.61
176.59
176.63
176.64
176.55
176.56
176.5
176.51
176.48
176.48
176.49
176.49
176.57
176.57
176.58
176.6
176.53
176.57
176.66
176.63
176.63
176.6
176.61
176.61
176.59
176.43
176.46
176.75
176.76
176.56
176.57
176.52
176.53
176.55
176.58
176.52
176.6
176.6
176.48
176.5
176.55
176.56
176.53
176.57
176.74
176.74
176.68
176.67
176.53
176.53
176.58
176.57
176.68
176.67
176.53
176.52
176.65
176.57
176.57
176.54
176.54
176.54
176.51
176.55
176.54
176.57
176.59
176.57
176.6
176.63
176.62
176.63
176.63
176.58
176.6
176.66
176.66
176.66
176.67
176.59
176.56
176.51
176.74
176.74
176.62
176.63
176.61
176.63
176.62
176.61
176.67
176.62
176.75
176.74
176.63
176.62
176.6
176.63
176.59
176.6
176.6
176.67
176.69
176.63
176.64
176.69
176.69
176.53
176.56
176.59
176.61
176.6
176.61
176.61
176.61
176.62
176.59
176.63
176.62
176.67
176.66
176.54
176.57
176.67
176.71
176.7
176.77
176.79
176.66
176.66
176.66
176.63
176.64
176.64
176.63
176.63
176.65
176.62
176.69
176.66
176.62
176.61
176.6
176.72
176.72
176.7
176.69
176.64
176.66
176.66
176.62
176.6
176.6
176.71
176.66
176.57
176.56
176.65
176.64
176.65
176.66
176.67
176.62
176.64
176.74
176.77
176.74
176.74
176.74
176.78
176.74
176.75
176.59
176.63
176.67
176.61
176.63
176.7
176.7
176.68
176.68
176.67
176.63
176.63
176.61
176.63
176.61
176.62
176.61
176.74
176.62
176.6
176.74
176.73
176.62
176.63
176.8
176.8
176.65
176.65
176.64
176.64
176.64
176.65
176.62
176.63
176.63
176.62
176.66
176.57
176.57
176.67
176.69
176.69
176.7
176.75
176.75
176.73
176.71
176.71
176.71
176.61
176.61
176.72
176.76
176.87
176.87
176.57
176.65
176.68
176.74
176.75
176.7
176.75
176.77
176.77
176.76
176.81
176.64
176.66
176.69
176.67
176.68
176.69
176.74
176.72
176.74
176.71
176.73
176.71
176.69
176.63
176.63
176.66
176.66
176.72
176.71
176.7
176.67
176.56
176.57
176.66
176.65
176.63
176.6
176.6
176.67
176.66
176.68
176.68
176.71
176.68
176.55
176.55
176.65
176.66
176.63
176.64
176.63
176.61
176.61
176.64
176.63
176.54
176.53
176.62
176.64
176.66
176.66
176.72
176.73
176.7
176.7
176.68
176.61
176.61
176.55
176.55
176.64
176.66
176.67
176.68
176.82
176.81
176.83
176.83
176.62
176.59
176.59
176.76
176.76
176.74
176.74
176.54
176.54
176.7
176.69
176.73
176.74
176.68
176.65
176.66
176.65
176.64
176.6
176.6
176.68
176.69
176.62
176.63
176.65
176.67
176.67
176.67
176.65
176.68
176.68
176.72
176.71
176.57
176.58
176.64
176.65
176.62
176.61
176.58
176.61
176.72
176.71
176.62
176.61
176.64
176.63
176.68
176.64
176.63
176.77
176.77
176.63
176.64
176.71
176.73
176.6
176.62
176.68
176.69
176.75
176.75
176.68
176.64
176.79
176.77
176.68
176.61
176.64
176.64
176.64
176.77
176.77
176.73
176.72
176.66
176.66
176.71
176.73
176.67
176.69
176.59
176.57
176.58
176.74
176.76
176.66
176.64
176.63
176.64
176.59
176.59
176.67
176.63
176.64
176.64
176.69
176.69
176.57
176.57
176.98
176.98
176.67
176.63
176.68
176.58
176.56
176.69
176.69
176.81
176.81
176.62
176.63
176.54
176.53
176.71
176.71
176.71
176.65
176.64
176.67
176.7
176.64
176.65
176.7
176.7
176.69
176.7
176.64
176.64
176.74
176.74
176.56
176.54
176.55
176.73
176.72
176.7
176.7
176.62
176.62
176.52
176.53
176.68
176.68
176.65
176.65
176.48
176.68
176.7
176.81
176.81
176.58
176.6
176.74
176.75
176.73
176.73
176.77
176.77
176.76
176.74
176.68
176.76
176.76
177.03
177.03
176.72
176.73
176.7
176.73
176.79
176.8
176.8
176.79
176.71
176.73
176.75
176.67
176.65
176.88
176.89
176.9
176.87
176.71
176.74
176.77
176.78
176.65
176.63
176.72
176.73
176.79
176.8
176.67
176.65
176.8
176.69
176.7
176.63
176.63
176.79
176.77
176.86
176.86
176.6
176.59
176.77
176.76
176.67
176.67
176.72
176.72
176.64
176.71
176.72
176.69
176.7
176.66
176.66
176.69
176.67
176.72
176.71
176.7
176.7
176.62
176.66
176.65
176.65
176.64
176.63
176.64
176.72
176.71
176.66
176.66
176.6
176.6
176.7
176.7
176.76
176.76
176.76
176.76
176.77
176.65
176.69
176.65
176.65
176.61
176.63
176.71
176.69
176.7
176.7
176.72
176.74
176.79
176.79
176.76
176.62
176.63
176.71
176.72
176.78
176.78
176.81
176.8
176.69
176.69
176.67
176.68
176.67
176.73
176.72
176.74
176.74
176.62
176.59
176.72
176.73
176.81
176.83
176.76
176.73
176.73
176.76
176.77
176.61
176.62
176.86
176.83
176.63
176.63
176.68
176.68
176.77
176.79
176.61
176.75
176.73
176.76
176.77
176.77
176.76
176.69
176.7
176.73
176.69
176.7
176.69
176.69
176.69
176.63
176.63
176.62
176.61
176.63
176.74
176.74
176.67
176.67
176.79
176.8
176.76
176.76
176.62
176.63
176.71
176.71
176.69
176.8
176.78
176.75
176.76
176.74
176.75
176.75
176.76
176.76
176.76
176.71
176.71
176.7
176.66
176.67
176.66
176.66
176.91
176.88
176.78
176.77
176.73
176.73
176.73
176.74
176.78
176.57
176.56
176.71
176.71
176.67
176.67
176.69
176.72
176.71
176.71
176.7
176.68
176.67
176.69
176.69
176.69
176.82
176.78
176.77
176.62
176.66
176.75
176.76
176.62
176.62
176.63
176.62
176.73
176.75
176.62
176.65
176.69
176.76
176.73
176.68
176.68
176.69
176.7
176.8
176.81
176.74
176.73
176.74
176.75
176.74
176.74
176.71
176.72
176.76
176.75
176.8
176.73
176.74
176.73
176.74
176.78
176.79
176.7
176.71
176.72
176.7
176.73
176.74
176.77
176.75
176.62
176.82
176.81
176.79
176.79
176.74
176.75
176.74
176.73
176.71
176.73
176.64
176.62
176.83
176.66
176.62
176.69
176.67
176.78
176.77
176.66
176.69
176.76
176.77
176.76
176.77
176.77
176.74
176.82
176.81
176.81
176.64
176.63
176.77
176.76
176.71
176.73
176.69
176.68
176.8
176.8
176.74
176.69
176.73
176.73
176.81
176.79
176.78
176.78
176.8
176.75
176.74
176.69
176.69
176.66
176.63
176.67
176.66
176.7
176.71
176.67
176.66
176.67
176.74
176.74
176.8
176.8
176.73
176.74
176.74
176.73
176.69
176.7
176.85
176.84
176.78
176.79
176.75
176.77
176.72
176.85
176.86
176.76
176.73
176.86
176.87
176.66
176.66
176.77
176.77
176.68
176.77
176.77
176.7
176.7
176.78
176.77
176.8
176.8
176.78
176.76
176.8
176.8
176.68
176.68
176.69
176.73
176.73
176.67
176.69
176.82
176.83
176.77
176.74
176.77
176.77
176.64
176.67
176.76
176.74
176.86
176.6
176.6
176.84
176.84
176.74
176.72
176.79
176.79
176.63
176.64
176.75
176.75
176.78
176.78
176.86
176.84
176.79
176.8
176.76
176.76
176.88
176.8
176.76
176.77
176.81
176.88
176.89
176.74
176.74
176.79
176.78
176.85
176.85
176.83
176.84
176.85
176.85
176.75
176.67
176.7
176.65
176.65
176.73
176.75
176.65
176.65
176.88
176.84
176.77
176.76
176.76
176.77
176.83
176.86
176.86
176.78
176.79
176.68
176.7
176.77
176.76
176.76
176.77
176.81
176.79
176.65
176.65
176.77
176.77
176.76
176.76
176.74
176.66
176.65
176.77
176.8
176.83
176.83
176.67
176.7
176.7
176.71
176.77
176.77
176.71
176.81
176.8
176.8
176.81
176.69
176.69
176.64
176.62
176.66
176.66
176.78
176.81
176.73
176.71
176.83
176.69
176.73
176.68
176.67
176.77
176.76
176.76
176.78
176.7
176.71
176.63
176.64
176.69
176.69
176.74
176.78
176.75
176.75
176.9
176.69
176.65
176.62
176.63
176.8
176.79
176.71
176.67
176.66
176.66
176.67
176.66
176.81
176.8
176.72
176.79
176.76
176.77
176.77
176.73
176.7
176.6
176.6
176.77
176.76
176.72
176.71
176.72
176.72
176.51
176.53
176.87
176.87
176.67
176.62
176.65
176.71
176.72
176.77
176.79
176.79
176.79
176.68
176.67
176.71
176.7
176.71
176.7
176.71
176.69
176.7
176.69
176.67
176.63
176.62
176.8
176.8
176.67
176.69
176.69
176.7
176.59
176.58
176.58
176.58
176.56
176.64
176.67
176.67
176.65
176.65
176.64
176.82
176.83
176.66
176.67
176.71
176.73
176.74
176.74
176.67
176.64
176.8
176.79
176.66
176.67
176.8
176.71
176.7
176.7
176.69
176.65
176.65
176.66
176.65
176.77
176.76
176.68
176.67
176.66
176.66
176.69
176.73
176.71
176.65
176.66
176.76
176.76
176.64
176.65
176.77
176.77
176.85
176.88
176.77
176.77
176.76
176.79
176.82
176.82
176.61
176.61
176.69
176.68
176.69
176.73
176.73
176.71
176.71
176.63
176.64
176.73
176.7
176.73
176.72
176.78
176.77
176.64
176.67
176.79
176.77
176.76
176.66
176.68
176.72
176.7
176.74
176.72
176.87
176.85
176.86
176.86
176.83
176.83
177.04
177.04
176.72
176.76
176.72
176.74
176.73
176.73
176.73
176.72
176.73
176.74
176.74
176.76
176.73
176.71
176.7
176.74
176.71
176.71
176.71
176.71
176.76
176.73
176.74
176.73
176.66
176.67
176.73
176.71
176.69
176.67
176.77
176.78
176.77
176.79
176.73
176.73
176.67
176.65
176.68
176.8
176.81
176.73
176.76
176.74
176.74
176.76
176.73
176.8
176.8
176.7
176.67
176.72
176.72
176.64
176.79
176.79
176.72
176.72
176.66
176.64
176.66
176.67
176.63
176.62
176.72
176.75
176.74
176.74
176.81
176.79
176.73
176.69
176.71
176.76
176.78
176.73
176.74
176.75
176.76
176.7
176.73
176.72
176.72
176.76
176.77
176.7
176.75
176.74
176.76
176.79
176.68
176.69
176.6
176.63
176.69
176.71
176.64
176.64
176.71
176.71
176.76
176.73
176.73
176.72
176.73
176.67
176.69
176.75
176.76
176.76
176.77
176.7
176.73
176.72
176.73
176.74
176.75
176.73
176.73
176.74
176.64
176.64
176.74
176.74
176.76
176.78
176.74
176.74
176.72
176.68
176.7
176.72
176.7
176.85
176.85
176.84
176.85
176.67
176.66
176.79
176.8
176.76
176.76
176.73
176.73
176.77
176.78
176.78
176.79
176.78
176.77
176.76
176.76
176.78
176.75
176.76
176.68
176.69
176.78
176.77
176.82
176.8
176.69
176.71
176.84
176.83
176.77
176.59
176.59
176.69
176.67
176.75
176.75
176.82
176.83
176.74
176.75
176.65
176.66
176.66
176.66
176.72
176.71
176.77
176.84
176.84
176.77
176.78
176.86
176.85
176.83
176.83
176.74
176.74
176.76
176.76
176.75
176.76
176.64
176.63
176.74
176.63
176.64
176.73
176.72
176.69
176.69
176.73
176.71
176.65
176.66
176.7
176.68
176.77
176.76
176.77
176.76
176.8
176.79
176.79
176.7
176.7
176.77
176.76
176.72
176.74
176.66
176.67
176.62
176.63
176.78
176.77
176.73
176.69
176.69
176.71
176.74
176.66
176.65
176.77
176.77
176.7
176.72
176.73
176.75
176.76
176.76
176.81
176.83
176.64
176.63
176.66
176.7
176.69
176.77
176.78
176.62
176.6
176.74
176.74
176.71
176.72
176.6
176.58
176.62
176.62
176.77
176.77
176.66
176.58
176.55
176.85
176.84
176.57
176.58
176.66
176.66
176.72
176.72
176.7
176.69
176.76
176.73
176.72
176.64
176.63
176.67
176.67
176.74
176.74
176.74
176.75
176.58
176.59
176.62
176.61
176.63
176.62
176.61
176.6
176.69
176.72
176.7
176.66
176.67
176.73
176.72
176.68
176.7
176.7
176.71
176.69
176.69
176.62
176.62
176.75
176.76
176.65
176.67
176.67
176.67
176.62
176.63
176.6
176.59
176.66
176.67
176.56
176.51
176.52
176.61
176.6
176.64
176.64
176.6
176.6
176.73
176.72
176.71
176.71
176.73
176.71
176.67
176.7
176.68
176.74
176.74
176.74
176.74
176.69
176.67
176.73
176.73
176.68
176.67
176.63
176.64
176.71
176.7
176.71
176.71
176.71
176.7
176.71
176.67
176.67
176.66
176.67
176.62
176.63
176.71
176.69
176.68
176.71
176.74
176.77
176.72
176.73
176.67
176.67
176.7
176.7
176.6
176.6
176.7
176.65
176.66
176.57
176.57
176.55
176.56
176.69
176.67
176.71
176.7
176.71
176.71
176.64
176.64
176.6
176.63
176.65
176.64
176.68
176.67
176.68
176.56
176.51
176.64
176.65
176.69
176.68
176.74
176.76
176.63
176.67
176.67
176.67
176.64
176.64
176.46
176.45
176.59
176.58
176.59
176.59
176.61
176.62
176.63
176.78
176.77
176.67
176.66
176.8
176.8
176.64
176.62
176.64
176.64
176.56
176.55
176.63
176.63
176.56
176.53
176.59
176.62
176.64
176.63
176.69
176.69
176.63
176.66
176.65
176.73
176.75
176.69
176.66
176.72
176.71
176.65
176.64
176.67
176.7
176.56
176.58
176.72
176.71
176.69
176.7
176.72
176.72
176.69
176.73
176.57
176.74
176.75
176.71
176.71
176.83
176.83
176.66
176.64
176.75
176.78
176.7
176.73
176.72
176.73
176.76
176.77
176.61
176.6
176.62
176.62
176.62
176.73
176.71
176.65
176.63
176.73
176.71
176.73
176.73
176.71
176.71
176.71
176.74
176.64
176.65
176.59
176.57
176.77
176.77
176.78
176.77
176.69
176.67
176.69
176.67
176.69
176.66
176.67
176.74
176.73
176.76
176.77
176.67
176.69
176.58
176.58
176.69
176.7
176.62
176.63
176.65
176.69
176.69
176.69
176.7
176.73
176.76
176.75
176.75
176.63
176.62
176.74
176.76
176.66
176.67
176.65
176.63
176.61
176.67
176.67
176.6
176.61
176.7
176.72
176.79
176.78
176.68
176.64
176.72
176.71
176.74
176.71
176.73
176.71
176.74
176.71
176.6
176.62
176.62
176.74
176.71
176.64
176.67
176.76
176.75
176.66
176.66
176.73
176.73
176.73
176.71
176.56
176.57
176.73
176.71
176.66
176.65
176.71
176.7
176.61
176.63
176.62
176.69
176.69
176.67
176.67
176.65
176.65
176.72
176.75
176.6
176.61
176.75
176.77
176.67
176.68
176.69
176.71
176.61
176.71
176.72
176.64
176.64
176.7
176.7
176.61
176.59
176.67
176.66
176.76
176.76
176.67
176.7
176.62
176.61
176.74
176.78
176.63
176.64
176.71
176.65
176.67
176.62
176.61
176.66
176.66
176.65
176.64
176.66
176.66
176.59
176.59
176.72
176.74
176.59
176.6
176.69
176.65
176.61
176.65
176.83
176.83
176.84
176.68
176.68
176.65
176.66
176.69
176.67
176.69
176.7
176.7
176.69
176.61
176.58
176.66
176.65
176.64
176.62
176.74
176.74
176.7
176.69
176.7
176.58
176.59
176.57
176.54
176.73
176.76
176.75
176.75
176.64
176.61
176.79
176.79
176.66
176.65
176.64
176.66
176.61
176.61
176.61
176.62
176.66
176.63
176.66
176.66
176.63
176.7
176.7
176.71
176.73
176.77
176.75
176.69
176.69
176.7
176.67
176.7
176.69
176.61
176.61
176.53
176.57
176.57
176.59
176.55
176.66
176.63
176.74
176.74
176.67
176.68
176.65
176.64
176.54
176.54
176.74
176.69
176.69
176.57
176.55
176.72
176.71
176.59
176.58
176.54
176.54
176.61
176.59
176.61
176.6
176.56
176.57
176.51
176.63
176.59
176.57
176.57
176.64
176.67
176.69
176.68
176.54
176.53
176.52
176.53
176.61
176.59
176.61
176.63
176.54
176.63
176.63
176.72
176.7
176.56
176.59
176.63
176.65
176.64
176.67
176.59
176.59
176.64
176.64
176.64
176.69
176.69
176.7
176.71
176.71
176.57
176.74
176.75
176.69
176.66
176.54
176.58
176.6
176.61
176.6
176.6
176.68
176.69
176.64
176.64
176.66
176.5
176.51
176.7
176.7
176.63
176.62
176.69
176.69
176.73
176.73
176.54
176.54
176.56
176.56
176.62
176.61
176.56
176.72
176.72
176.61
176.62
176.61
176.62
176.61
176.62
176.59
176.59
176.58
176.58
176.46
176.47
176.56
176.57
176.64
176.66
176.67
176.54
176.55
176.61
176.6
176.63
176.63
176.61
176.6
176.59
176.58
176.53
176.52
176.53
176.52
176.6
176.62
176.58
176.57
176.6
176.61
176.6
176.53
176.54
176.62
176.6
176.63
176.64
176.58
176.56
176.66
176.64
176.7
176.54
176.53
176.54
176.53
176.57
176.57
176.57
176.58
176.66
176.67
176.51
176.54
176.53
176.53
176.61
176.62
176.57
176.62
176.63
176.49
176.49
176.7
176.7
176.59
176.61
176.48
176.48
176.63
176.63
176.5
176.52
176.62
176.62
176.6
176.42
176.43
176.42
176.42
176.59
176.54
176.61
176.61
176.55
176.53
176.49
176.5
176.52
176.53
176.57
176.6
176.56
176.59
176.59
176.56
176.56
176.54
176.55
176.6
176.59
176.53
176.55
176.56
176.6
176.59
176.59
176.52
176.56
176.68
176.69
176.64
176.63
176.57
176.56
176.66
176.65
176.54
176.51
176.5
176.53
176.5
176.58
176.59
176.56
176.56
176.57
176.53
176.62
176.63
176.45
176.45
176.6
176.45
176.45
176.56
176.56
176.52
176.5
176.55
176.56
176.52
176.47
176.51
176.5
176.49
176.49
176.57
176.58
176.57
176.56
176.62
176.59
176.6
176.46
176.46
176.49
176.5
176.55
176.55
176.54
176.53
176.47
176.5
176.49
176.5
176.73
176.7
176.48
176.47
176.47
176.48
176.45
176.53
176.51
176.46
176.46
176.46
176.44
176.45
176.45
176.47
176.46
176.64
176.64
176.44
176.44
176.43
176.6
176.59
176.53
176.55
176.5
176.51
176.36
176.4
176.52
176.52
176.46
176.47
176.61
176.59
176.63
176.64
176.38
176.61
176.6
176.6
176.61
176.51
176.54
176.45
176.45
176.44
176.43
176.45
176.45
176.5
176.53
176.53
176.47
176.54
176.68
176.81
176.91
177.01
177.07
177.25
177.59
177.66
177.72
177.79
177.82
177.87
178.07
178.14
178.28
178.35
178.52
178.64
178.67
178.75
178.81
179.09
179.13
179.08
179.15
179.23
179.35
179.5
179.58
179.61
179.7
179.8
179.89
180.08
180.21
180.31
180.16
180.28
180.51
180.64
180.66
180.86
180.94
181.19
181.33
181.55
181.8
181.91
182.1
182.24
182.47
182.69
182.8
183.16
183.35
183.66
183.86
184.21
184.39
184.83
185.04
185.54
185.89
185.93
186.26
186.52
186.86
186.93
187.29
187.62
187.75
188.06
188.25
188.55
188.59
188.9
189.17
189.47
189.69
189.82
190.14
190.3
190.56
190.72
191.02
191.35
191.53
191.7
191.84
192.06
192.32
192.35
192.6
192.79
193.04
193.2
193.42
193.51
193.72
193.83
194.0
194.19
194.14
194.35
194.65
194.85
194.89
195.08
195.07
195.26
195.4
195.59
195.67
195.84
196.15
196.19
196.39
196.41
196.55
196.56
196.7
196.97
197.03
197.27
197.33
197.42
197.49
197.67
197.72
198.03
198.11
198.25
198.31
198.4
198.45
198.51
198.51
198.58
198.74
198.82
199.05
199.12
199.1
199.22
199.35
199.56
199.65
199.88
200.14
200.42
200.68
200.78
201.07
201.2
201.5
201.53
201.78
202.01
202.3
202.47
202.59
202.85
202.99
203.25
203.37
203.65
203.78
204.01
204.03
204.25
204.54
204.65
204.97
205.08
205.14
205.25
205.56
205.79
205.89
206.11
206.27
206.49
206.39
206.77
206.86
206.93
207.01
207.24
207.33
207.41
207.5
207.65
207.74
208.02
208.09
208.19
208.28
208.53
208.66
208.65
208.8
209.03
209.16
209.11
209.28
209.33
209.5
209.69
209.89
210.02
210.05
210.19
210.21
210.34
210.3
210.44
210.53
210.65
210.75
210.87
211.01
211.07
211.28
211.36
211.33
211.39
211.49
211.71
211.79
211.69
211.8
212.02
212.08
212.24
212.3
212.29
212.33
212.44
212.48
212.57
212.63
212.68
212.74
212.87
212.92
213.09
213.1
213.18
213.37
213.47
213.4
213.49
213.56
213.65
213.6
213.71
213.89
213.94
213.96
214.02
214.1
214.04
214.14
214.25
214.3
214.46
214.49
214.51
214.55
214.69
214.72
214.7
214.75
214.91
214.94
214.96
214.91
214.94
215.14
215.19
215.17
215.21
215.15
215.21
215.29
215.35
215.44
215.5
215.53
215.57
215.69
215.72
215.78
215.8
215.87
215.8
215.86
215.89
215.95
216.05
216.08
216.12
216.18
216.19
216.26
216.29
216.33
216.45
216.51
216.56
216.47
216.5
216.63
216.68
216.71
216.74
216.65
216.71
216.91
216.93
216.98
217.01
217.07
217.09
217.06
217.15
217.19
217.2
217.25
217.24
217.27
217.48
217.52
217.43
217.47
217.55
217.55
217.57
217.62
217.67
217.62
217.66
217.77
217.82
217.83
217.83
217.82
217.82
217.97
217.98
218.14
217.97
217.99
218.2
218.24
218.12
218.15
218.23
218.28
218.35
218.37
218.34
218.59
218.6
218.6
218.62
218.53
218.57
218.72
218.73
218.63
218.65
218.67
218.68
218.8
218.82
218.71
218.71
218.86
218.88
218.82
218.84
218.84
218.86
218.83
218.78
218.68
218.6
218.49
218.37
218.25
218.13
218.06
217.9
217.82
217.71
217.66
217.58
217.46
217.36
217.34
217.21
217.02
216.97
216.95
216.85
216.79
216.68
216.69
216.57
216.34
216.53
216.5
216.19
216.09
216.13
216.06
215.99
215.91
215.97
215.87
215.63
215.56
215.61
215.55
215.49
215.45
215.32
215.3
215.24
215.14
215.09
215.0
214.95
214.95
214.89
214.86
214.85
214.72
214.69
214.65
214.61
214.63
214.58
214.54
214.43
214.36
214.19
214.11
214.06
213.97
213.71
213.62
213.35
213.26
213.04
212.95
212.82
212.62
212.41
212.23
212.21
212.1
211.91
211.83
211.63
211.42
211.25
211.26
211.1
211.01
210.85
210.76
210.6
210.58
210.44
210.17
210.1
209.97
210.0
209.86
209.7
209.57
209.62
209.5
209.25
209.16
209.16
209.09
208.98
208.92
208.72
208.6
208.66
208.53
208.38
208.29
208.19
208.25
208.13
208.07
207.97
207.91
207.8
207.77
207.71
207.5
207.42
207.56
207.44
207.35
207.26
207.18
207.21
207.12
207.08
207.01
207.01
206.94
206.87
206.85
206.56
206.55
206.74
206.74
206.78
206.67
206.66
206.58
206.6
206.71
206.73
206.85
206.85
206.82
206.83
206.71
206.73
206.87
206.9
206.84
206.84
206.85
206.81
206.81
206.86
206.87
207.09
207.1
207.03
207.05
206.9
206.91
207.06
207.06
206.92
206.94
207.05
207.06
207.26
206.97
206.98
206.98
207.01
207.2
207.21
207.18
207.18
207.27
207.28
207.15
207.17
207.09
207.1
207.2
207.2
207.22
207.23
207.22
207.18
207.2
207.19
207.19
207.25
207.25
207.31
207.29
207.33
207.34
207.27
207.28
207.45
207.46
207.41
207.26
207.26
207.4
207.41
207.38
207.37
207.38
207.39
207.33
207.32
207.32
207.32
207.4
207.4
207.41
207.4
207.35
207.35
207.34
207.33
207.35
207.37
207.38
207.52
207.51
207.41
207.41
207.51
207.52
207.53
207.5
207.54
207.54
207.41
207.41
207.34
207.48
207.46
207.39
207.4
207.47
207.47
207.45
207.44
207.6
207.61
207.52
207.52
207.56
207.53
207.53
207.53
207.52
207.56
207.56
207.84
207.83
207.65
207.66
207.52
207.52
207.56
207.56
207.54
207.54
207.62
207.64
207.56
207.55
207.63
207.69
207.7
207.69
207.7
207.71
207.72
207.69
207.67
207.7
207.71
207.63
207.64
207.6
207.53
207.56
207.65
207.66
207.65
207.67
207.7
207.71
207.75
207.77
207.65
207.63
207.72
207.69
207.68
207.62
207.65
207.75
207.75
207.73
207.73
207.71
207.71
207.75
207.73
207.5
207.53
207.81
207.8
207.77
207.74
207.73
207.79
207.79
207.77
207.75
207.78
207.78
207.68
207.68
207.71
207.72
207.79
207.82
207.8
207.8
207.86
207.67
207.66
207.76
207.77
207.76
207.76
207.78
207.77
207.77
207.8
207.85
207.84
207.72
207.7
207.7
207.81
207.82
207.77
207.77
207.82
207.83
207.74
207.74
207.92
207.93
207.92
207.93
207.94
207.83
207.83
207.9
207.9
207.94
207.94
207.76
207.76
207.94
207.95
207.8
207.8
207.78
207.78
207.95
207.93
208.03
207.88
207.87
207.95
207.96
207.89
207.9
207.84
207.82
207.83
207.85
208.01
208.02
207.83
207.86
207.85
207.89
207.88
207.94
207.96
208.07
208.05
207.95
207.92
208.03
208.02
207.93
207.92
207.96
207.94
208.0
208.06
208.07
207.94
207.94
207.92
207.92
207.92
207.92
207.98
207.99
208.13
208.13
207.98
208.11
208.11
208.01
208.02
208.03
208.02
208.11
208.11
208.05
208.04
208.1
208.12
208.08
208.07
208.07
208.06
208.03
208.03
208.17
208.02
208.02
208.13
208.13
208.12
208.13
208.13
208.13
208.22
208.23
208.25
208.25
208.16
208.06
208.07
208.25
208.26
208.31
208.31
208.26
208.26
208.21
208.23
208.15
208.15
208.17
208.19
208.16
208.23
208.22
208.26
208.27
208.25
208.24
208.29
208.3
208.23
208.23
208.25
208.27
208.16
208.19
208.24
208.28
208.28
208.3
208.29
208.31
208.32
208.36
208.35
208.27
208.27
208.31
208.32
208.27
208.26
208.29
208.22
208.19
208.5
208.49
208.33
208.31
208.24
208.24
208.39
208.37
208.11
208.1
208.35
208.34
208.35
208.34
208.37
208.37
208.33
208.34
208.47
208.44
208.45
208.29
208.3
208.33
208.32
208.39
208.43
208.41
208.42
208.29
208.27
208.23
208.25
208.38
208.35
208.29
208.3
208.31
208.37
208.4
208.34
208.35
208.5
208.52
208.47
208.47
208.46
208.43
208.45
208.46
208.55
208.54
208.47
208.47
208.52
208.5
208.53
208.43
208.44
208.45
208.45
208.42
208.45
208.45
208.45
208.52
208.51
208.3
208.31
208.47
208.47
208.51
208.51
208.51
208.52
208.58
208.58
208.58
208.51
208.51
208.56
208.55
208.55
208.56
208.55
208.56
208.53
208.52
208.54
208.56
208.61
208.49
208.51
208.47
208.47
208.55
208.57
208.68
208.69
208.53
208.53
208.7
208.69
208.64
208.64
208.68
208.62
208.6
208.47
208.49
208.48
208.49
208.62
208.63
208.55
208.56
208.72
208.73
208.72
208.74
208.74
208.53
208.53
208.56
208.53
208.67
208.67
208.65
208.67
208.62
208.6
208.64
208.64
208.69
208.73
208.57
208.7
208.7
208.79
208.81
208.66
208.65
208.77
208.76
208.72
208.73
208.67
208.69
208.74
208.75
208.76
208.76
208.73
208.73
208.7
208.81
208.8
208.58
208.58
208.85
208.85
208.84
208.84
208.84
208.86
208.9
208.89
208.82
208.83
208.85
208.74
208.72
208.75
208.74
208.72
208.72
208.76
208.74
208.85
208.85
208.86
208.86
208.85
208.85
208.88
208.71
208.71
208.71
208.71
208.83
208.83
208.83
208.84
208.78
208.76
208.94
208.94
208.9
208.89
208.81
208.81
208.75
208.79
208.79
208.85
208.85
208.89
208.91
208.9
208.92
208.98
208.98
208.91
208.91
208.97
208.96
208.96
208.96
208.97
208.82
208.82
208.92
208.92
209.07
209.08
209.02
209.01
208.98
208.98
208.98
208.89
208.9
208.97
208.98
208.97
208.97
208.95
208.97
208.87
208.87
208.96
208.93
209.03
209.03
209.0
209.0
209.01
208.98
209.0
209.02
209.03
209.04
209.05
208.96
208.98
209.23
209.22
208.89
208.88
209.01
209.0
209.01
209.01
208.99
209.07
209.08
208.99
209.0
209.07
209.06
209.14
209.15
209.02
209.02
208.87
208.87
209.07
209.02
209.02
209.05
209.06
209.11
209.12
209.07
209.07
209.18
209.17
209.14
209.14
209.03
209.01
209.04
209.05
209.13
209.22
209.22
209.09
209.09
209.09
209.08
209.28
209.3
209.19
209.21
209.26
209.25
209.33
209.33
209.33
209.27
209.27
209.2
209.21
209.1
209.12
209.09
209.09
209.1
209.07
209.25
209.25
209.27
209.28
209.19
209.14
209.12
209.21
209.21
209.28
209.3
209.26
209.26
209.29
209.3
209.18
209.18
209.2
209.2
209.14
209.31
209.32
209.2
209.19
209.2
209.19
209.2
209.19
209.42
209.45
209.33
209.33
209.32
209.34
209.36
209.28
209.28
209.25
209.26
209.32
209.34
209.31
209.32
209.37
209.37
209.23
209.23
209.3
209.31
209.26
209.34
209.34
209.34
209.32
209.4
209.4
209.46
209.46
209.33
209.33
209.33
209.33
209.36
209.35
209.41
209.41
209.38
209.43
209.43
209.44
209.44
209.42
209.44
209.46
209.47
209.43
209.41
209.49
209.5
209.5
209.51
209.38
209.37
209.41
209.41
209.4
209.45
209.45
209.34
209.33
209.44
209.42
209.44
209.41
209.35
209.35
209.28
209.3
209.3
209.3
209.45
209.46
209.34
209.51
209.51
209.54
209.53
209.41
209.43
209.42
209.43
209.52
209.52
209.48
209.49
209.58
209.58
209.48
209.5
209.44
209.45
209.5
209.48
209.4
209.38
209.43
209.55
209.56
209.57
209.55
209.51
209.51
209.55
209.57
209.5
209.49
209.51
209.52
209.46
209.46
209.58
209.58
209.59
209.55
209.53
209.46
209.45
209.55
209.56
209.55
209.57
209.57
209.55
209.55
209.57
209.58
209.57
209.6
209.6
209.68
209.67
209.51
209.63
209.64
209.6
209.6
209.51
209.51
209.58
209.57
209.58
209.6
209.68
209.69
209.64
209.64
209.58
209.57
209.62
209.58
209.59
209.73
209.73
209.57
209.57
209.66
209.68
209.66
209.66
209.65
209.67
209.84
209.84
209.75
209.76
209.58
209.72
209.72
209.72
209.72
209.61
209.61
209.69
209.69
209.75
209.77
209.65
209.64
209.7
209.7
209.8
209.81
209.81
209.72
209.73
209.77
209.76
209.7
209.69
209.73
209.73
209.74
209.74
209.82
209.82
209.7
209.7
209.68
209.62
209.62
209.78
209.79
209.76
209.76
209.7
209.71
209.84
209.85
209.71
209.73
209.75
209.74
209.78
209.78
209.78
209.79
209.79
209.82
209.81
209.8
209.81
209.9
209.9
209.91
209.91
209.83
209.84
209.87
209.75
209.76
209.81
209.79
209.74
209.75
209.82
209.81
209.93
209.94
209.79
209.76
209.93
209.91
210.01
210.02
210.0
210.03
210.01
209.93
209.93
209.85
209.85
209.89
209.91
209.89
209.9
209.81
209.82
209.8
209.9
209.88
209.93
209.94
209.9
209.9
209.83
209.83
209.85
209.86
209.91
209.9
209.93
209.93
209.93
209.94
209.83
209.86
209.88
210.05
210.04
209.84
209.82
209.77
209.78
209.82
209.82
210.0
209.99
210.02
210.01
210.04
209.85
209.85
209.76
209.77
209.77
209.77
209.94
209.95
209.93
209.93
210.0
210.02
209.93
209.94
209.98
209.95
209.96
210.05
210.04
210.01
210.02
209.96
209.98
209.98
209.96
209.88
209.89
210.12
210.1
209.96
209.94
210.0
209.87
209.88
209.99
209.99
210.05
210.05
210.05
210.06
209.96
209.96
210.07
210.1
209.97
209.96
210.01
210.02
209.95
209.95
209.95
210.05
210.04
210.09
210.09
210.0
210.0
209.87
209.87
210.05
210.03
210.04
210.05
210.17
210.01
210.0
210.05
210.06
210.09
210.1
210.05
210.06
210.13
210.13
210.12
210.09
210.09
210.09
210.1
210.08
210.06
210.07
210.13
210.04
210.04
210.07
210.08
210.03
210.05
210.1
210.1
210.12
210.13
210.12
210.13
210.43
210.44
209.96
210.23
210.23
210.17
210.17
210.06
210.06
210.2
210.19
210.18
210.19
210.21
210.2
210.12
210.12
210.06
210.07
210.16
210.17
210.17
210.1
210.1
210.22
210.21
210.14
210.16
210.09
210.1
210.17
210.17
210.19
210.21
210.26
210.16
210.15
210.19
210.19
210.16
210.15
210.06
210.07
210.09
210.08
210.21
210.22
210.29
210.29
210.29
210.27
210.27
210.12
210.1
210.25
210.25
210.16
210.17
210.11
210.1
210.2
210.2
210.15
210.16
210.33
210.32
210.33
210.24
210.25
210.2
210.19
210.22
210.21
210.26
210.28
210.23
210.22
210.19
210.18
210.26
210.18
210.18
210.36
210.38
210.33
210.34
210.29
210.3
210.17
210.18
210.29
210.3
210.26
210.27
210.35
210.31
210.32
210.33
210.33
210.3
210.29
210.26
210.28
210.19
210.2
210.29
210.31
210.32
210.32
210.3
210.23
210.26
210.33
210.33
210.35
210.34
210.29
210.27
210.27
210.27
210.46
210.48
210.3
210.3
210.47
210.44
210.29
210.34
210.32
210.22
210.24
210.24
210.23
210.41
210.42
210.47
210.46
210.38
210.36
210.48
210.49
210.3
210.33
210.35
210.3
210.3
210.45
210.44
210.47
210.46
210.42
210.41
210.44
210.44
210.36
210.37
210.39
210.38
210.39
210.53
210.53
210.33
210.35
210.57
210.59
210.46
210.45
210.49
210.46
210.44
210.45
210.37
210.36
210.51
210.51
210.51
210.46
210.45
210.42
210.43
210.46
210.48
210.56
210.54
210.52
210.53
210.53
210.53
210.44
210.47
210.47
210.38
210.4
210.44
210.44
210.36
210.35
210.49
210.49
210.66
210.68
210.42
210.54
210.55
210.43
210.43
210.5
210.51
210.52
210.53
210.41
210.42
210.58
210.59
210.56
210.54
210.41
210.41
210.55
210.55
210.57
210.58
210.56
