44.44
44.44
44.3
44.3
44.35
44.35
45.3
46.71
46.77
48.3
48.3
49.89
49.89
51.57
51.57
53.16
53.16
54.7
54.7
56.18
56.18
57.79
59.24
59.24
60.65
60.65
62.02
63.34
63.34
64.67
64.67
66.03
66.03
67.3
67.3
68.59
68.59
69.88
69.88
71.07
71.01
72.19
72.19
73.35
73.35
74.56
75.63
75.63
76.69
76.69
77.83
77.83
78.85
78.85
79.85
79.85
80.89
80.78
81.75
82.7
82.7
83.62
83.68
84.67
84.67
85.63
85.63
86.62
86.62
87.55
87.55
88.43
88.43
89.22
89.22
90.1
90.1
90.9
91.67
91.67
92.59
92.59
93.4
93.4
94.3
94.3
95.13
95.13
95.96
95.96
96.76
96.76
97.54
97.54
98.34
98.42
99.24
100.02
100.02
100.77
100.77
101.43
101.43
102.17
102.17
102.9
102.94
103.63
103.63
104.43
105.17
105.17
105.82
105.82
106.54
106.54
107.3
107.28
107.99
107.99
108.65
108.65
109.42
109.48
110.15
110.15
110.83
111.53
111.53
112.21
112.21
112.94
112.94
113.55
113.55
114.15
114.15
114.9
114.9
115.58
115.58
116.21
116.21
116.87
116.91
117.63
117.63
118.28
118.9
118.9
119.6
119.6
120.28
120.28
120.96
120.96
121.53
121.53
122.14
122.14
122.55
122.59
122.4
122.4
121.76
121.76
120.97
120.97
120.17
120.17
119.83
120.07
120.07
120.53
120.53
121.04
121.04
121.21
121.15
120.77
120.77
120.12
120.12
119.43
119.43
118.92
118.92
118.98
118.98
119.51
119.51
120.07
120.07
120.31
120.31
120.07
120.07
119.54
119.54
118.86
118.86
118.17
117.9
117.9
118.05
118.05
118.8
118.8
119.41
119.41
119.59
119.59
119.14
119.14
118.61
118.61
118.02
118.12
117.55
117.39
117.39
117.6
117.54
118.06
118.06
118.5
118.5
118.52
118.52
118.19
118.19
117.7
117.7
117.22
117.24
116.95
116.95
117.0
117.0
117.45
117.89
117.89
118.06
118.06
117.89
117.89
117.48
117.48
117.01
116.68
116.57
116.45
116.45
116.75
116.75
117.42
117.42
117.89
117.92
117.92
117.72
117.72
117.35
117.35
116.9
116.9
116.31
116.31
116.11
116.38
116.38
117.13
117.13
117.69
117.69
117.88
117.86
117.64
117.31
117.31
116.88
116.88
116.52
116.52
116.25
116.25
116.18
116.14
116.48
116.48
116.94
116.94
117.26
117.25
117.23
116.99
116.99
116.6
116.68
116.36
116.36
116.24
116.24
116.28
116.2
116.43
116.43
116.77
116.77
117.01
117.01
116.95
116.95
116.8
116.8
116.52
116.52
116.28
116.28
116.17
116.17
116.3
116.3
116.55
116.55
116.76
116.81
116.97
116.88
116.88
116.67
116.67
116.34
116.34
116.16
116.16
116.16
116.16
116.33
116.33
116.71
116.71
116.96
117.06
117.07
117.07
116.88
116.88
116.51
116.23
116.23
116.02
116.02
116.16
116.18
116.56
116.56
116.96
116.96
117.12
117.12
117.0
116.7
116.7
116.44
116.46
116.24
116.24
116.16
116.16
116.23
116.23
116.47
116.47
116.75
116.87
116.87
116.75
116.75
116.6
116.6
116.42
116.42
116.3
116.3
116.26
116.26
116.35
116.35
116.54
116.54
116.7
116.64
116.7
116.63
116.63
116.47
116.47
116.41
116.41
116.4
116.4
116.44
116.52
116.59
116.59
116.65
116.65
116.62
116.55
116.42
116.42
116.39
116.4
116.5
116.56
116.56
116.62
116.62
116.62
116.62
116.54
116.54
116.45
116.45
116.39
116.39
116.42
116.42
116.51
116.51
116.43
116.48
116.48
116.49
116.49
116.52
116.87
116.9
116.9
116.79
116.79
116.26
116.26
116.11
116.11
116.15
116.52
116.52
116.87
116.87
117.01
117.01
116.77
116.77
116.48
116.48
116.35
116.35
116.25
116.25
116.31
116.31
116.5
116.52
116.72
116.72
116.81
116.81
116.72
116.81
116.68
116.68
116.53
116.53
116.37
116.3
116.3
116.33
116.33
116.47
116.38
116.53
116.53
116.65
116.65
116.69
116.75
116.69
116.69
116.54
116.54
116.57
116.57
116.49
116.49
116.42
116.42
116.39
116.39
116.41
116.41
116.46
116.3
116.35
116.41
116.41
116.44
116.44
116.6
116.6
116.66
116.66
116.65
116.65
116.64
116.64
116.54
116.54
116.42
116.32
116.25
116.25
116.28
116.43
116.49
116.69
116.69
116.79
116.79
116.73
116.67
116.53
116.53
116.4
116.4
116.32
116.34
116.35
116.35
116.44
116.44
116.48
116.48
116.56
116.56
116.56
116.56
116.61
116.61
116.61
116.56
116.56
116.52
116.52
116.47
116.47
116.42
116.42
116.43
116.43
116.47
116.47
116.5
116.5
116.38
116.38
116.44
116.47
116.47
116.57
116.57
116.61
116.61
116.59
116.45
116.45
116.39
116.39
116.38
116.38
116.5
116.5
116.59
116.59
116.62
116.58
116.54
116.54
116.47
116.47
116.42
116.35
116.35
116.37
116.37
116.41
116.47
116.56
116.56
116.64
116.64
116.66
116.68
116.59
116.59
116.49
116.49
116.35
116.27
116.23
116.23
116.29
116.48
116.59
116.77
116.77
116.82
116.82
116.69
116.69
116.51
116.51
116.33
116.24
116.22
116.24
116.24
116.38
116.38
116.51
116.65
116.65
116.68
116.68
116.55
116.72
116.61
116.61
116.46
116.46
116.26
116.26
116.18
116.18
116.23
116.23
116.39
116.39
116.59
116.59
116.69
116.69
116.7
116.7
116.59
116.59
116.43
116.3
116.3
116.23
116.23
116.28
116.28
116.36
116.36
116.53
116.53
116.63
116.71
116.72
116.72
116.6
116.6
116.41
116.34
116.22
116.16
116.16
116.25
116.27
116.45
116.45
116.62
116.69
116.77
116.72
116.72
116.56
116.56
116.26
116.12
116.12
116.08
116.08
116.24
116.63
116.63
116.83
116.83
116.82
116.72
116.53
116.53
116.32
116.32
116.16
116.12
116.11
116.11
116.21
116.45
116.47
116.65
116.65
116.7
116.7
116.56
116.56
116.39
116.39
116.26
116.26
116.17
116.17
116.23
116.23
116.37
116.37
116.52
116.52
116.58
116.58
116.52
116.52
116.39
116.39
116.26
116.26
116.22
116.2
116.24
116.24
116.32
116.39
116.46
116.51
116.51
116.49
116.49
116.4
116.29
116.29
116.21
116.21
116.16
116.16
116.24
116.24
116.31
116.31
116.4
116.36
116.42
116.42
116.41
116.41
116.35
116.35
116.28
116.28
116.23
116.25
116.33
116.35
116.35
116.37
116.37
116.36
116.36
116.32
116.32
116.27
116.27
116.19
116.19
116.2
116.2
116.25
116.25
116.32
116.32
116.36
116.36
116.36
116.27
116.27
116.19
116.19
116.15
116.15
116.24
116.24
116.3
116.3
116.41
116.42
116.42
116.37
116.37
116.25
116.25
116.19
116.19
116.14
116.15
116.13
116.2
116.2
116.28
116.28
116.35
116.38
116.39
116.39
116.34
116.34
116.21
116.21
116.1
116.1
116.11
116.11
116.17
116.17
116.28
116.28
116.34
116.34
116.42
116.42
116.34
116.34
116.19
116.2
116.15
116.15
116.12
116.12
116.12
116.0
116.0
116.06
116.06
116.2
116.2
116.48
116.48
116.57
116.57
116.49
116.47
116.29
116.29
116.07
116.07
115.94
115.95
115.95
116.0
116.0
116.22
116.16
116.31
116.31
116.38
116.38
116.33
116.29
116.18
116.18
116.06
115.98
116.04
115.99
115.99
116.13
116.13
116.24
116.24
116.29
116.29
116.27
116.27
116.19
116.19
116.03
116.03
115.98
115.98
116.0
116.08
116.08
116.17
116.17
116.2
116.2
116.19
116.19
116.09
116.09
116.07
116.07
116.05
116.05
116.05
116.06
116.06
116.11
116.11
116.13
116.05
115.99
115.99
116.04
116.04
116.09
116.13
116.13
116.15
116.15
116.13
116.19
116.16
116.16
116.07
116.07
116.0
116.08
116.08
116.07
116.07
116.06
116.04
116.03
116.03
116.03
116.03
115.97
115.97
115.91
115.91
116.0
116.0
116.09
116.09
116.15
116.16
116.16
116.09
116.13
116.05
116.05
115.91
115.91
115.92
115.92
115.95
115.99
115.99
116.01
116.01
116.03
116.03
116.05
116.03
116.01
116.01
115.97
115.97
115.94
116.03
116.03
116.05
116.05
116.04
116.02
116.0
115.96
115.96
115.88
115.94
115.99
115.99
116.03
116.03
116.02
116.02
116.01
116.01
115.98
115.98
115.94
115.88
115.86
115.86
115.83
115.83
115.93
116.06
116.06
116.12
116.12
116.08
116.08
116.02
116.02
115.91
115.91
115.86
115.9
115.9
115.93
115.93
115.93
115.93
115.96
115.96
115.98
115.92
115.91
115.91
115.85
115.85
115.89
115.97
116.05
116.1
116.1
116.08
116.03
115.95
115.95
115.87
115.87
115.82
115.88
115.88
115.88
115.95
116.01
115.97
115.99
115.99
115.97
115.97
115.94
115.94
115.9
115.9
115.88
115.88
115.86
115.86
115.84
115.84
115.89
115.97
116.09
116.14
116.14
116.11
116.11
115.88
115.88
115.75
115.75
115.7
115.7
115.72
115.72
115.88
115.88
116.07
116.09
116.19
116.17
116.17
116.06
116.06
115.85
115.85
115.72
115.72
115.7
115.68
115.77
115.77
115.86
115.86
116.07
116.14
116.14
116.12
116.12
116.02
116.06
115.91
115.91
115.8
115.8
115.74
115.74
115.71
115.71
115.82
115.82
115.88
115.88
115.98
116.01
116.01
116.0
116.08
116.01
116.01
115.92
115.92
115.78
115.78
115.72
115.72
115.77
115.84
115.84
115.93
115.93
115.98
115.98
116.11
116.11
116.02
116.02
115.89
115.89
115.63
115.63
115.55
115.55
115.6
115.6
115.79
115.79
116.03
116.13
116.13
116.11
116.11
115.97
115.97
115.83
115.85
115.73
115.67
115.67
115.7
115.7
115.79
115.79
115.91
115.91
115.97
115.97
115.91
115.91
115.86
115.81
115.83
115.77
115.77
115.75
115.75
115.75
115.64
115.68
115.68
115.76
115.76
115.82
115.82
115.92
115.92
115.97
115.97
116.07
116.07
115.99
115.99
115.84
115.6
115.6
115.52
115.52
115.53
115.53
115.78
115.78
116.0
116.0
116.11
116.17
116.15
116.15
116.02
116.02
115.8
115.86
115.68
115.59
115.59
115.54
115.54
115.69
115.69
115.84
115.99
115.99
116.0
116.0
115.93
115.93
115.79
115.69
115.51
115.49
115.49
115.58
115.58
115.81
115.81
116.01
116.01
116.08
116.12
116.06
116.06
115.85
115.85
115.59
115.59
115.46
115.5
115.5
115.66
115.68
115.94
115.94
116.08
116.08
116.11
116.11
116.02
115.86
115.86
115.59
115.59
115.42
115.42
115.46
115.46
115.86
115.86
116.07
116.07
116.18
115.98
115.88
115.73
115.73
115.57
115.57
115.54
115.54
115.59
115.59
115.71
115.73
115.86
115.86
115.9
115.9
115.81
115.75
115.69
115.6
115.6
115.58
115.6
115.63
115.63
115.72
115.72
115.77
115.73
115.73
115.73
115.74
115.7
115.72
115.69
115.69
115.65
115.65
115.66
115.68
115.67
115.66
115.66
115.67
115.67
115.72
115.72
115.72
115.72
115.77
115.77
115.74
115.74
115.69
115.64
115.55
115.47
115.47
115.5
115.5
115.66
115.66
115.8
115.8
115.85
115.85
115.81
115.81
115.72
115.72
115.55
115.55
115.49
115.49
115.51
115.51
115.59
115.63
115.76
115.76
115.81
115.81
115.8
115.65
115.56
115.47
115.47
115.42
115.42
115.54
115.54
115.72
115.85
115.85
115.88
115.88
115.82
115.82
115.69
115.75
115.55
115.55
115.49
115.49
115.67
115.75
115.75
115.82
115.82
115.78
115.58
115.46
115.46
115.36
115.36
115.44
115.44
115.64
115.82
115.82
115.91
115.93
115.88
115.88
115.75
115.75
115.58
115.58
115.45
115.42
115.42
115.53
115.53
115.65
115.65
115.76
115.76
115.92
115.92
115.81
115.81
115.73
115.36
115.36
115.24
115.24
115.3
115.32
115.59
115.59
115.89
115.89
116.01
115.93
115.93
115.76
115.76
115.59
115.59
115.41
115.41
115.34
115.34
115.41
115.37
115.55
115.55
115.73
115.73
115.86
115.88
115.88
115.76
115.76
115.63
115.63
115.48
115.48
115.39
115.39
115.45
115.45
115.57
115.57
115.71
115.78
115.78
115.74
115.74
115.6
115.6
115.51
115.51
115.49
115.49
115.44
115.44
115.48
115.48
115.61
115.61
115.68
115.7
115.77
115.77
115.73
115.73
115.63
115.63
115.53
115.53
115.47
115.47
115.4
115.38
115.46
115.63
115.63
115.72
115.66
115.71
115.71
115.68
115.68
115.6
115.69
115.63
115.63
115.57
115.57
115.54
115.52
115.52
115.5
115.5
115.59
115.59
115.66
115.66
115.68
115.68
115.69
115.69
115.63
115.52
115.52
115.53
115.53
115.57
115.57
115.59
115.47
115.48
115.48
115.48
115.48
115.55
115.72
115.72
115.77
115.77
115.75
115.75
115.66
115.66
115.55
115.55
115.48
115.41
115.41
115.44
115.44
115.58
115.58
115.76
115.76
115.84
115.84
115.82
115.8
115.69
115.69
115.52
115.52
115.53
115.55
115.55
115.61
115.61
115.69
115.62
115.62
115.62
115.67
115.67
115.68
115.68
115.66
115.66
115.65
115.64
115.64
115.63
115.63
115.64
115.64
115.68
115.68
115.65
115.65
115.72
115.72
115.73
115.73
115.71
115.71
115.68
115.62
115.58
115.58
115.57
115.59
115.59
115.72
115.72
115.8
115.8
115.84
115.86
115.83
115.83
115.75
115.75
115.68
115.7
115.62
115.62
115.57
115.57
115.68
115.68
115.78
115.84
115.84
115.82
115.82
115.77
115.77
115.7
115.7
115.59
115.43
115.42
115.42
115.53
115.53
115.91
115.91
116.15
116.21
116.21
116.01
116.01
115.81
115.81
115.62
115.62
115.59
115.59
115.6
115.6
115.69
115.69
115.82
115.82
115.93
115.96
115.96
115.89
115.89
115.77
115.77
115.66
115.74
115.69
115.69
115.69
115.69
115.68
115.64
115.69
115.8
115.8
115.86
115.88
115.88
115.88
115.84
115.84
115.77
115.71
115.64
115.64
115.62
115.62
115.68
115.81
115.81
115.93
115.93
115.91
115.91
115.85
115.77
115.77
115.69
115.69
115.65
115.65
115.69
115.69
115.77
115.77
115.84
115.84
115.84
115.84
115.83
115.83
115.83
115.83
115.78
115.78
115.64
115.64
115.64
115.64
115.69
115.73
115.86
115.86
115.93
115.93
115.9
115.86
115.84
115.76
115.76
115.71
115.75
115.73
115.73
115.76
115.76
115.8
115.82
115.79
115.79
115.85
115.85
115.8
115.72
115.68
115.68
115.69
115.72
115.8
115.81
115.81
115.87
115.87
115.88
115.92
115.91
115.91
115.81
115.81
115.77
115.77
115.69
115.69
115.66
115.66
115.57
115.62
115.62
115.7
115.7
115.84
115.84
115.92
115.92
115.92
115.92
115.96
115.96
115.87
115.87
115.72
115.64
115.51
115.51
115.54
115.67
115.67
115.91
115.91
116.04
116.04
116.03
115.91
115.8
115.8
115.63
115.63
115.54
115.74
115.78
115.78
115.92
115.93
115.79
115.72
115.72
115.62
115.62
115.6
115.6
115.64
115.64
115.7
115.7
115.84
115.91
115.98
115.98
115.95
115.95
115.85
115.85
115.69
115.57
115.57
115.54
115.54
115.55
115.55
115.7
115.7
115.83
115.83
115.89
115.89
115.88
115.88
115.77
115.77
115.68
115.59
115.59
115.5
115.5
115.63
115.63
115.76
115.76
115.85
115.9
115.9
115.84
115.76
115.67
115.67
115.5
115.5
115.55
115.65
115.71
115.83
115.83
115.87
115.75
115.72
115.72
115.58
115.58
115.62
115.62
115.65
115.65
115.71
115.71
115.92
115.92
115.93
115.9
115.9
115.78
115.76
115.57
115.57
115.46
115.46
115.44
115.44
115.57
115.57
115.76
115.76
115.98
115.98
116.02
116.02
115.91
115.91
115.73
115.73
115.61
115.52
115.52
115.41
115.41
115.5
115.5
115.71
115.71
115.89
115.89
115.93
115.93
115.89
115.75
115.75
115.61
115.61
115.5
115.58
115.57
115.57
115.66
115.66
115.74
115.77
115.77
115.78
115.78
115.68
115.75
115.68
115.68
115.66
115.61
115.63
115.62
115.62
115.61
115.61
115.45
115.45
115.47
115.57
115.57
115.66
115.69
115.88
115.88
115.91
115.86
115.94
115.8
115.8
115.64
115.64
115.57
115.57
115.49
115.49
115.48
115.5
115.57
115.57
115.69
115.76
115.76
115.75
115.75
115.69
115.69
115.58
115.45
115.45
115.41
115.41
115.53
115.47
115.63
115.73
115.73
115.8
115.9
115.87
115.87
115.75
115.75
115.59
115.63
115.54
115.48
115.48
115.48
115.42
115.48
115.48
115.59
115.59
115.65
115.65
115.66
115.66
115.67
115.67
115.75
115.71
115.71
115.64
115.64
115.57
115.49
115.44
115.44
115.44
115.44
115.59
115.59
115.72
115.84
115.84
115.82
115.82
115.72
115.72
115.59
115.59
115.44
115.44
115.4
115.4
115.39
115.39
115.62
115.62
115.78
115.85
115.85
115.9
115.9
115.77
115.77
115.6
115.44
115.21
115.21
115.23
115.23
115.45
115.47
115.81
115.81
116.0
116.0
116.01
116.05
115.92
115.72
115.72
115.46
115.36
115.18
115.18
115.25
115.48
115.64
115.95
115.95
116.09
116.09
116.04
116.04
115.85
115.85
115.58
115.58
115.24
115.24
115.17
115.29
115.29
115.69
115.69
115.97
115.97
116.07
116.05
115.93
115.93
115.72
115.49
115.49
115.3
115.3
115.19
115.19
115.27
115.53
115.53
115.77
115.77
115.88
115.9
115.86
115.86
115.69
115.69
115.5
115.48
115.3
115.3
115.25
115.25
115.29
115.41
115.6
115.84
115.84
115.89
115.66
115.56
115.56
115.4
115.4
115.41
115.41
115.44
115.44
115.51
115.51
115.46
115.46
115.5
115.53
115.53
115.54
115.54
115.52
115.52
115.51
115.51
115.62
115.62
115.64
115.62
115.62
115.54
115.54
115.47
115.47
115.42
115.42
115.35
115.35
115.35
115.35
115.5
115.5
115.71
115.71
115.78
115.78
115.75
115.77
115.64
115.64
115.49
115.38
115.38
115.23
115.23
115.36
115.36
115.55
115.57
115.75
115.75
115.81
115.81
115.73
115.8
115.64
115.64
115.47
115.47
115.24
115.24
115.23
115.35
115.35
115.61
115.61
115.8
115.8
115.84
115.76
115.78
115.6
115.6
115.4
115.4
115.25
115.25
115.26
115.26
115.39
115.39
115.46
115.46
115.59
115.59
115.67
115.74
115.74
115.6
115.6
115.48
115.48
115.38
115.38
115.33
115.35
115.35
115.36
115.36
115.46
115.46
115.58
115.68
115.69
115.69
115.68
115.68
115.59
115.59
115.46
115.34
115.34
115.29
115.23
115.28
115.28
115.42
115.42
115.58
115.58
115.67
115.67
115.71
115.71
115.57
115.57
115.44
115.44
115.34
115.34
115.41
115.41
115.47
115.47
115.52
115.5
115.5
115.43
115.43
115.46
115.46
115.49
115.49
115.51
115.51
115.49
115.41
115.39
115.39
115.39
115.39
115.42
115.49
115.49
115.49
115.49
115.54
115.58
115.6
115.6
115.53
115.48
115.48
115.42
115.42
115.39
115.39
115.4
115.34
115.35
115.35
115.46
115.46
115.57
115.62
115.62
115.61
115.61
115.6
115.6
115.51
115.42
115.42
115.31
115.35
115.38
115.38
115.47
115.47
115.45
115.45
115.49
115.49
115.51
115.51
115.5
115.5
115.5
115.47
115.47
115.4
115.4
115.45
115.45
115.49
115.54
115.54
115.55
115.55
115.54
115.6
115.55
115.55
115.5
115.5
115.41
115.35
115.33
115.33
115.33
115.33
115.42
115.46
115.53
115.53
115.61
115.61
115.61
115.61
115.6
115.51
115.51
115.41
115.33
115.28
115.28
115.26
115.26
115.4
115.4
