31.78
31.77
31.77
31.78
31.78
32.36
32.36
33.36
34.22
34.22
34.74
34.74
34.9
34.9
35.03
35.03
35.17
35.17
35.18
35.18
35.16
35.13
35.13
35.09
35.09
35.06
35.06
35.12
35.12
35.14
35.14
35.15
35.03
35.03
35.05
35.05
35.05
35.05
35.14
35.14
35.18
35.18
35.21
35.3
35.32
35.32
35.32
35.28
35.28
35.25
35.25
35.29
35.29
35.32
35.32
35.33
35.33
35.34
35.34
35.24
35.24
35.24
35.19
35.19
35.3
35.3
35.32
35.32
35.34
35.34
35.45
35.45
35.46
35.46
35.46
35.46
35.39
35.38
35.38
35.38
35.38
35.37
35.37
35.35
35.35
35.36
35.38
35.46
35.46
35.46
35.46
35.46
35.49
35.49
35.5
35.5
35.5
35.48
35.43
35.43
35.48
35.48
35.51
35.51
35.52
35.52
35.52
35.52
35.52
35.52
35.52
35.51
35.51
35.49
35.49
35.53
35.53
35.55
35.55
35.55
35.54
35.54
35.55
35.55
35.44
35.44
35.45
35.45
35.42
35.42
35.47
35.47
35.5
35.5
35.51
35.49
35.5
35.5
35.51
35.5
35.56
35.5
35.5
35.58
35.58
35.59
35.59
35.6
35.6
35.61
35.58
35.54
35.49
35.49
35.55
35.55
35.56
35.56
35.56
35.56
35.56
35.56
35.53
35.53
35.51
35.51
35.54
35.54
35.55
35.55
35.55
35.57
35.57
35.63
35.63
35.62
35.62
35.61
35.63
35.65
35.65
35.64
35.63
35.63
35.63
35.63
35.61
35.61
35.67
35.54
35.53
35.53
35.53
35.53
35.57
35.57
35.59
35.59
35.58
35.58
35.62
35.66
35.66
35.67
35.67
35.64
35.64
35.64
35.64
35.64
35.64
35.64
35.64
35.64
35.64
35.62
35.51
35.45
35.45
35.5
35.53
35.53
35.6
35.6
35.6
35.6
35.6
35.51
35.52
35.52
35.52
35.52
35.66
35.65
35.65
35.61
35.61
35.6
35.53
35.6
35.6
35.59
35.59
35.53
35.53
35.52
35.57
35.57
35.61
35.61
35.62
35.62
35.61
35.61
35.78
35.78
35.76
35.76
35.75
35.75
35.72
35.72
35.72
35.72
35.67
35.56
35.57
35.59
35.59
35.6
35.62
35.6
35.6
35.61
35.61
35.6
35.53
35.5
35.5
35.54
35.54
35.59
35.59
35.56
35.56
35.6
35.6
35.61
35.61
35.66
35.65
35.65
35.67
35.67
35.66
35.66
35.65
35.65
35.62
35.62
35.62
35.62
35.62
35.57
35.54
35.54
35.54
35.54
35.56
35.59
35.62
35.61
35.61
35.61
35.54
35.51
35.51
35.5
35.5
35.67
35.67
35.7
35.7
35.68
35.66
35.66
35.66
35.66
35.66
35.66
35.61
35.61
35.61
35.61
35.61
35.61
35.64
35.64
35.62
35.62
35.64
35.64
35.64
35.64
35.62
35.62
35.57
35.59
35.61
35.61
35.65
35.65
35.65
35.65
35.65
35.65
35.65
35.66
35.64
35.64
35.64
35.64
35.64
35.61
35.61
35.62
35.62
35.66
35.61
35.61
35.6
35.6
35.6
35.6
35.58
35.58
35.55
35.55
35.53
35.64
35.68
35.68
35.68
35.68
35.65
35.63
35.68
35.68
35.68
35.68
35.64
35.64
35.64
35.64
35.65
35.64
35.73
35.74
35.74
35.73
35.73
35.68
35.68
35.66
35.66
35.64
35.64
35.58
35.58
35.58
35.58
35.6
35.62
35.64
35.64
35.64
35.64
35.58
35.58
35.58
35.58
35.58
35.54
35.57
35.64
35.64
35.65
35.65
35.64
35.62
35.64
35.63
35.63
35.64
35.62
35.62
35.62
35.62
35.62
35.69
35.69
35.67
35.67
35.72
35.69
35.65
35.62
35.62
35.65
35.65
35.66
35.66
35.69
35.69
35.68
35.68
35.67
35.67
35.64
35.64
35.65
35.58
35.58
35.56
35.56
35.57
35.57
35.76
35.76
35.76
35.76
35.75
35.79
35.77
35.77
35.77
35.77
35.74
35.73
35.73
35.69
35.69
35.74
35.61
35.6
35.6
35.6
35.6
35.64
35.6
35.6
35.63
35.63
35.61
35.61
35.62
35.62
35.61
35.61
35.61
35.61
35.59
35.59
35.65
35.65
35.68
35.68
35.67
35.67
35.68
35.72
35.71
35.71
35.7
35.71
35.71
35.71
35.71
35.63
35.63
35.66
35.72
35.74
35.74
35.69
35.69
35.74
35.59
35.6
35.6
35.6
35.6
35.7
35.7
35.7
35.7
35.7
35.7
35.69
35.69
35.7
35.7
35.69
35.69
35.68
