23.27
23.23
23.3
23.92
24.58
24.88
25.47
25.71
26.26
26.78
27.03
27.54
27.71
28.18
28.56
29.07
29.5
29.7
30.16
30.36
30.94
31.2
31.62
31.85
32.45
32.93
33.08
33.48
33.79
34.27
34.52
35.11
35.35
35.74
36.2
36.42
36.87
37.08
37.61
37.63
38.1
38.47
39.03
39.48
39.57
40.03
40.3
40.72
40.93
41.39
41.56
42.0
42.34
42.57
43.04
43.24
43.66
44.11
44.32
44.77
44.97
45.4
45.84
46.02
46.51
46.91
47.06
47.47
47.57
47.99
48.37
48.56
49.04
49.23
49.55
49.72
50.15
50.51
50.7
51.03
51.18
51.77
51.95
52.31
52.67
52.81
53.21
53.34
53.71
53.98
54.34
54.76
54.83
55.27
55.41
55.75
55.91
56.28
56.73
56.85
57.16
57.37
57.73
57.9
58.28
58.54
58.74
58.95
59.26
59.6
59.84
60.19
60.37
60.71
60.81
61.17
61.34
61.65
61.82
62.1
62.32
62.64
62.81
63.07
63.38
63.58
63.89
64.06
64.37
64.48
64.86
65.02
65.33
65.58
65.68
65.99
66.14
66.45
66.57
66.93
67.11
67.41
67.77
67.88
68.26
68.38
68.67
68.79
69.04
69.2
69.46
69.72
70.01
70.04
70.38
70.54
70.83
71.16
71.26
71.52
71.67
71.97
72.08
72.29
72.41
72.72
72.95
73.2
73.3
73.62
73.82
73.95
74.17
74.35
74.68
74.8
74.99
75.11
75.45
75.7
75.83
76.08
76.19
76.39
76.52
76.86
77.02
77.28
77.4
77.48
77.62
78.03
78.31
78.37
78.62
78.72
78.98
79.22
79.35
79.58
79.83
79.95
80.32
80.45
80.67
80.9
80.89
81.14
81.27
81.5
81.6
81.93
82.02
82.1
82.21
82.57
82.68
82.82
82.92
83.32
83.52
83.6
83.84
83.88
84.11
84.23
84.45
84.55
84.87
85.07
85.07
85.3
85.44
85.7
85.86
86.06
86.14
86.34
86.44
86.62
86.83
87.04
87.09
87.3
87.48
87.68
87.76
88.01
88.09
88.28
88.5
88.51
88.73
88.9
89.11
89.17
89.41
89.57
89.76
89.73
89.94
90.21
90.39
90.36
90.53
90.87
90.99
90.83
91.05
91.17
91.35
91.56
91.74
91.81
91.84
92.1
92.27
92.45
92.55
92.74
92.72
92.87
93.08
93.33
93.32
93.42
93.79
93.87
94.01
94.12
94.18
94.45
94.47
94.79
94.95
95.04
95.2
95.13
95.31
95.48
95.66
95.74
95.9
96.09
96.26
96.46
96.44
96.57
96.7
96.94
97.1
97.19
97.36
97.44
97.5
97.66
97.78
97.97
98.19
98.27
98.41
98.51
98.71
98.78
98.84
98.92
99.09
99.31
99.51
99.56
99.73
99.89
99.96
100.1
100.25
100.35
100.51
100.46
100.6
100.75
100.92
101.0
101.14
101.18
101.38
101.44
101.58
101.63
101.78
101.84
102.07
102.16
102.31
102.38
102.48
102.66
102.7
102.85
102.89
103.04
103.16
103.33
103.28
103.43
103.54
103.67
103.93
104.02
104.17
104.16
104.3
104.48
104.55
104.63
104.77
104.78
104.91
105.19
105.27
105.36
105.5
105.51
105.58
105.73
105.73
105.89
105.95
106.17
106.24
106.39
106.44
106.55
106.58
106.65
106.91
106.97
106.99
107.03
107.31
107.39
107.52
107.59
107.57
107.6
107.83
107.89
108.08
108.15
108.25
108.28
108.41
108.46
108.56
108.63
108.75
108.89
108.94
109.28
109.35
109.49
109.56
109.54
109.61
109.7
109.8
109.93
109.99
109.96
110.02
110.18
110.31
110.41
110.49
110.59
110.72
110.87
111.16
111.26
111.13
111.23
111.35
111.4
111.47
111.64
111.75
111.88
111.93
112.06
112.14
112.24
112.27
112.36
112.39
112.56
112.6
112.72
112.81
112.91
113.25
113.32
113.18
113.32
113.36
113.46
113.51
113.66
113.78
113.8
113.91
113.97
114.08
114.09
114.19
114.24
114.36
114.35
114.52
114.59
114.71
114.78
114.87
114.95
115.06
115.02
115.13
115.18
115.33
115.51
115.63
115.69
115.67
115.8
115.82
115.94
115.92
116.07
116.22
116.33
116.4
116.45
116.59
116.63
116.73
116.78
116.86
116.93
117.07
116.97
117.09
117.23
117.29
117.51
117.57
117.67
117.71
117.74
117.86
117.87
117.97
118.01
118.13
118.26
118.36
118.31
118.41
118.46
118.55
118.66
118.66
118.75
118.85
118.89
119.07
119.21
119.18
119.29
119.22
119.32
119.48
119.57
119.67
119.7
119.79
119.84
120.01
120.05
120.04
120.19
120.31
120.36
120.46
120.48
120.54
120.67
120.72
120.82
120.84
120.99
121.03
121.05
121.09
121.21
121.28
121.33
121.37
121.59
121.63
121.59
121.64
121.63
121.87
121.92
122.03
122.08
122.08
122.12
122.23
122.32
122.48
122.56
122.45
122.51
122.69
122.73
122.7
122.8
122.93
122.95
123.04
123.08
123.14
123.21
123.25
123.43
123.47
123.42
123.48
123.62
123.66
123.75
123.81
123.89
124.1
124.13
124.05
124.07
124.26
124.34
124.43
124.46
124.5
124.62
124.64
124.7
124.76
124.82
124.91
124.9
124.98
125.03
125.09
125.11
125.19
125.3
125.35
125.46
125.49
125.67
125.77
125.78
125.77
125.83
125.87
125.9
125.99
126.1
126.08
126.15
126.18
126.21
126.39
126.48
126.55
126.59
126.62
126.64
126.71
126.7
126.75
126.75
126.86
127.03
127.08
127.15
127.2
127.27
127.3
127.32
127.36
127.46
127.55
127.59
127.59
127.64
127.77
127.84
127.79
127.85
127.9
127.96
128.13
128.18
128.2
128.23
128.36
128.39
128.43
128.54
128.59
128.53
128.59
128.82
128.84
128.93
128.93
128.89
128.97
129.07
129.15
129.15
129.24
129.31
129.38
129.4
129.49
129.53
129.52
129.63
129.65
129.71
129.78
129.84
129.91
129.95
130.04
130.07
130.23
130.24
130.25
130.3
130.36
130.35
130.4
130.44
130.47
130.59
130.62
130.67
130.71
130.72
130.81
130.79
130.85
131.13
131.19
131.09
131.15
131.27
131.29
131.36
131.42
131.51
131.32
131.39
131.49
131.52
131.72
131.76
131.8
131.83
131.91
131.95
131.93
131.94
131.97
132.17
132.2
132.23
132.25
132.32
132.39
132.41
132.45
132.38
132.44
132.56
132.64
132.71
132.77
132.65
132.73
132.81
132.92
132.98
132.99
133.04
133.11
133.16
133.17
133.24
133.28
133.38
133.41
133.47
133.42
133.44
133.56
133.56
133.68
133.73
133.71
133.75
133.81
133.76
133.82
134.08
134.11
134.11
134.12
134.18
134.22
134.25
134.29
134.34
134.36
134.45
134.46
134.55
134.56
134.66
134.73
134.59
134.65
134.8
134.84
134.86
134.9
134.95
134.95
134.97
135.11
135.15
135.19
135.21
135.13
135.18
135.28
135.34
135.43
135.48
135.47
135.53
135.6
135.63
135.73
135.78
135.84
135.8
135.85
135.88
135.93
135.93
136.0
136.01
136.06
136.13
136.19
136.33
136.34
136.32
136.35
136.38
136.38
136.45
136.48
136.45
136.48
136.53
136.69
136.72
136.7
136.74
136.8
136.84
136.9
136.92
136.99
137.02
137.05
137.07
137.17
137.22
137.02
137.09
137.21
137.25
137.43
137.48
137.4
137.44
137.46
137.5
137.63
137.52
137.55
137.63
137.66
138.03
138.06
138.09
138.15
137.92
137.99
138.02
138.08
138.07
138.09
138.21
138.25
138.25
138.26
138.35
138.43
138.45
138.46
138.52
138.56
138.62
138.61
138.61
138.65
138.68
138.76
138.79
138.91
138.96
138.87
138.89
138.92
138.95
139.05
139.02
139.06
139.09
139.11
139.18
139.19
139.33
139.38
139.43
139.47
139.36
139.42
139.53
139.56
139.58
139.71
139.73
139.73
139.77
139.81
139.88
139.8
139.83
139.92
139.97
139.94
139.95
140.14
140.16
140.21
140.24
140.17
140.26
140.31
140.38
140.39
140.39
140.42
140.46
140.47
140.55
140.59
140.58
140.62
140.63
140.67
140.76
140.73
140.77
140.9
140.96
140.97
140.99
140.96
141.0
141.11
141.17
141.21
141.23
141.13
141.16
141.18
141.2
141.34
141.48
141.48
141.43
141.44
141.51
141.55
141.61
141.63
141.74
141.78
141.6
141.62
141.71
141.76
141.89
141.85
141.88
141.98
142.0
142.01
142.07
142.03
142.05
142.1
142.13
142.18
142.23
142.27
142.19
142.24
142.49
142.48
142.5
142.53
142.5
142.54
142.56
142.61
142.66
142.68
142.69
142.73
142.67
142.69
142.74
142.78
142.82
143.01
143.06
143.01
143.02
143.04
143.07
143.15
143.18
143.09
143.14
143.35
143.37
143.22
143.27
143.33
143.36
143.34
143.38
143.35
143.38
143.42
143.45
143.58
143.64
143.69
143.77
143.81
143.65
143.68
143.78
143.82
143.85
143.88
143.91
143.92
144.01
144.03
143.98
144.01
144.1
144.11
144.17
144.16
144.3
144.31
144.33
144.32
144.37
144.27
144.29
144.33
144.33
144.4
144.41
144.55
144.58
144.52
144.59
144.74
144.78
144.76
144.8
144.74
144.67
144.69
145.0
145.02
144.92
144.94
144.93
144.95
144.82
144.86
145.42
145.42
145.45
145.51
145.52
145.56
145.29
145.33
145.39
145.39
145.44
145.33
145.38
145.5
145.53
145.55
145.59
145.61
145.63
145.62
145.63
145.62
145.65
145.77
145.78
145.74
145.75
145.88
145.9
145.78
145.83
145.86
145.92
145.92
146.12
146.17
146.21
146.25
146.22
146.26
146.4
146.43
146.31
146.35
146.31
146.32
146.44
146.46
146.62
146.65
146.48
146.52
146.5
146.63
146.61
146.64
146.7
146.83
146.83
146.67
146.69
146.8
146.82
146.87
146.89
146.92
146.95
146.99
147.03
147.01
147.09
147.11
147.13
147.15
147.12
147.15
147.16
147.18
147.34
147.39
147.27
147.3
147.46
147.48
147.39
147.41
147.42
147.45
147.54
147.51
147.52
147.55
147.58
147.58
147.6
147.7
147.68
147.74
147.78
147.94
147.97
147.8
147.82
147.85
147.93
147.95
147.98
147.98
148.05
148.04
148.08
148.1
148.05
148.08
148.23
148.23
148.15
148.17
148.49
148.26
148.31
148.44
148.44
148.61
148.63
148.57
148.58
148.44
148.46
148.49
148.48
148.46
148.49
148.75
148.76
148.71
148.7
148.71
148.76
148.78
148.86
148.88
148.93
148.93
148.9
148.91
148.96
148.97
149.06
149.07
149.18
149.2
149.13
149.14
149.24
149.25
149.16
149.2
149.24
149.24
149.28
149.48
149.51
149.42
149.43
149.4
149.42
149.43
149.45
149.63
149.65
149.58
149.62
149.64
149.65
149.76
149.8
149.64
149.66
149.83
149.87
149.77
149.8
149.91
149.85
149.86
150.01
150.03
150.02
150.01
150.09
150.1
150.07
150.11
150.11
150.16
150.18
150.28
150.32
150.31
150.35
150.34
150.36
150.31
150.35
150.38
150.43
150.42
150.44
150.48
150.6
150.63
150.59
150.6
150.74
150.76
150.71
150.73
150.75
150.77
150.87
150.87
150.99
151.01
150.8
150.8
150.71
150.72
150.99
151.02
151.11
151.12
151.02
151.05
151.09
151.11
151.12
151.14
151.16
151.19
151.22
151.28
151.27
151.26
151.28
151.27
151.29
151.38
151.41
151.43
151.44
151.45
151.56
151.59
151.59
151.59
151.54
151.55
151.62
151.64
151.67
151.69
151.74
151.72
151.73
151.83
151.84
151.89
151.9
151.86
151.85
151.89
151.93
152.08
152.09
151.96
151.98
152.0
152.17
152.18
152.12
152.13
152.19
152.2
152.17
152.2
152.21
152.24
152.17
152.18
152.23
152.27
152.36
152.24
152.25
152.32
152.34
152.42
152.47
152.35
152.35
152.38
152.39
152.39
152.42
152.45
152.46
152.6
152.61
152.73
152.77
152.64
152.68
152.79
152.73
152.76
152.76
152.77
152.84
152.86
152.83
152.85
152.92
152.92
152.96
153.0
152.82
152.85
152.95
152.99
153.02
153.06
153.08
153.09
153.13
153.14
153.17
153.12
153.15
153.08
153.08
153.12
153.14
153.43
153.42
153.34
153.35
153.27
153.28
153.42
153.43
153.71
153.72
153.49
153.5
153.52
153.56
153.55
153.57
153.62
153.65
153.77
153.76
153.77
153.71
153.71
153.83
153.85
153.75
153.74
153.95
153.98
153.82
153.82
153.92
153.94
153.95
153.95
153.92
153.95
154.01
154.05
154.05
154.09
154.09
154.13
154.13
154.17
154.27
154.29
154.27
154.2
154.27
154.17
154.21
154.28
154.29
154.43
154.5
154.37
154.39
154.52
154.55
154.52
154.56
154.56
154.58
154.67
154.68
154.7
154.72
154.59
154.72
154.72
154.66
154.66
154.73
154.75
154.74
154.76
154.79
154.81
154.85
154.84
154.85
154.88
154.81
154.83
154.82
154.88
154.84
154.87
154.89
154.95
154.98
155.23
155.23
155.1
155.1
155.11
155.13
155.13
155.13
155.29
155.31
155.32
155.37
155.46
155.49
155.37
155.38
155.35
155.38
155.45
155.46
155.45
155.51
155.51
155.55
155.55
155.52
155.53
155.62
155.63
155.57
155.61
155.78
155.8
155.7
155.73
155.74
155.76
155.8
155.82
155.82
155.83
155.81
155.83
155.99
156.01
155.93
155.87
155.88
155.87
155.9
156.05
156.05
156.13
156.15
156.21
156.24
156.16
156.19
156.18
156.18
156.26
156.28
156.21
156.23
156.28
156.32
156.34
156.36
156.23
156.25
156.34
156.37
156.43
156.42
156.38
156.39
156.49
156.53
156.57
156.49
156.49
156.57
156.59
156.56
156.58
156.78
156.8
156.67
156.69
156.71
156.76
156.76
156.79
156.93
156.96
156.82
156.83
156.81
156.84
156.85
156.85
156.88
156.9
156.91
156.99
157.01
156.93
156.96
157.11
157.13
157.09
157.11
157.11
157.12
157.23
157.23
157.22
157.28
157.3
157.31
157.23
157.22
157.34
157.34
157.36
157.31
157.33
157.53
157.55
157.37
157.4
157.51
157.5
157.36
157.36
157.46
157.48
157.52
157.55
157.6
157.6
157.73
157.74
157.61
157.63
157.64
157.69
157.7
157.89
157.92
157.73
157.74
157.81
157.81
157.82
157.84
157.86
157.88
157.95
157.95
157.86
157.87
157.91
157.92
158.03
158.02
158.02
158.08
158.1
158.12
158.13
158.13
158.17
158.19
158.22
158.23
158.26
158.19
158.25
158.31
158.34
158.35
158.36
158.37
158.38
158.37
158.47
158.47
158.44
158.46
158.45
158.47
158.58
158.57
158.63
158.63
158.51
158.54
158.52
158.55
158.64
158.66
158.66
158.67
158.81
158.82
158.76
158.78
158.8
158.83
158.78
158.77
158.78
158.84
158.87
158.88
158.89
158.95
158.98
158.93
158.92
159.06
159.08
159.04
159.06
159.0
159.02
159.12
159.15
159.09
159.0
159.05
159.11
159.11
159.16
159.16
159.22
159.23
159.38
159.39
159.21
159.27
159.23
159.27
159.28
159.3
159.27
159.27
159.46
159.46
159.45
159.47
159.48
159.71
159.71
159.56
159.55
159.52
159.52
159.64
159.65
159.68
159.68
159.52
159.57
159.67
159.68
159.67
159.69
159.83
159.84
159.82
159.86
159.81
159.86
159.88
159.79
159.8
159.92
159.92
160.04
160.08
159.9
159.93
159.94
159.96
159.97
159.99
160.09
160.11
160.07
160.08
160.09
160.12
160.14
160.09
160.12
160.14
160.12
160.26
160.25
160.24
160.26
160.19
160.15
160.2
160.36
160.36
160.32
160.33
160.38
160.4
160.5
160.5
160.42
160.43
160.35
160.39
160.47
160.51
160.53
160.53
160.48
160.62
160.64
160.65
160.67
160.62
160.66
160.69
160.71
160.7
160.7
160.82
160.82
160.78
160.8
160.89
160.9
160.75
160.76
160.79
160.89
160.9
160.97
160.98
160.98
161.0
161.12
161.13
161.0
160.99
161.0
161.02
161.09
161.11
161.07
161.08
161.07
161.12
161.13
161.18
161.18
161.23
161.23
161.13
161.11
161.26
161.24
161.14
161.16
161.33
161.35
161.41
161.43
161.27
161.31
161.4
161.47
161.45
161.49
161.51
161.47
161.46
161.49
161.54
161.46
161.47
161.66
161.68
161.7
161.69
161.7
161.71
161.98
162.0
161.98
161.65
161.69
161.65
161.66
161.75
161.76
161.8
161.84
161.82
161.83
161.83
161.86
161.94
162.01
162.02
161.86
161.86
162.01
162.02
162.01
162.04
162.12
162.18
162.18
162.2
162.13
162.1
162.2
162.21
162.22
162.09
162.1
162.19
162.2
162.23
162.24
162.29
162.27
162.23
162.27
162.33
162.35
162.29
162.27
162.44
162.34
162.35
162.34
162.35
162.44
162.44
162.4
162.41
162.39
162.39
162.48
162.51
162.54
162.55
162.57
162.59
162.72
162.52
162.53
162.62
162.67
162.69
162.7
162.69
162.69
162.73
162.74
162.71
162.73
162.78
162.79
162.85
162.88
162.89
162.86
162.86
162.97
162.98
162.99
163.04
162.93
162.93
163.05
163.06
162.92
162.97
163.06
163.07
163.01
163.0
163.02
163.02
163.01
163.14
163.17
163.3
163.3
163.23
163.24
163.09
163.09
163.11
163.1
163.22
163.21
163.22
163.2
163.18
163.31
163.32
163.34
163.35
163.33
163.38
163.36
163.4
163.39
163.43
163.48
163.41
163.44
163.48
163.48
163.48
163.49
163.52
163.5
163.6
163.6
163.58
163.58
163.72
163.72
163.61
163.82
163.84
163.73
163.71
163.75
163.76
163.7
163.68
163.77
163.78
163.91
163.91
163.89
163.9
163.79
163.82
163.86
163.92
163.92
163.98
163.99
163.96
164.01
163.99
164.0
164.04
164.08
164.0
164.04
164.02
164.05
164.29
164.29
164.17
164.11
164.14
164.13
164.16
164.12
164.11
164.15
164.16
164.35
164.34
164.37
164.38
164.34
164.33
164.43
164.43
164.24
164.26
164.27
164.3
164.32
164.42
164.43
164.39
164.44
164.32
164.36
164.38
164.4
164.52
164.52
164.66
164.71
164.44
164.48
164.49
164.54
164.57
164.68
164.67
164.66
164.68
164.69
164.67
164.72
164.71
164.75
164.74
164.99
164.99
164.86
164.7
164.68
164.72
164.73
164.9
164.9
164.91
164.94
164.97
164.99
165.0
165.03
165.02
165.03
164.94
164.94
164.96
164.97
164.97
165.0
164.99
165.08
165.09
165.11
165.13
165.19
165.22
165.1
165.12
165.2
165.15
165.19
165.18
165.2
165.26
165.24
165.29
165.28
165.2
165.18
165.3
165.32
165.27
165.28
165.27
165.39
165.39
165.38
165.36
165.39
165.41
165.45
165.44
165.43
165.49
165.42
165.44
165.54
165.58
165.58
165.57
165.6
165.55
165.6
165.54
165.55
165.66
165.64
165.58
165.57
165.54
165.56
165.53
165.58
165.63
165.64
165.66
165.75
165.79
165.81
165.81
165.82
165.81
165.81
165.82
165.98
166.0
165.85
165.89
165.88
165.9
165.85
165.89
165.9
165.92
166.07
166.05
166.1
166.17
166.18
166.06
166.08
166.12
166.15
166.08
166.09
166.17
166.17
166.16
166.14
166.15
166.16
166.17
166.18
166.3
166.21
166.22
166.25
166.24
166.38
166.39
166.27
166.27
166.28
166.3
166.38
166.4
166.38
166.37
166.49
166.49
166.53
166.37
166.39
166.51
166.5
166.37
166.42
166.62
166.63
166.56
166.54
166.49
166.53
166.63
166.66
166.57
166.57
166.62
166.62
166.63
166.66
166.67
166.64
166.66
166.71
166.75
166.76
166.75
166.78
166.78
166.82
166.83
166.77
166.77
166.79
166.78
166.8
166.88
166.87
166.82
166.82
167.04
167.06
166.88
166.88
166.94
166.95
166.99
167.04
167.08
167.07
167.09
167.07
167.11
166.98
166.99
167.09
167.1
167.19
167.19
167.2
167.22
167.18
167.16
167.11
167.13
167.32
167.22
167.23
167.2
167.18
167.23
167.25
167.27
167.27
167.35
167.38
167.29
167.34
167.35
167.35
167.37
167.42
167.4
167.46
167.45
167.34
167.31
167.39
167.4
167.43
167.46
167.5
167.48
167.45
167.48
167.49
167.64
167.65
167.55
167.54
167.92
167.94
167.71
167.73
167.69
167.69
167.7
167.69
167.74
167.75
167.77
167.78
167.66
167.59
167.59
167.74
167.75
167.74
167.75
167.75
167.76
167.78
167.76
167.84
167.87
167.87
167.89
167.77
167.76
167.81
167.84
167.83
167.81
167.81
167.94
167.95
167.86
167.87
167.88
167.89
167.89
167.92
168.02
168.04
168.0
168.0
167.97
167.96
167.99
168.09
168.11
168.07
168.08
168.02
168.02
168.09
168.08
168.05
168.05
168.16
168.18
168.28
168.3
168.3
168.29
168.3
168.24
168.28
168.2
168.23
168.3
168.33
168.33
168.35
168.37
168.37
168.3
168.29
168.36
168.26
168.29
168.43
168.46
168.4
168.39
168.52
168.52
168.39
168.4
168.61
168.6
168.57
168.54
168.57
168.57
168.63
168.6
168.7
168.48
168.49
168.66
168.65
168.67
168.69
168.61
168.62
168.64
168.65
168.78
168.81
168.71
168.73
168.86
168.86
168.74
168.82
168.83
168.84
168.82
168.86
168.86
168.88
168.89
168.85
168.85
168.91
168.92
168.84
168.87
168.89
168.95
168.94
168.94
168.94
169.07
169.08
168.91
168.92
169.18
169.18
169.08
169.12
169.02
169.02
169.09
169.11
169.04
169.12
169.16
169.16
169.18
169.22
169.27
169.26
169.28
169.14
169.12
169.15
169.17
169.17
169.17
169.4
169.22
169.23
169.12
169.12
169.33
169.32
169.28
169.28
169.41
169.4
169.42
169.47
169.47
169.48
169.43
169.87
169.87
169.42
169.4
169.46
169.48
169.5
169.51
169.54
169.53
169.51
169.55
169.54
169.54
169.56
169.57
169.53
169.57
169.73
169.65
169.66
169.64
169.63
169.73
169.75
169.62
169.64
169.64
169.67
169.77
169.76
169.68
169.72
169.79
169.78
169.8
169.85
169.86
169.83
169.84
169.77
169.82
169.86
169.84
169.83
169.83
169.95
169.96
169.94
169.94
169.95
169.96
169.98
169.98
169.93
169.95
170.02
170.03
170.03
169.91
169.92
170.06
170.07
170.04
170.05
170.03
170.01
170.12
170.12
170.16
170.16
170.05
170.05
170.22
170.21
170.17
170.18
170.17
170.25
170.25
170.26
170.27
170.23
170.21
170.32
170.31
170.18
170.19
170.38
170.39
170.4
170.41
170.42
170.44
170.36
170.39
170.33
170.37
170.39
170.4
170.51
170.45
170.47
170.48
170.48
170.43
170.45
170.5
170.54
170.62
170.64
170.46
170.47
170.66
170.67
170.62
170.64
170.54
170.58
170.6
170.61
170.54
170.61
170.6
170.71
170.72
170.66
170.68
170.8
170.8
170.77
170.77
170.73
170.74
170.85
170.84
170.73
170.76
170.91
170.74
170.75
170.89
170.9
170.84
170.86
170.83
170.85
170.78
170.76
171.1
171.11
170.88
170.86
170.99
171.02
170.93
170.95
170.95
170.96
171.01
171.04
171.02
171.01
171.03
170.96
170.98
170.96
170.99
171.1
171.11
171.19
171.17
171.04
171.05
171.2
171.19
171.18
171.18
171.2
171.19
171.13
171.16
171.24
171.24
171.22
171.26
171.27
171.3
171.31
171.34
171.38
171.27
171.29
171.23
171.24
171.31
171.33
171.36
171.34
171.29
171.32
171.42
171.44
171.52
171.54
171.48
171.5
171.38
171.39
171.4
171.35
171.35
171.37
171.36
171.56
171.57
171.52
171.52
171.53
171.55
171.64
171.66
171.51
171.48
171.62
171.62
171.74
171.75
171.73
171.67
171.65
171.57
171.57
171.6
171.6
171.65
171.67
171.72
171.75
171.69
171.72
171.7
171.7
171.85
171.85
171.85
171.89
171.9
171.83
171.85
171.82
171.8
171.98
171.99
171.75
171.75
172.04
172.05
172.06
172.06
171.99
172.0
171.93
172.07
172.07
171.95
171.96
171.99
172.0
171.95
171.94
171.96
171.96
171.89
171.9
171.99
172.02
172.12
172.12
172.12
172.14
172.12
172.22
172.23
172.23
172.23
172.07
172.09
172.25
172.24
172.18
172.18
172.25
172.24
172.28
172.31
172.31
172.32
172.34
172.33
172.2
172.23
172.23
172.26
172.36
172.34
172.27
172.28
172.37
172.34
172.29
172.32
172.33
172.41
172.39
172.4
172.4
172.35
172.37
172.45
172.47
172.48
172.49
172.43
172.43
172.55
172.58
172.66
172.65
172.64
172.64
172.55
172.55
172.57
172.55
172.57
172.54
172.55
172.65
172.65
172.65
172.63
172.65
172.67
172.66
172.65
172.75
172.74
172.8
172.81
172.77
172.79
172.81
172.83
172.74
172.73
172.85
172.79
172.8
172.83
172.86
172.9
172.89
172.89
172.88
172.86
172.85
172.9
172.89
172.88
172.88
172.91
172.9
172.95
172.97
172.96
172.98
173.01
173.02
173.03
173.04
173.03
173.03
173.04
173.06
173.04
173.08
173.09
173.07
173.1
173.03
173.01
173.11
173.1
173.09
173.12
172.91
172.92
173.15
173.21
173.21
173.16
173.19
173.19
173.21
173.18
173.19
173.16
173.18
173.36
173.36
173.26
173.28
173.29
173.29
173.38
173.41
173.22
173.35
173.38
173.31
173.32
173.33
173.35
173.32
173.34
173.33
173.31
173.36
173.39
173.44
173.42
173.43
173.45
173.34
173.36
173.44
173.44
173.52
173.6
173.62
173.47
173.43
173.57
173.56
173.47
173.48
173.58
173.63
173.62
173.66
173.59
173.59
173.63
173.64
173.57
173.57
173.56
173.73
173.71
173.7
173.72
173.78
173.77
173.79
173.8
173.73
173.73
173.87
173.88
173.73
173.72
173.71
173.74
173.74
173.69
173.7
173.75
173.77
173.77
173.78
173.89
173.9
173.81
173.81
173.8
173.82
174.0
174.03
173.85
173.87
173.91
173.93
173.99
173.89
173.89
174.0
173.98
174.01
174.02
173.87
173.84
173.97
173.96
174.1
174.13
174.05
174.05
174.11
174.13
173.95
173.97
173.97
174.11
174.12
174.07
174.09
174.09
174.12
174.08
174.07
174.14
174.14
174.22
174.23
174.15
174.18
174.14
174.14
174.31
174.33
174.34
174.29
174.29
174.18
174.19
174.32
174.33
174.26
174.27
174.34
174.36
174.39
174.38
174.39
174.38
174.31
174.3
174.33
174.33
174.43
174.44
174.45
174.46
174.35
174.37
174.49
174.39
174.4
174.4
174.39
174.42
174.43
174.44
174.45
174.5
174.52
174.5
174.53
174.44
174.43
174.52
174.57
174.58
174.6
174.58
174.6
174.59
174.64
174.67
174.69
174.69
174.71
174.72
174.55
174.57
174.67
174.66
174.6
174.61
174.73
174.74
174.69
174.7
174.77
174.78
174.69
174.78
174.79
174.72
174.74
174.83
174.84
174.76
174.76
174.76
174.78
174.8
174.83
174.81
174.84
174.81
174.83
174.77
174.81
174.81
174.83
174.81
174.81
174.86
174.87
174.88
174.88
174.88
174.87
174.9
174.99
174.99
175.05
175.05
175.06
175.04
174.98
175.02
175.03
175.03
175.03
175.03
174.97
174.98
175.05
175.06
175.11
175.14
175.19
175.2
175.16
175.1
175.12
175.18
175.19
175.14
175.12
175.23
175.24
175.14
175.13
175.1
175.14
175.17
175.19
175.17
175.18
175.23
175.2
175.2
175.24
175.25
175.32
175.33
175.2
175.21
175.37
175.37
175.36
175.36
175.33
175.34
175.28
175.3
175.43
175.46
175.27
175.3
175.45
175.47
175.5
175.5
175.42
175.42
175.41
175.4
175.39
175.48
175.49
175.47
175.48
175.48
175.48
175.47
175.48
175.46
175.44
175.44
175.43
175.49
175.5
175.63
175.64
175.59
175.59
175.54
175.54
175.53
175.52
175.51
175.58
175.58
175.58
175.59
175.68
175.69
175.62
175.6
175.74
175.74
175.7
175.72
175.63
175.65
175.74
175.74
175.77
175.75
175.72
175.71
175.8
175.8
175.81
175.84
176.05
175.77
175.77
175.83
175.83
175.83
175.85
175.91
175.94
175.74
175.77
175.84
175.9
175.86
175.88
175.71
175.86
175.89
175.91
175.92
175.96
175.98
175.92
175.96
175.94
175.96
175.86
175.88
176.01
176.01
175.9
175.91
176.13
176.14
176.04
176.05
176.1
176.12
176.17
176.19
176.2
176.04
176.07
176.11
176.12
176.01
176.04
176.05
176.06
176.17
176.19
176.11
176.13
176.27
176.24
176.3
176.29
176.25
176.25
176.22
176.2
176.17
176.16
176.29
176.28
176.28
176.27
176.29
176.26
176.27
176.28
176.28
176.26
176.26
176.33
176.3
176.46
176.46
176.32
176.33
176.42
176.45
176.43
176.43
176.39
176.37
176.34
176.33
176.46
176.32
176.37
176.42
176.45
176.35
176.35
176.43
176.42
176.38
176.39
176.44
176.46
176.32
176.32
176.54
176.52
176.47
176.46
176.59
176.58
176.59
176.6
176.55
176.53
176.54
176.56
176.56
176.53
176.57
176.62
176.63
176.68
176.67
176.64
176.63
176.47
176.48
176.71
176.69
176.72
176.73
176.71
176.71
176.79
176.61
176.6
176.63
176.65
176.67
176.7
176.7
176.71
176.85
176.85
176.78
176.78
176.82
176.87
176.72
176.75
176.9
176.89
176.81
176.85
176.86
176.94
176.95
176.84
176.87
176.89
176.89
176.9
176.89
176.92
176.92
176.99
176.98
176.91
176.91
176.94
176.98
176.97
177.01
177.02
177.05
177.08
176.88
176.89
177.01
177.04
177.03
177.06
176.99
176.97
177.11
177.11
177.08
177.02
177.01
176.97
176.96
177.09
177.1
177.1
177.12
177.0
177.02
177.15
177.15
177.08
177.09
177.09
177.11
177.21
177.2
177.13
177.24
177.23
177.26
177.25
177.1
177.14
177.23
177.23
177.23
177.21
177.22
177.22
177.46
177.45
177.47
177.49
177.3
177.34
177.34
177.32
177.31
177.36
177.39
177.4
177.41
177.34
177.35
177.41
177.4
177.3
177.32
177.36
177.36
177.44
177.5
177.49
177.3
177.31
177.38
177.42
177.42
177.42
177.51
177.51
177.45
177.44
177.41
177.4
177.55
177.57
177.43
177.54
177.54
177.51
177.49
177.5
177.53
177.69
177.7
177.68
177.73
177.63
177.62
177.56
177.57
177.51
177.53
177.53
177.64
177.66
177.67
177.68
177.65
177.62
177.6
177.63
177.66
177.66
177.6
177.62
177.74
177.75
177.69
177.69
177.71
177.73
177.73
177.75
177.75
177.67
177.69
177.83
177.85
177.65
177.65
177.71
177.73
177.88
177.91
177.73
177.72
177.84
177.82
177.84
177.78
177.77
177.83
177.84
177.87
177.85
177.88
177.86
177.81
177.83
177.88
177.88
177.86
177.88
178.02
177.9
177.91
177.92
177.95
177.95
177.96
178.05
178.05
178.02
178.01
177.9
177.89
177.97
177.98
178.03
177.93
177.94
178.09
178.07
178.07
178.06
178.04
178.03
178.08
178.09
178.21
178.21
178.09
178.13
178.08
178.1
178.14
178.15
178.18
178.23
178.23
178.06
178.09
178.23
178.23
178.16
178.16
178.31
178.3
178.15
178.18
178.27
178.28
178.27
178.09
178.11
178.1
178.1
178.18
178.18
178.26
178.29
178.14
178.15
178.31
178.3
178.31
178.29
178.29
178.29
178.25
178.25
178.31
178.29
178.3
178.4
178.37
178.34
178.33
178.54
178.57
178.35
178.37
178.43
178.42
178.39
178.39
178.52
178.48
178.52
178.52
178.53
178.47
178.48
178.47
178.5
178.58
178.59
178.51
178.48
178.59
178.6
178.52
178.54
178.49
178.48
178.49
178.47
178.51
178.6
178.62
178.61
178.62
178.52
178.52
178.67
178.68
178.68
178.69
178.55
178.58
178.68
178.69
178.59
178.56
178.56
178.64
178.65
178.63
178.63
178.66
178.7
178.76
178.76
178.78
178.79
178.68
178.71
178.67
178.68
178.69
178.83
178.84
178.72
178.74
178.76
178.75
178.71
178.7
178.78
178.76
178.86
178.85
178.89
178.91
178.86
178.87
178.91
178.74
178.73
178.88
178.88
178.98
178.99
178.81
178.8
178.95
178.95
178.91
178.92
178.92
178.93
178.96
178.98
178.91
178.89
178.94
178.95
178.97
179.03
179.05
178.97
178.99
178.84
178.85
179.06
179.08
179.15
179.15
179.02
179.0
179.0
179.01
179.02
179.03
178.94
178.95
178.98
179.11
179.11
179.15
179.14
179.18
179.21
179.08
179.06
179.09
179.08
179.16
179.14
179.14
179.15
179.12
179.13
179.13
179.11
179.19
179.25
179.28
179.25
179.28
179.28
179.29
179.1
179.07
179.18
179.2
179.29
179.3
179.39
179.4
179.12
179.13
179.36
179.37
179.32
179.19
179.19
179.2
179.21
179.31
179.34
179.35
179.36
179.3
179.31
179.35
179.35
179.41
179.42
179.4
179.43
179.42
179.43
179.45
179.45
179.44
179.43
179.42
179.52
179.49
179.53
179.53
179.43
179.44
179.35
179.32
179.49
179.49
179.3
179.31
179.55
179.57
179.55
179.57
179.57
179.55
179.55
179.51
179.51
179.63
179.64
179.65
179.65
179.42
179.42
179.45
179.46
179.6
179.59
179.58
179.63
179.64
179.61
179.62
179.61
179.62
179.64
179.65
179.65
179.65
179.66
179.65
179.71
179.74
179.73
179.76
179.76
179.68
179.7
179.69
179.71
179.72
179.72
179.67
179.68
179.69
179.71
179.69
179.69
179.9
179.88
179.87
179.81
179.83
179.73
179.74
179.77
179.77
179.9
179.89
179.85
179.86
179.85
179.83
179.8
179.9
179.91
179.83
179.82
179.92
179.93
179.96
179.95
179.93
179.95
179.83
179.85
179.91
179.92
179.91
179.84
179.85
179.95
179.95
179.91
179.92
179.98
179.96
179.82
179.82
180.06
180.06
179.93
179.95
179.92
179.94
179.93
179.91
179.95
179.99
180.0
180.03
180.05
180.14
180.16
180.11
180.11
180.19
180.21
180.07
180.07
180.08
180.08
180.06
180.06
180.08
180.11
180.11
180.11
180.12
180.05
180.1
179.95
179.95
180.07
180.09
180.23
180.05
180.07
180.15
180.14
180.09
180.12
180.12
180.13
180.25
180.25
180.28
180.28
180.2
180.19
180.21
180.3
180.29
180.23
180.22
180.25
180.27
180.27
180.3
180.25
180.26
180.32
180.34
180.35
180.34
180.32
180.3
180.43
180.44
180.43
180.47
180.47
180.43
180.43
180.38
180.41
180.33
180.34
180.34
180.35
180.41
180.4
180.36
180.36
180.36
180.36
180.4
180.39
180.26
180.28
180.27
180.44
180.45
180.43
180.46
180.49
180.47
180.46
180.44
180.52
180.51
180.54
180.53
180.54
180.57
180.57
180.53
180.49
180.43
180.41
180.54
180.53
180.64
180.63
180.74
180.75
180.63
180.65
180.65
180.63
180.63
180.62
180.66
180.58
180.6
180.54
180.53
180.71
180.71
180.68
180.68
180.64
180.67
180.67
180.69
180.69
180.7
180.71
180.75
180.78
180.78
180.78
180.69
180.72
180.63
180.61
180.75
180.73
180.73
180.8
180.81
180.85
180.86
180.7
180.72
180.79
180.79
180.82
180.82
180.75
180.78
180.8
180.83
180.79
180.88
180.88
180.86
180.88
180.91
180.93
180.92
180.93
180.94
180.92
180.92
180.93
180.76
180.77
180.88
180.88
180.84
180.93
180.94
180.82
180.85
180.93
180.94
180.88
180.88
180.9
180.89
180.95
180.94
181.08
181.11
180.99
181.01
180.92
180.95
181.08
180.96
180.97
181.07
181.1
181.04
181.03
181.03
181.01
180.98
180.96
181.08
181.05
181.14
181.15
180.96
180.96
181.06
181.09
181.05
181.08
181.32
181.06
181.07
181.13
181.15
181.06
181.06
181.1
181.09
181.12
181.14
181.23
181.24
181.03
181.05
181.15
181.17
181.27
181.28
181.03
181.07
181.09
181.09
181.11
181.27
181.29
181.15
181.14
181.22
181.21
181.17
181.17
181.35
181.35
181.36
181.37
181.33
181.28
181.27
181.32
181.33
181.2
181.2
181.21
181.21
181.36
181.37
181.3
181.28
181.37
181.36
181.42
181.42
181.39
181.4
181.39
181.43
181.44
181.45
181.45
181.49
181.47
181.4
181.39
181.36
181.38
181.46
181.46
181.36
181.36
181.41
181.42
181.46
181.42
181.43
181.36
181.37
181.58
181.57
181.44
181.46
181.44
181.42
181.48
181.48
181.47
181.51
181.57
181.57
181.39
181.63
181.63
181.55
181.56
181.53
181.53
181.63
181.65
181.53
181.55
181.58
181.57
181.53
181.53
181.6
181.61
181.56
181.56
181.56
181.64
181.65
181.73
181.73
181.55
181.56
181.71
181.71
181.62
181.63
181.63
181.62
181.62
181.63
181.64
181.63
181.64
181.65
181.65
181.66
181.65
181.79
181.74
181.74
181.66
181.65
181.76
181.76
181.71
181.71
181.68
181.69
181.77
181.78
181.76
181.76
181.72
181.73
181.71
181.86
181.86
181.87
181.88
181.72
181.72
181.81
181.8
181.87
181.88
181.88
181.89
181.79
181.8
181.73
181.79
181.8
181.95
181.94
181.89
181.91
181.89
181.9
181.9
181.9
181.86
181.87
181.94
181.95
181.91
182.15
182.16
182.04
182.06
182.01
181.97
181.93
181.92
181.96
181.96
181.84
181.84
181.86
181.85
182.04
182.06
181.95
181.9
181.92
182.02
182.02
182.05
182.06
182.07
182.08
181.95
181.95
181.99
182.02
182.05
182.05
182.05
182.05
182.12
182.11
182.12
182.09
182.09
182.15
182.15
182.04
182.03
182.04
182.05
182.04
182.06
182.11
182.12
182.06
182.06
182.06
182.06
182.08
182.32
182.32
182.15
182.14
182.17
182.17
182.09
182.09
182.08
182.11
182.1
182.1
182.14
182.11
182.2
182.09
182.13
182.24
182.24
182.19
182.19
182.24
182.26
182.15
182.16
182.31
182.29
182.3
182.29
182.33
182.22
182.23
182.34
182.31
182.38
182.37
182.38
182.4
182.31
182.34
182.19
182.2
182.24
182.25
182.34
182.36
182.31
182.32
182.35
182.29
182.3
182.41
182.41
182.29
182.29
182.45
182.45
182.36
182.38
182.35
182.36
182.33
182.33
182.38
182.42
182.39
182.55
182.55
182.47
182.44
182.41
182.4
182.45
182.47
182.45
182.47
182.47
182.48
182.55
182.53
182.45
182.43
182.44
182.48
182.49
182.46
182.48
182.48
182.48
182.47
182.47
182.63
182.64
182.44
182.49
182.49
182.63
182.63
182.53
182.56
182.57
182.55
182.6
182.62
182.67
182.68
182.67
182.68
182.66
182.64
182.64
182.58
182.59
182.61
182.61
182.74
182.74
182.57
182.57
182.74
182.74
182.66
182.71
182.69
182.7
182.67
182.67
182.76
182.77
182.7
182.66
182.67
182.62
182.61
182.64
182.62
182.72
182.71
182.73
182.76
182.68
182.69
182.73
182.75
183.03
183.02
182.84
182.78
182.77
182.77
182.77
182.78
182.78
182.78
182.78
182.84
182.84
182.82
182.83
182.84
182.84
182.85
182.85
182.84
182.92
182.93
182.84
182.85
182.84
182.84
182.94
182.94
182.94
182.95
182.8
182.8
182.81
182.81
182.85
182.92
182.95
182.95
182.95
182.96
182.93
182.84
182.86
183.1
183.1
182.91
182.92
182.88
182.89
182.88
182.92
182.92
182.95
182.95
183.02
183.03
182.99
183.01
182.99
183.0
182.98
182.99
183.04
183.05
183.02
183.06
183.0
183.05
183.04
183.05
183.04
183.09
183.12
182.91
182.91
183.05
183.07
183.04
183.05
183.01
183.01
183.28
183.28
183.11
183.11
183.11
183.1
183.11
183.17
183.17
183.11
183.13
183.17
183.19
183.19
183.2
183.27
183.27
183.06
183.05
183.11
183.23
183.23
183.25
183.26
183.24
183.27
183.21
183.2
183.19
183.19
183.24
183.27
183.23
183.22
183.23
183.24
183.15
183.14
183.32
183.21
183.23
183.32
183.32
183.3
183.29
183.23
183.24
183.33
183.3
183.37
183.36
183.27
183.27
183.21
183.23
183.38
183.38
183.37
183.31
183.31
183.34
183.39
183.34
183.35
183.29
183.27
183.35
183.35
183.24
183.23
183.32
183.32
183.34
183.35
183.35
183.36
183.37
183.44
183.46
183.37
183.38
183.47
183.5
183.49
183.5
183.4
183.38
183.36
183.35
183.43
183.44
183.44
183.44
183.54
183.46
183.42
183.43
183.43
183.51
183.51
183.47
183.5
183.43
183.45
183.49
183.46
183.47
183.48
183.43
183.44
183.5
183.49
183.43
183.62
183.58
183.54
183.55
183.47
183.48
183.59
183.62
183.61
183.62
183.66
183.67
183.55
183.58
183.55
183.56
183.58
183.59
183.66
183.59
183.62
183.56
183.58
183.74
183.78
183.6
183.6
183.64
183.67
183.65
183.65
183.74
183.74
183.6
183.69
183.69
183.73
183.74
183.74
183.76
183.78
183.78
183.73
183.72
183.69
183.7
183.87
183.87
183.69
183.69
183.79
183.72
183.73
183.67
183.67
183.77
183.77
183.78
183.78
183.73
183.75
183.75
183.73
183.76
183.76
183.83
183.85
183.86
183.87
183.87
183.74
183.75
183.81
183.84
183.76
183.75
183.81
183.81
183.96
183.93
183.96
183.86
183.88
183.8
183.8
183.8
183.81
183.98
183.96
183.89
183.9
183.8
183.8
183.9
183.94
183.93
184.06
184.04
184.0
184.0
183.93
183.92
183.94
183.96
183.96
183.95
183.95
183.94
184.03
184.04
183.96
183.95
183.98
183.97
183.97
183.99
183.99
184.01
184.04
183.86
183.86
184.08
184.07
184.06
183.97
183.97
184.12
184.12
184.06
184.04
184.02
184.03
184.02
184.02
184.15
184.13
184.15
184.1
184.1
184.01
184.01
184.03
184.04
184.2
184.22
184.0
184.0
184.19
184.22
184.04
184.06
184.07
184.07
184.06
184.05
184.04
184.06
184.09
184.29
184.29
184.11
184.11
184.2
184.19
184.23
184.21
184.18
184.18
184.16
184.17
184.16
184.16
184.16
184.16
184.19
184.3
184.3
184.2
184.19
184.19
184.2
184.18
184.18
184.17
184.17
184.25
184.27
184.15
184.16
184.38
184.38
184.29
184.29
184.37
184.37
184.38
184.34
184.34
184.36
184.36
184.25
184.25
184.36
184.37
184.38
184.38
184.31
184.31
184.39
184.38
184.28
184.32
184.41
184.41
184.32
184.32
184.32
184.39
184.4
184.26
184.27
184.32
184.33
184.33
184.33
184.42
184.42
184.35
184.36
184.37
184.36
184.32
184.29
184.39
184.38
184.36
184.51
184.51
184.48
184.47
184.34
184.37
184.39
184.39
184.39
184.41
184.5
184.49
184.33
184.3
184.55
184.55
184.43
184.44
184.5
184.5
184.36
184.4
184.42
184.43
184.41
184.37
184.39
184.4
184.39
184.41
184.42
184.58
184.59
184.45
184.43
184.55
184.56
184.52
184.44
184.45
184.46
184.45
184.55
184.58
184.62
184.63
184.64
184.64
184.58
184.58
184.61
184.61
184.62
184.64
184.67
184.65
184.65
184.55
184.56
184.59
184.61
184.61
184.63
184.63
184.63
184.56
184.58
184.73
184.74
184.67
184.67
184.69
184.59
184.59
184.7
184.69
184.68
184.69
184.63
184.63
184.75
184.76
184.66
184.67
184.75
184.77
184.49
184.76
184.75
184.68
184.7
184.73
184.74
184.8
184.81
184.78
184.79
184.75
184.75
184.77
184.77
184.77
184.78
184.7
184.81
184.82
184.84
184.85
184.8
184.8
184.7
184.71
184.78
184.8
184.8
184.79
184.87
184.88
184.83
184.84
185.15
184.85
184.85
184.74
184.74
184.79
184.82
184.71
184.7
184.9
184.9
184.83
184.83
184.88
184.88
184.77
184.76
184.79
184.78
184.83
184.81
184.86
184.82
184.83
184.89
184.89
184.98
184.99
184.84
184.83
184.89
184.89
184.94
184.95
184.84
184.83
184.84
184.83
184.91
184.91
185.0
184.88
184.89
184.86
184.84
184.91
184.91
184.83
184.84
184.83
184.84
184.9
184.9
184.95
184.99
185.0
185.0
185.02
184.95
184.95
184.98
184.99
184.95
184.95
184.92
184.94
185.05
185.04
185.1
185.1
185.06
185.05
185.0
185.06
185.04
185.07
185.07
185.14
185.13
185.12
185.14
185.12
185.13
185.11
185.08
185.14
185.13
185.09
185.09
185.02
185.01
185.04
185.04
185.04
185.08
185.09
185.05
185.04
185.05
185.05
185.24
185.27
185.21
185.19
185.12
185.13
185.11
185.11
185.12
185.11
185.13
185.15
185.1
185.15
185.18
185.14
185.16
185.14
185.14
185.08
185.09
185.22
185.21
185.12
185.12
185.08
185.1
185.18
185.21
185.14
185.14
185.19
185.19
185.29
185.16
185.15
185.24
185.24
185.28
185.3
185.35
185.32
185.23
185.24
185.38
185.37
185.27
185.28
185.35
185.33
185.23
185.24
185.17
185.22
185.24
185.46
185.46
185.35
185.36
185.31
185.34
185.22
185.22
185.36
185.32
185.29
185.28
185.27
185.28
185.28
185.3
185.4
185.35
185.35
185.47
185.48
185.48
185.48
185.48
185.45
185.33
185.32
185.46
185.45
185.33
185.35
185.51
185.54
185.42
185.4
185.45
185.45
185.59
185.59
185.59
185.75
185.76
185.43
185.44
185.46
185.46
185.33
185.31
185.45
185.45
185.38
185.4
185.4
185.39
185.46
185.49
185.36
185.35
185.42
185.4
185.38
185.48
185.47
185.55
185.53
185.6
185.6
185.45
185.43
185.43
185.43
185.46
185.46
185.58
185.61
185.5
185.5
185.61
185.58
185.58
185.61
185.64
185.47
185.47
185.46
185.45
185.51
185.53
185.57
185.56
185.55
185.55
185.61
185.62
185.47
185.58
185.58
185.61
185.63
185.45
185.44
185.57
185.6
185.52
185.52
185.66
185.64
185.51
185.53
185.63
185.62
185.62
185.61
185.62
185.63
185.62
185.58
185.57
185.63
185.61
185.62
185.62
185.56
185.55
185.65
185.63
185.63
185.65
185.64
185.64
185.68
185.68
185.69
185.7
185.58
185.67
185.67
185.67
185.7
185.71
185.7
185.72
185.73
185.69
185.7
185.71
185.69
185.86
185.86
185.74
185.74
185.65
185.64
185.89
185.89
185.67
185.65
185.73
185.71
185.74
185.68
185.67
185.76
185.76
185.73
185.73
185.74
185.74
185.8
185.8
185.77
185.65
185.62
185.78
185.78
185.83
185.83
185.84
185.83
185.79
185.83
185.73
185.73
185.89
185.92
185.77
185.77
185.8
185.82
185.8
185.8
185.78
185.81
185.81
185.89
185.9
185.8
185.79
185.87
185.87
185.76
185.78
185.98
185.97
185.91
185.89
185.89
185.92
185.83
185.89
185.91
185.96
185.92
185.82
185.82
185.8
185.8
185.85
185.86
185.97
185.98
185.88
185.89
185.89
185.89
185.93
185.92
185.9
185.93
185.93
185.84
185.83
185.9
185.92
186.01
186.01
186.0
186.0
185.93
185.92
186.07
186.07
185.94
185.77
185.79
186.01
186.02
186.04
186.01
185.99
185.98
186.03
186.02
185.92
185.92
185.94
185.94
185.91
185.91
186.11
186.1
186.03
186.03
185.97
185.95
186.07
186.07
186.03
185.98
186.0
186.09
186.07
186.09
186.09
186.13
186.12
186.14
186.13
185.94
185.95
186.04
186.06
186.05
186.07
186.05
186.16
186.17
186.05
186.06
186.08
186.09
186.08
186.09
186.02
186.01
186.02
186.04
186.13
186.13
186.19
186.2
186.08
186.09
186.04
186.04
186.08
186.09
186.15
186.22
186.23
186.1
186.1
186.23
186.23
186.13
186.13
186.11
186.11
186.14
186.12
186.33
186.32
186.25
186.27
186.13
186.12
186.14
186.1
186.13
186.12
186.11
186.24
186.22
186.24
186.24
186.27
186.29
186.07
186.05
186.25
186.26
186.22
186.23
186.17
186.17
186.3
186.32
186.2
186.27
186.26
186.26
186.27
186.27
186.28
186.24
186.26
186.34
186.34
186.2
186.23
186.33
186.35
186.34
186.25
186.23
186.22
186.22
186.35
186.36
186.28
186.3
186.23
186.25
186.28
186.29
186.3
186.33
186.38
186.38
186.24
186.24
186.34
186.36
186.19
186.2
186.39
186.28
186.26
186.28
186.26
186.42
186.42
186.38
186.36
186.29
186.31
186.44
186.43
186.39
186.39
186.39
186.37
186.54
186.53
186.27
186.28
186.28
186.41
186.43
186.45
186.45
186.37
186.37
186.45
186.45
186.33
186.35
186.39
186.39
186.4
186.4
186.45
186.46
186.44
186.45
186.52
186.53
186.43
186.42
186.41
186.37
186.38
186.41
186.41
186.39
186.42
186.42
186.43
186.47
186.45
186.55
186.53
186.54
186.53
186.49
186.5
186.44
186.5
186.53
186.52
186.52
186.49
186.5
186.45
186.44
186.55
186.56
186.44
186.45
186.47
186.48
186.5
186.5
186.5
186.45
186.44
186.53
186.54
186.57
186.57
186.46
186.45
186.55
186.57
186.63
186.63
186.5
186.5
186.54
186.55
186.55
186.52
186.54
186.85
186.85
186.66
186.64
186.46
186.48
186.49
186.49
186.8
186.8
186.6
186.59
186.63
186.62
186.66
186.65
186.64
186.64
186.73
186.74
186.64
186.64
186.54
186.55
186.71
186.7
186.71
186.53
186.54
186.63
186.63
186.68
186.67
186.61
186.62
186.64
186.64
186.64
186.64
186.78
186.8
186.6
186.6
186.82
186.83
186.65
186.71
186.73
186.7
186.72
186.73
186.74
186.67
186.66
186.71
186.71
186.65
186.64
186.67
186.67
186.65
186.66
186.8
186.79
186.67
186.68
186.68
186.69
186.7
186.72
186.73
186.72
186.72
186.79
186.79
186.73
186.74
186.83
186.84
186.79
186.78
186.71
186.63
186.63
186.85
186.85
186.72
186.74
186.84
186.83
186.85
186.87
186.81
186.81
186.72
186.72
186.71
186.68
186.69
186.72
186.74
186.93
186.95
186.79
186.79
186.87
186.84
186.85
186.87
186.82
186.81
186.7
186.71
186.8
186.82
186.95
186.94
186.86
186.86
186.96
186.82
186.82
186.86
186.86
186.8
186.79
186.89
186.87
186.89
186.87
186.91
186.92
186.96
186.97
186.91
186.92
186.93
186.81
186.84
186.91
186.91
186.9
186.89
186.91
186.93
186.94
186.95
186.97
186.97
186.78
186.76
186.77
186.96
186.97
186.97
186.97
186.88
186.88
186.9
186.9
186.94
186.92
186.9
186.92
186.96
186.94
187.0
187.01
187.11
187.1
186.75
186.76
187.1
187.1
186.97
186.95
186.93
187.09
187.09
186.9
186.9
186.97
186.98
187.07
187.07
186.92
187.06
187.06
187.07
187.07
187.08
187.08
187.08
187.08
186.94
186.95
187.03
187.04
187.1
187.09
187.06
187.06
187.06
186.95
186.96
187.19
187.16
186.98
186.98
187.07
187.09
187.06
187.06
187.06
187.05
187.11
187.1
187.1
187.12
187.12
187.12
187.09
187.11
187.13
187.16
187.07
187.05
187.05
187.03
187.01
187.06
187.05
187.23
187.22
186.99
187.01
187.07
187.07
187.15
187.17
187.11
187.09
187.09
187.09
187.2
187.2
187.19
187.1
187.1
187.24
187.23
187.09
187.08
187.13
187.14
187.18
187.19
187.11
187.12
187.17
187.19
187.15
187.17
187.34
187.33
187.33
187.33
187.12
187.1
187.17
187.19
187.33
187.16
187.17
187.1
187.1
187.26
187.26
187.08
187.06
187.15
187.17
187.16
187.16
187.16
187.15
187.23
187.24
187.26
187.26
187.21
187.23
187.23
187.24
187.24
187.25
187.27
187.26
187.24
187.16
187.16
187.26
187.26
187.18
187.19
187.29
187.3
187.31
187.31
187.28
187.32
187.32
187.32
187.3
187.3
187.34
187.31
187.32
187.32
187.33
187.37
187.39
187.39
187.4
187.2
187.21
187.4
187.24
187.24
187.34
187.35
187.29
187.29
187.32
187.33
187.33
187.31
187.39
187.4
187.38
187.4
187.41
187.39
187.33
187.33
187.32
187.28
187.29
187.4
187.39
187.24
187.25
187.33
187.33
187.37
187.39
187.39
187.39
187.27
187.28
187.49
187.51
187.4
187.41
187.43
187.42
187.46
187.37
187.38
187.41
187.4
187.43
187.42
187.47
187.5
187.61
187.59
187.42
187.42
187.47
187.49
187.49
187.52
187.52
187.53
187.44
187.44
187.46
187.4
187.38
187.46
187.46
187.5
187.52
187.47
187.47
187.47
187.48
187.48
187.47
187.46
187.46
187.4
187.39
187.41
187.5
187.48
187.56
187.59
187.58
187.59
187.65
187.65
187.61
187.62
187.6
187.61
187.52
187.49
187.46
187.49
187.48
187.56
187.58
187.55
187.56
187.47
187.49
187.51
187.52
187.55
187.55
187.62
187.64
187.63
187.61
187.53
187.54
187.48
187.48
187.47
187.5
187.52
187.53
187.52
187.49
187.49
187.47
187.47
187.58
187.58
187.57
187.58
187.59
187.62
187.44
187.43
187.53
187.52
187.58
187.57
187.59
187.4
187.4
187.59
187.6
187.6
187.59
187.62
187.6
187.57
187.56
187.49
187.49
187.63
187.64
187.63
187.62
187.54
187.53
187.67
187.66
187.63
187.63
187.64
187.67
187.67
187.58
187.58
187.57
187.53
187.8
187.8
187.63
187.62
187.65
187.63
187.65
187.65
187.72
187.74
187.62
187.58
187.59
187.69
187.7
187.64
187.65
187.66
187.66
187.56
187.54
187.56
187.56
187.79
187.8
187.6
187.62
187.68
187.69
187.78
187.8
187.77
187.79
187.83
187.58
187.62
187.92
187.91
187.79
187.8
187.78
187.79
187.7
187.69
187.7
187.68
187.77
187.75
187.75
187.75
187.69
187.68
187.69
187.8
187.8
187.9
187.9
187.78
187.76
187.75
187.74
187.72
187.73
187.77
187.79
187.72
187.73
187.9
187.9
187.79
187.78
187.75
187.75
187.72
187.73
187.73
187.85
187.86
187.69
187.69
187.9
187.9
187.93
187.94
187.87
187.87
187.75
187.78
187.85
187.85
187.89
187.89
187.87
187.85
187.78
187.77
187.84
187.81
187.81
187.95
187.95
187.76
187.75
187.89
187.91
187.76
187.75
187.8
187.82
187.81
187.82
187.87
187.88
187.89
187.91
187.93
187.9
187.95
187.88
187.88
187.93
187.92
188.06
188.06
187.95
187.96
187.95
187.97
187.85
187.86
187.77
187.8
187.94
187.95
187.82
187.85
187.89
187.88
187.95
187.98
187.97
187.98
187.98
187.98
187.97
187.91
187.93
187.87
187.9
187.94
187.9
187.87
187.86
187.97
187.97
188.01
188.04
187.96
187.93
187.94
188.0
188.02
187.98
187.98
187.85
187.85
188.03
188.03
188.07
188.07
188.09
188.07
187.98
187.98
188.07
188.1
188.08
188.1
187.96
187.98
188.04
188.04
188.05
187.93
187.94
187.94
187.94
187.94
187.92
188.1
188.09
188.0
188.0
187.96
187.98
187.91
187.91
188.03
188.0
188.05
188.06
188.07
188.13
188.13
188.04
188.04
188.04
188.03
188.06
188.04
188.04
188.02
188.05
188.06
188.08
188.11
188.1
188.07
188.08
188.14
188.17
188.17
188.2
188.05
188.07
188.06
188.07
188.04
188.04
188.09
188.1
188.14
188.16
188.13
188.1
188.08
188.19
188.19
188.2
188.2
188.1
188.11
188.14
188.12
188.16
188.13
188.13
188.14
188.06
188.08
188.07
188.09
188.05
188.2
188.2
188.12
188.12
188.1
188.09
188.17
188.18
188.34
188.34
188.34
188.36
188.12
188.13
188.28
188.27
188.13
188.21
188.21
188.17
188.18
188.21
188.2
188.19
188.2
188.04
188.05
188.17
188.17
188.24
188.25
188.17
188.17
188.29
188.27
188.17
188.17
188.12
188.18
188.18
188.17
188.17
188.15
188.15
188.2
188.2
188.16
188.17
188.14
188.13
188.14
188.12
188.09
188.1
188.2
188.19
188.19
188.22
188.23
188.24
188.24
188.27
188.29
188.33
188.33
188.13
188.15
188.28
188.28
188.1
188.1
188.27
188.27
188.33
188.33
188.27
188.27
188.28
188.32
188.32
188.18
188.19
188.25
188.25
188.15
188.16
188.3
188.31
188.31
188.31
188.29
188.29
188.39
188.38
188.29
188.23
188.21
188.27
188.29
188.37
188.37
188.3
188.3
188.33
188.33
188.31
188.3
188.34
188.36
188.2
188.2
188.26
188.28
188.31
188.33
188.31
188.3
188.28
188.4
188.41
188.42
188.41
188.28
188.29
188.33
188.33
188.34
188.35
188.38
188.32
188.32
188.34
188.34
188.32
188.33
188.42
188.42
188.3
188.31
188.35
188.35
188.33
188.33
188.45
188.46
188.46
188.47
188.49
188.46
188.4
188.4
188.34
188.44
188.43
188.35
188.36
188.42
188.42
188.41
188.41
188.34
188.35
188.42
188.42
188.37
188.37
188.42
188.42
188.45
188.44
188.44
188.43
188.48
188.48
188.51
188.37
188.37
188.37
188.37
188.42
188.42
188.53
188.55
188.46
188.46
188.44
188.47
188.55
188.55
188.57
188.57
188.4
188.45
188.47
188.46
188.46
188.56
188.56
188.44
188.45
188.46
188.46
188.59
188.59
188.39
188.4
188.44
188.44
188.52
188.52
188.43
188.42
188.39
188.44
188.46
188.47
188.48
188.44
188.44
188.51
188.49
188.47
188.49
188.5
188.51
188.51
188.52
188.5
188.5
188.52
188.49
188.49
188.5
188.49
188.5
188.52
188.51
188.5
188.54
188.56
188.52
188.52
188.56
188.53
188.53
188.49
188.5
188.6
188.6
188.63
188.64
188.55
188.55
188.41
188.45
188.56
188.56
188.56
188.56
188.52
188.57
188.55
188.64
188.65
188.55
188.54
188.58
188.58
188.66
188.67
188.57
188.59
188.62
188.62
188.63
188.59
188.59
188.46
188.47
188.62
188.63
188.51
188.53
188.56
188.56
188.56
188.53
188.85
188.85
188.61
188.63
188.59
188.69
188.68
188.71
188.69
188.55
188.55
188.71
188.7
188.71
188.71
188.58
188.58
188.73
188.6
188.6
188.61
188.6
188.62
188.61
188.66
188.64
188.77
188.77
188.66
188.66
188.63
188.62
188.65
188.66
188.56
188.63
188.64
188.6
188.59
188.72
188.73
188.62
188.62
188.71
188.69
188.7
188.72
188.67
188.67
188.73
188.74
188.74
188.72
188.7
188.68
188.7
188.7
188.7
188.67
188.67
188.72
188.72
188.76
188.76
188.71
188.76
188.75
188.76
188.76
188.74
188.74
188.68
188.68
188.63
188.64
188.68
188.68
188.8
188.82
188.68
188.68
188.63
188.69
188.7
188.68
188.66
188.78
188.78
188.74
188.73
188.73
188.75
188.8
188.8
188.76
188.77
188.72
188.74
188.75
188.74
188.72
188.73
188.74
188.67
188.67
188.81
188.82
188.78
188.78
188.78
188.77
188.89
188.87
188.73
188.76
188.8
188.85
188.84
188.78
188.77
188.75
188.77
188.85
188.85
188.66
188.67
188.75
188.73
188.76
188.71
188.71
188.8
188.8
188.69
188.69
188.73
188.72
188.82
188.82
188.9
188.93
189.1
189.11
188.71
188.82
188.82
188.82
188.81
188.81
188.82
188.78
188.79
188.82
188.83
188.78
188.77
188.79
188.79
188.85
188.97
188.97
188.83
188.84
188.85
188.86
188.84
188.82
188.76
188.79
188.91
188.91
188.74
188.74
188.73
188.89
188.88
188.89
188.91
188.97
188.98
188.89
188.87
188.86
188.86
188.79
188.8
188.85
188.94
188.94
188.83
188.82
188.86
188.85
188.95
188.96
188.87
188.86
188.86
188.86
188.86
188.85
188.88
188.88
188.9
188.85
188.84
188.88
188.92
188.88
188.89
188.92
188.91
188.92
188.93
188.86
188.85
189.01
189.02
188.83
188.85
188.86
188.87
189.02
188.97
188.95
188.91
188.91
188.93
188.91
188.85
188.85
188.9
188.9
188.91
188.92
188.91
188.92
188.93
188.96
188.84
188.95
188.94
188.94
188.94
188.94
188.94
188.9
188.91
188.95
188.95
189.02
189.04
188.86
188.98
188.98
188.93
188.93
188.92
188.93
188.85
188.88
188.88
188.86
189.02
189.0
188.97
188.98
188.98
188.97
188.95
189.05
189.05
189.05
189.04
189.02
189.03
188.83
188.81
188.92
188.91
188.97
188.96
188.98
188.95
188.91
188.91
189.05
189.04
189.03
188.92
188.91
188.85
188.86
189.0
188.98
188.98
188.99
189.0
188.98
188.94
188.93
189.04
189.02
189.02
189.01
189.0
188.87
188.84
189.01
189.0
189.05
189.04
188.95
188.98
188.98
188.98
189.01
189.02
188.98
188.98
189.02
188.98
188.95
188.77
188.81
188.95
188.95
189.11
189.12
189.12
189.12
189.07
189.04
189.15
188.96
188.96
189.04
189.05
188.99
189.01
189.06
189.07
189.02
189.02
189.03
189.03
189.08
189.07
189.01
189.04
189.08
189.09
189.11
189.04
189.04
189.09
189.08
189.03
189.06
188.97
188.98
189.14
189.17
189.17
189.16
189.15
189.13
189.08
189.08
189.13
189.0
188.98
189.0
189.0
189.27
189.25
189.13
189.14
189.07
189.1
189.16
189.17
189.17
189.19
189.18
189.2
189.17
189.17
189.04
189.13
189.14
189.04
189.04
189.03
189.03
189.04
189.05
189.03
189.05
189.09
189.1
189.17
189.18
189.04
189.04
189.03
189.02
189.17
189.17
189.18
189.19
189.16
189.14
189.14
189.14
189.14
189.18
189.15
189.17
189.17
189.17
189.16
189.11
189.12
189.17
189.14
189.11
189.3
189.29
189.29
189.29
189.17
189.18
189.19
189.18
189.25
189.23
189.11
189.11
189.12
189.13
189.29
189.06
189.06
189.22
189.23
189.23
189.2
189.21
189.2
189.23
189.23
189.18
189.18
189.17
189.19
189.21
189.2
189.27
189.28
189.28
189.25
189.26
189.29
189.29
189.21
189.21
189.18
189.19
189.33
189.33
189.24
189.23
189.16
189.16
189.2
189.21
189.13
189.11
189.22
189.21
189.12
189.19
189.19
189.18
189.18
189.23
189.24
189.2
189.21
189.22
189.22
189.18
189.18
189.3
189.31
189.17
189.17
189.12
189.12
189.26
189.26
189.36
189.36
189.36
189.24
189.25
189.18
189.17
189.31
189.33
189.28
189.27
189.25
189.27
189.26
189.26
189.31
189.35
189.29
189.3
189.12
189.23
189.22
189.2
189.23
189.09
189.05
189.26
189.27
189.27
189.27
189.27
189.27
189.36
189.38
189.39
189.37
189.24
189.25
189.23
189.23
189.22
189.26
189.24
189.25
189.26
189.33
189.34
189.41
189.42
189.35
189.36
189.39
189.41
189.25
189.26
189.2
189.21
189.25
189.26
189.35
189.36
189.21
189.23
189.29
189.3
189.3
189.36
189.37
189.32
189.3
189.37
189.36
189.36
189.35
189.26
189.26
189.42
189.4
189.31
189.33
189.31
189.33
189.37
189.36
189.28
189.28
189.28
189.3
189.29
189.38
189.39
189.24
189.23
189.29
189.28
189.29
189.29
189.32
189.31
189.33
189.35
189.34
189.33
189.36
189.39
189.42
189.42
189.42
189.29
189.29
189.36
189.35
189.43
189.44
189.42
189.42
189.34
189.33
189.28
189.29
189.4
189.41
189.38
189.39
189.28
189.28
189.41
189.39
189.4
189.3
189.29
189.43
189.44
189.4
189.39
189.33
189.33
189.34
189.35
189.36
189.35
189.4
189.4
189.42
189.43
189.27
189.28
189.51
189.49
189.42
189.41
189.36
189.41
189.4
189.33
189.33
189.42
189.42
189.26
189.26
189.37
189.36
189.38
189.38
189.4
189.41
189.29
189.3
189.42
189.42
189.44
189.44
189.48
189.51
189.37
189.35
189.34
189.42
189.42
189.38
189.37
189.33
189.34
189.45
189.44
189.33
189.34
189.39
189.39
189.4
189.47
189.47
189.4
189.42
189.41
189.42
189.45
189.47
189.47
189.46
189.53
189.5
189.46
189.5
189.57
189.56
189.49
189.49
189.41
189.41
189.4
189.51
189.49
189.46
189.44
189.44
189.44
189.38
189.38
189.55
189.54
189.46
189.46
189.39
189.39
189.42
189.43
189.51
189.51
189.38
189.54
189.55
189.47
189.48
189.47
189.46
189.53
189.53
189.5
189.5
189.51
189.51
189.42
189.42
189.42
189.44
189.63
189.63
189.43
189.43
189.48
189.42
189.43
189.41
189.43
189.59
189.59
189.56
189.56
189.53
189.54
189.51
189.52
189.54
189.56
189.57
189.56
189.49
189.51
189.54
189.53
189.62
189.6
189.62
189.61
189.42
189.6
189.63
189.56
189.56
189.48
189.46
189.47
189.47
189.5
189.5
189.69
189.68
189.53
189.53
189.61
189.61
189.66
189.66
189.49
189.49
189.57
189.58
189.54
189.59
189.58
189.4
189.41
189.5
189.5
189.57
189.56
189.61
189.62
189.51
189.5
189.64
189.63
189.51
189.5
189.53
189.53
189.55
189.54
189.54
189.63
189.63
189.5
189.5
189.58
189.62
189.57
189.57
189.49
189.5
189.61
189.6
189.69
189.54
189.55
189.55
189.56
189.66
189.66
189.59
189.58
189.58
189.58
189.55
189.54
189.5
189.52
189.5
189.51
189.66
189.64
189.65
189.64
189.64
189.69
189.71
189.65
189.63
189.6
189.62
189.65
189.64
189.59
189.58
189.7
189.72
189.63
189.63
189.6
189.57
189.61
189.63
189.53
189.53
189.78
189.62
189.63
189.72
189.72
189.72
189.72
189.65
189.66
189.6
189.58
189.59
189.59
189.6
189.6
189.59
189.61
189.77
189.78
189.64
189.64
189.71
189.7
189.68
189.67
189.68
189.59
189.6
189.69
189.67
189.73
189.73
189.65
189.63
189.74
189.73
189.76
189.73
189.67
189.68
189.71
189.72
189.74
189.73
189.68
189.69
189.78
189.76
189.78
189.79
189.79
189.7
189.71
189.65
189.66
189.65
189.65
189.64
189.64
189.73
189.75
189.76
189.76
189.7
189.72
189.81
189.78
189.79
189.77
189.77
189.76
189.75
189.6
189.62
189.92
189.92
189.75
189.73
189.69
189.69
189.72
189.74
189.69
189.76
189.75
189.66
189.66
189.72
189.72
189.72
189.72
189.9
189.89
189.84
189.82
189.69
189.7
189.73
189.73
189.85
189.85
189.7
189.68
189.79
189.75
189.73
189.71
189.7
189.7
189.69
189.72
189.71
189.76
189.75
189.78
189.78
189.8
189.79
189.8
189.78
189.76
189.75
189.84
189.83
189.82
189.86
189.76
189.73
189.71
189.93
189.92
189.81
189.81
189.8
189.82
189.79
189.79
189.84
189.82
189.94
189.93
189.79
189.81
189.79
189.81
189.77
189.79
189.78
189.85
189.88
189.85
189.84
189.89
189.89
189.72
189.75
189.79
189.79
189.79
189.79
189.79
189.81
189.8
189.78
189.83
189.82
189.86
189.84
189.75
189.77
189.86
189.9
189.91
189.97
189.99
189.85
189.87
189.86
189.87
189.84
189.84
189.84
189.84
189.85
189.84
189.89
189.88
189.84
189.79
189.82
189.92
189.93
189.88
189.91
189.85
189.86
189.86
189.86
189.81
189.83
189.92
189.92
189.78
189.76
189.88
189.87
189.88
189.87
189.89
189.85
189.86
189.96
189.99
189.95
189.97
189.99
190.0
189.97
189.98
189.83
189.88
189.9
189.84
189.85
189.91
189.94
189.92
189.92
189.89
189.89
189.85
189.85
189.86
189.84
189.86
189.85
189.98
189.88
189.83
189.98
189.97
189.86
189.86
190.05
190.05
189.89
189.89
189.89
189.9
189.91
189.9
189.88
189.88
189.87
189.89
189.91
189.82
189.82
189.93
189.95
189.94
189.95
189.99
189.99
189.98
189.98
189.98
189.98
189.87
189.86
190.0
190.01
190.13
190.14
189.84
189.94
189.94
190.01
190.0
190.0
190.01
190.02
190.04
190.09
190.09
189.92
189.93
189.96
189.94
189.97
189.95
190.04
190.03
190.03
190.01
190.01
189.99
190.0
189.91
189.94
189.95
189.94
190.02
190.01
190.0
189.98
189.85
189.87
189.95
189.95
189.93
189.9
189.9
189.96
189.96
189.98
190.0
190.0
189.99
189.85
189.86
189.96
189.97
189.95
189.95
189.95
189.93
189.93
189.96
189.96
189.86
189.88
189.97
189.97
189.98
189.98
190.05
190.06
190.04
190.03
190.03
189.95
189.95
189.9
189.88
189.99
189.98
190.0
190.02
190.16
190.17
190.17
190.17
189.96
189.94
189.94
190.1
190.13
190.08
190.08
189.87
189.9
190.04
190.05
190.1
190.11
190.05
190.02
190.01
190.02
190.01
189.98
189.97
190.04
190.05
190.0
190.01
190.03
190.05
190.05
190.05
190.03
190.06
190.07
190.1
190.1
189.95
189.97
190.02
190.03
190.0
189.99
189.98
190.0
190.1
190.09
190.02
190.0
190.03
190.02
190.07
190.05
190.05
190.15
190.15
190.02
190.04
190.1
190.12
190.01
190.03
190.08
190.08
190.14
190.13
190.09
190.06
190.19
190.2
190.09
190.02
190.04
190.04
190.05
190.18
190.17
190.14
190.14
190.07
190.07
190.13
190.15
190.1
190.1
190.02
190.0
190.03
190.15
190.18
190.09
190.08
190.07
190.06
190.01
190.02
190.08
190.07
190.06
190.07
190.1
190.13
190.02
190.03
190.42
190.42
190.1
190.11
190.1
190.01
190.0
190.13
190.12
190.27
190.27
190.07
190.07
189.95
189.97
190.15
190.15
190.18
190.09
190.09
190.13
190.14
190.07
190.08
190.15
190.15
190.15
190.15
190.06
190.08
190.18
190.2
190.02
190.0
190.02
190.17
190.18
190.14
190.16
190.08
190.06
189.98
189.98
190.14
190.14
190.12
190.11
189.95
190.15
190.14
190.29
190.26
190.04
190.07
190.24
190.22
190.19
190.19
190.24
190.26
190.23
190.22
190.16
190.23
190.25
190.52
190.52
190.21
190.21
190.19
190.21
190.26
190.28
190.29
190.27
190.21
190.2
190.24
190.15
190.13
190.38
190.37
190.38
190.36
190.21
190.21
190.27
190.27
190.13
190.13
190.21
190.23
190.28
190.3
190.17
190.17
190.3
190.18
190.2
190.12
190.14
190.29
190.28
190.35
190.36
190.11
190.13
190.27
190.26
190.17
190.17
190.23
190.24
190.16
190.23
190.24
190.2
190.25
190.18
190.19
190.23
190.22
190.24
190.25
190.22
190.22
190.15
190.17
190.17
190.17
190.15
190.19
190.18
190.25
190.24
190.18
190.18
190.16
190.14
190.22
190.24
190.3
190.3
190.3
190.3
190.3
190.21
190.23
190.2
190.18
190.15
190.15
190.24
190.21
190.24
190.24
190.27
190.27
190.34
190.33
190.31
190.16
190.15
190.27
190.27
190.33
190.34
190.36
190.37
190.24
190.26
190.23
190.23
190.26
190.28
190.27
190.31
190.3
190.18
190.17
190.3
190.32
190.39
190.4
190.34
190.31
190.29
190.32
190.34
190.18
190.18
190.44
190.42
190.22
190.22
190.25
190.26
190.36
190.37
190.21
190.33
190.33
190.34
190.36
190.34
190.36
190.3
190.29
190.32
190.3
190.29
190.29
190.28
190.29
190.23
190.23
190.22
190.23
190.24
190.34
190.34
190.28
190.28
190.4
190.4
190.38
190.37
190.22
190.23
190.33
190.33
190.31
190.41
190.4
190.38
190.38
190.38
190.37
190.39
190.37
190.37
190.37
190.34
190.33
190.34
190.27
190.29
190.29
190.3
190.54
190.55
190.43
190.41
190.37
190.37
190.37
190.38
190.42
190.21
190.21
190.36
190.34
190.31
190.32
190.34
190.37
190.35
190.36
190.34
190.33
190.33
190.34
190.34
190.35
190.47
190.44
190.44
190.29
190.31
190.41
190.42
190.29
190.26
190.29
190.27
190.39
190.39
190.29
190.31
190.36
190.43
190.42
190.33
190.37
190.36
190.36
190.47
190.47
190.39
190.42
190.41
190.4
190.39
190.4
190.39
190.39
190.43
190.42
190.48
190.4
190.42
190.4
190.43
190.47
190.47
190.39
190.39
190.39
190.39
190.4
190.42
190.46
190.45
190.31
190.5
190.49
190.48
190.48
190.44
190.43
190.43
190.43
190.43
190.42
190.34
190.31
190.53
190.35
190.32
190.36
190.37
190.45
190.46
190.36
190.37
190.46
190.45
190.47
190.46
190.47
190.46
190.52
190.51
190.51
190.33
190.34
190.47
190.48
190.42
190.44
190.39
190.38
190.51
190.5
190.43
190.43
190.44
190.47
190.51
190.49
190.49
190.51
190.51
190.45
190.45
190.4
190.43
190.36
190.35
190.38
190.38
190.42
190.41
190.38
190.38
190.4
190.46
190.46
190.53
190.52
190.46
190.46
190.46
190.43
190.42
190.42
190.58
190.58
190.5
190.52
190.48
190.49
190.46
190.58
190.58
190.48
190.48
190.6
190.61
190.39
190.39
190.5
190.5
190.43
190.5
190.51
190.45
190.45
190.51
190.5
190.53
190.52
190.5
190.5
190.55
190.54
190.42
190.41
190.43
190.47
190.45
190.42
190.43
190.55
190.56
190.5
190.49
190.52
190.52
190.39
190.41
190.5
190.5
190.59
190.34
190.35
190.59
190.59
190.51
190.49
190.53
190.52
190.37
190.36
190.51
190.53
190.53
190.52
190.61
190.6
190.55
190.54
190.52
190.52
190.62
190.54
190.52
190.56
190.58
190.65
190.66
190.5
190.51
190.54
190.54
190.62
190.61
190.6
190.62
190.61
190.62
190.51
190.45
190.47
190.41
190.43
190.49
190.51
190.42
190.42
190.65
190.64
190.55
190.53
190.56
190.55
190.61
190.63
190.64
190.57
190.57
190.46
190.46
190.56
190.54
190.55
190.57
190.61
190.58
190.46
190.44
190.57
190.56
190.53
190.53
190.52
190.46
190.45
190.57
190.58
190.61
190.63
190.5
190.51
190.49
190.51
190.58
190.58
190.52
190.59
190.62
190.62
190.62
190.5
190.5
190.45
190.45
190.49
190.49
190.61
190.63
190.54
190.54
190.65
190.51
190.54
190.49
190.48
190.58
190.59
190.58
190.61
190.53
190.55
190.45
190.49
190.53
190.53
190.61
190.62
190.61
190.59
190.75
190.52
190.51
190.47
190.49
190.63
190.66
190.55
190.53
190.51
190.5
190.51
190.51
190.67
190.67
190.56
190.65
190.63
190.63
190.61
190.59
190.58
190.46
190.43
190.63
190.64
190.59
190.59
190.59
190.59
190.39
190.43
190.75
190.76
190.56
190.5
190.53
190.6
190.6
190.65
190.66
190.65
190.67
190.58
190.59
190.59
190.6
190.6
190.61
190.61
190.59
190.58
190.58
190.55
190.52
190.51
190.71
190.7
190.59
190.59
190.6
190.6
190.47
190.49
190.49
190.49
190.48
190.53
190.57
190.58
190.58
190.55
190.55
190.73
190.73
190.58
190.58
190.63
190.65
190.66
190.66
190.59
190.58
190.72
190.72
190.58
190.59
190.71
190.63
190.62
190.63
190.64
190.59
190.59
190.59
190.59
190.7
190.7
190.6
190.62
190.6
190.59
190.65
190.67
190.65
190.6
190.61
190.69
190.72
190.56
190.59
190.72
190.72
190.81
190.83
190.7
190.72
190.72
190.72
190.76
190.76
190.56
190.57
190.63
190.62
190.64
190.67
190.68
190.64
190.66
190.58
190.59
190.68
190.66
190.68
190.68
190.74
190.72
190.6
190.62
190.74
190.73
190.73
190.62
190.64
190.67
190.67
190.71
190.69
190.83
190.8
190.81
190.82
190.82
190.8
191.0
191.01
190.68
190.73
190.7
190.71
190.69
190.71
190.68
190.68
190.7
190.69
190.7
190.72
190.71
190.68
190.68
190.71
190.71
190.68
190.69
190.68
190.74
190.7
190.71
190.71
190.64
190.63
190.71
190.69
190.67
190.66
190.76
190.76
190.75
190.78
190.71
190.72
190.64
190.62
190.65
190.77
190.79
190.74
190.75
190.73
190.72
190.74
190.73
190.78
190.78
190.68
190.67
190.7
190.71
190.62
190.76
190.79
190.72
190.69
190.65
190.65
190.66
190.68
190.62
190.62
190.71
190.72
190.73
190.73
190.81
190.78
190.73
190.68
190.69
190.76
190.78
190.73
190.75
190.75
190.75
190.7
190.72
190.7
190.72
190.74
190.76
190.69
190.74
190.74
190.76
190.8
190.68
190.68
190.6
190.62
190.68
190.71
190.63
190.65
190.71
190.72
190.76
190.74
190.73
190.74
190.72
190.69
190.69
190.76
190.76
190.77
190.78
190.74
190.74
190.74
190.74
190.73
190.77
190.73
190.76
190.74
190.66
190.65
190.75
190.75
190.77
190.8
190.74
190.75
190.73
190.7
190.71
190.74
190.71
190.87
190.87
190.87
190.87
190.69
190.68
190.8
190.82
190.78
190.78
190.76
190.77
190.8
190.81
190.8
190.81
190.82
190.81
190.78
190.79
190.81
190.79
190.79
190.72
190.74
190.82
190.81
190.87
190.85
190.72
190.74
190.88
190.87
190.82
190.64
190.66
190.72
190.73
190.8
190.8
190.88
190.9
190.8
190.8
190.7
190.72
190.71
190.71
190.78
190.78
190.82
190.92
190.91
190.84
190.85
190.92
190.92
190.9
190.88
190.79
190.82
190.82
190.81
190.83
190.83
190.69
190.72
190.82
190.73
190.72
190.82
190.81
190.77
190.78
190.83
190.81
190.74
190.74
190.79
190.77
190.87
190.89
190.87
190.85
190.89
190.9
190.88
190.8
190.8
190.87
190.88
190.84
190.86
190.79
190.79
190.74
190.75
190.9
190.88
190.85
190.81
190.82
190.87
190.88
190.79
190.79
190.91
190.9
190.84
190.85
190.88
190.88
190.88
190.9
190.96
190.96
190.76
190.76
190.81
190.85
190.84
190.92
190.94
190.78
190.76
190.88
190.89
190.86
190.87
190.75
190.74
190.77
190.75
190.94
190.93
190.82
190.73
190.73
191.0
191.0
190.72
190.74
190.84
190.84
190.89
190.9
190.87
190.87
190.94
190.91
190.9
190.81
190.81
190.85
190.86
190.92
190.93
190.93
190.92
190.77
190.76
190.8
190.8
190.82
190.82
190.8
190.8
190.88
190.91
190.9
190.86
190.88
190.94
190.93
190.89
190.9
190.91
190.91
190.92
190.91
190.83
190.82
190.96
190.97
190.87
190.87
190.88
190.89
190.84
190.84
190.82
190.82
190.87
190.88
190.78
190.73
190.73
190.82
190.83
190.85
190.87
190.83
190.82
190.92
190.93
190.93
190.94
190.95
190.94
190.91
190.91
190.93
190.96
190.96
190.95
190.97
190.9
190.89
190.97
190.97
190.92
190.91
190.86
190.86
190.94
190.94
190.95
190.95
190.95
190.94
190.95
190.92
190.9
190.9
190.9
190.87
190.87
190.95
190.96
190.93
190.94
191.0
191.0
190.97
190.97
190.91
190.91
190.94
190.94
190.85
190.85
190.96
190.9
190.92
190.81
190.8
190.8
190.81
190.94
190.92
190.98
190.95
190.98
190.97
190.9
190.91
190.86
190.88
190.9
190.91
190.93
190.93
190.92
190.79
190.79
190.91
190.91
190.95
190.95
191.02
191.02
190.89
190.92
190.93
190.92
190.92
190.92
190.74
190.74
190.84
190.85
190.83
190.87
190.88
190.88
190.9
191.04
191.02
190.94
190.93
191.08
191.07
190.9
190.9
190.91
190.91
190.83
190.82
190.9
190.9
190.84
190.83
190.88
190.9
190.91
190.9
190.97
190.97
190.91
190.93
190.93
191.01
191.01
190.96
190.95
191.0
191.0
190.94
190.93
190.95
190.98
190.85
190.85
191.0
190.99
190.97
190.98
191.01
191.01
190.98
191.0
190.85
191.03
191.04
191.02
190.99
191.11
191.11
190.95
190.94
191.04
191.07
191.01
191.02
191.01
191.0
191.06
191.07
190.91
190.9
190.91
190.9
190.91
191.02
191.03
190.95
190.94
191.02
191.0
191.02
191.02
191.0
191.01
191.03
191.04
190.94
190.95
190.9
190.88
191.08
191.08
191.08
191.06
190.99
190.99
190.99
190.99
191.0
190.95
190.97
191.04
191.03
191.08
191.09
190.99
191.0
190.88
190.85
191.0
191.0
190.94
190.93
190.95
190.99
190.99
191.0
191.01
191.04
191.05
191.07
191.07
190.92
190.94
191.06
191.08
190.98
190.99
190.96
190.95
190.94
190.99
190.98
190.91
190.92
191.03
191.04
191.1
191.11
190.99
190.96
191.05
191.03
191.07
191.02
191.07
191.05
191.07
191.04
190.93
190.95
190.94
191.06
191.06
190.98
191.0
191.07
191.09
191.0
191.0
191.05
191.07
191.07
191.07
190.93
190.91
191.07
191.05
190.98
190.98
191.04
191.05
190.94
190.97
190.96
191.04
191.03
190.98
191.01
190.97
190.99
191.11
191.11
190.93
190.95
191.11
191.13
191.04
191.03
191.04
191.06
190.97
191.06
191.04
190.96
191.0
191.04
191.04
190.98
190.95
191.02
191.01
191.1
191.11
191.04
191.06
190.98
190.98
191.11
191.13
191.0
191.0
191.07
191.04
191.06
190.97
191.0
191.03
191.03
191.02
191.01
191.03
191.02
190.96
190.97
191.09
191.12
190.96
190.97
191.05
191.03
190.99
191.01
191.21
191.23
191.22
191.07
191.06
191.04
191.05
191.07
191.04
191.09
191.08
191.09
191.07
191.0
190.97
191.03
191.04
191.03
191.0
191.13
191.12
191.08
191.07
191.1
190.97
190.97
190.95
190.93
191.13
191.17
191.13
191.15
191.03
191.01
191.19
191.18
191.05
191.06
191.06
191.06
191.0
191.01
191.02
191.06
191.07
191.06
191.06
191.07
191.04
191.11
191.1
191.13
191.13
191.19
191.16
191.11
191.11
191.11
191.1
191.12
191.11
191.03
191.01
190.94
190.98
190.97
191.0
190.97
191.07
191.07
191.16
191.17
191.12
191.1
191.07
191.07
190.97
190.97
191.17
191.12
191.13
191.0
190.98
191.14
191.13
191.01
191.02
190.97
190.98
191.04
191.02
191.05
191.04
191.0
191.0
190.95
191.07
191.04
191.02
191.02
191.09
191.11
191.13
191.14
190.99
190.97
190.97
190.97
191.04
191.04
191.1
191.07
190.97
191.07
191.09
191.17
191.14
191.02
191.04
191.07
191.1
191.12
191.12
191.05
191.06
191.1
191.1
191.14
191.14
191.16
191.17
191.17
191.16
191.03
191.22
191.21
191.16
191.13
191.01
191.03
191.07
191.06
191.07
191.06
191.17
191.16
191.14
191.12
191.14
190.98
190.98
191.18
191.18
191.11
191.08
191.16
191.18
191.22
191.22
191.03
191.03
191.06
191.05
191.1
191.1
191.07
191.21
191.21
191.11
191.1
191.11
191.12
191.11
191.12
191.09
191.1
191.08
191.08
190.97
191.0
191.06
191.08
191.16
191.18
191.17
191.04
191.06
191.14
191.13
191.15
191.15
191.12
191.13
191.1
191.13
191.05
191.06
191.05
191.06
191.13
191.17
191.12
191.1
191.14
191.14
191.14
191.06
191.08
191.16
191.15
191.18
191.19
191.13
191.12
191.21
191.22
191.26
191.09
191.1
191.1
191.09
191.14
191.15
191.14
191.14
191.25
191.24
191.1
191.11
191.11
191.1
191.19
191.2
191.15
191.21
191.22
191.08
191.08
191.3
191.28
191.18
191.21
191.07
191.08
191.22
191.23
191.09
191.11
191.22
191.22
191.2
191.01
191.0
191.02
191.02
191.17
191.17
191.23
191.21
191.17
191.11
191.12
191.1
191.13
191.14
191.18
191.2
191.19
191.19
191.22
191.17
191.17
191.14
191.16
191.2
191.21
191.15
191.15
191.2
191.21
191.2
191.2
191.16
191.16
191.28
191.3
191.25
191.27
191.17
191.19
191.28
191.26
191.17
191.11
191.12
191.14
191.11
191.2
191.2
191.19
191.19
191.19
191.16
191.26
191.26
191.08
191.08
191.24
191.06
191.06
191.19
191.2
191.15
191.12
191.19
191.2
191.15
191.13
191.16
191.14
191.12
191.13
191.24
191.23
191.22
191.22
191.28
191.23
191.26
191.11
191.12
191.16
191.16
191.2
191.2
191.21
191.2
191.14
191.17
191.15
191.16
191.38
191.36
191.14
191.13
191.15
191.15
191.14
191.19
191.17
191.14
191.14
191.12
191.13
191.12
191.11
191.12
191.14
191.32
191.33
191.12
191.12
191.12
191.29
191.28
191.23
191.23
191.18
191.19
191.06
191.09
191.21
191.22
191.12
191.15
191.32
191.31
191.33
191.33
191.06
191.31
191.3
191.31
191.31
191.23
191.23
191.15
191.14
191.16
191.13
191.15
191.16
191.22
191.26
191.23
191.21
191.25
191.38
191.43
191.49
191.54
191.58
191.65
191.88
191.92
191.86
191.93
191.87
191.87
191.99
192.01
192.08
192.09
192.18
192.21
192.23
192.23
192.27
192.48
192.5
192.36
192.37
192.41
192.43
192.58
192.59
192.59
192.64
192.7
192.73
192.92
192.98
193.01
192.85
192.92
193.15
193.24
193.25
193.37
193.4
193.55
193.63
193.73
193.78
193.87
193.94
194.03
194.12
194.17
194.31
194.45
194.65
194.79
194.87
195.04
195.1
195.33
195.43
195.72
195.79
195.8
195.94
196.1
196.27
196.24
196.39
196.45
196.57
196.65
196.83
196.91
196.95
197.05
197.29
197.44
197.45
197.58
197.76
197.85
198.0
198.11
198.25
198.43
198.57
198.64
198.7
198.82
198.9
198.93
199.02
199.24
199.31
199.51
199.66
199.71
199.84
199.9
199.99
200.05
200.03
200.1
200.45
200.52
200.6
200.74
200.67
200.81
200.94
201.06
201.11
201.24
201.45
201.53
201.62
201.67
201.8
201.77
201.89
202.05
202.15
202.29
202.4
202.38
202.49
202.59
202.7
202.98
203.06
203.16
203.22
203.27
203.28
203.36
203.35
203.4
203.56
203.63
203.86
203.9
203.88
203.94
204.16
204.35
204.42
204.6
204.71
205.02
205.11
205.25
205.34
205.52
205.69
205.68
205.84
206.02
206.2
206.2
206.38
206.45
206.63
206.79
206.87
207.05
207.15
207.29
207.28
207.41
207.59
207.74
207.91
208.08
208.08
208.17
208.43
208.52
208.68
208.79
208.99
209.08
209.06
209.41
209.47
209.53
209.58
209.81
209.86
209.91
210.0
210.11
210.19
210.45
210.51
210.59
210.66
210.91
210.97
211.01
211.07
211.37
211.47
211.44
211.6
211.65
211.79
211.98
212.2
212.27
212.35
212.42
212.5
212.65
212.62
212.77
212.85
212.99
213.08
213.21
213.31
213.43
213.59
213.73
213.65
213.8
213.94
214.13
214.27
214.15
214.27
214.44
214.55
214.67
214.79
214.72
214.83
214.9
215.01
215.12
215.18
215.29
215.33
215.49
215.56
215.73
215.73
215.86
216.1
216.16
216.15
216.21
216.38
216.5
216.47
216.6
216.78
216.89
216.91
217.01
217.09
217.08
217.15
217.35
217.47
217.58
217.69
217.7
217.83
217.95
218.08
218.1
218.18
218.37
218.4
218.49
218.44
218.52
218.73
218.86
218.89
218.92
218.92
218.96
219.1
219.16
219.34
219.45
219.47
219.57
219.73
219.78
219.88
219.92
220.04
219.99
220.08
220.14
220.23
220.34
220.43
220.5
220.55
220.64
220.75
220.81
220.89
221.02
221.15
221.17
221.16
221.21
221.39
221.48
221.54
221.63
221.55
221.66
221.86
221.94
222.0
222.09
222.15
222.25
222.22
222.36
222.44
222.47
222.57
222.56
222.65
222.91
222.96
222.92
223.0
223.11
223.15
223.17
223.3
223.36
223.37
223.42
223.59
223.67
223.68
223.76
223.77
223.8
224.01
224.06
224.26
224.09
224.17
224.39
224.48
224.4
224.46
224.6
224.67
224.75
224.86
224.86
225.11
225.18
225.16
225.24
225.16
225.28
225.47
225.51
225.45
225.5
225.55
225.57
225.73
225.8
225.69
225.73
225.92
225.96
225.95
225.98
226.0
226.06
226.05
226.1
226.11
226.09
226.12
226.04
226.07
226.1
226.09
226.09
226.1
226.1
226.12
226.21
226.15
226.18
226.21
226.24
226.17
226.18
226.29
226.3
226.31
226.32
226.4
226.4
226.22
226.53
226.55
226.36
226.36
226.47
226.51
226.49
226.51
226.61
226.61
226.43
226.45
226.59
226.6
226.6
226.62
226.56
226.6
226.61
226.57
226.58
226.54
226.56
226.64
226.62
226.66
226.68
226.62
226.6
226.65
226.67
226.71
226.72
226.71
226.66
226.61
226.52
226.47
226.59
226.56
226.47
226.43
226.34
226.29
226.25
226.23
226.25
226.21
226.06
226.02
226.09
226.09
226.09
226.04
226.01
225.85
225.81
225.9
225.84
225.81
225.8
225.76
225.72
225.76
225.74
225.58
225.56
225.55
225.61
225.56
225.45
225.41
225.53
225.5
225.35
225.28
225.39
225.36
225.32
225.31
225.18
225.17
225.22
225.2
225.07
225.05
225.02
225.1
225.07
225.04
225.03
224.97
224.97
224.96
224.93
224.76
224.74
224.95
224.85
224.81
224.74
224.71
224.77
224.74
224.71
224.73
224.72
224.69
224.68
224.68
224.44
224.44
224.65
224.66
224.7
224.61
224.59
224.5
224.53
224.61
224.63
224.74
224.72
224.68
224.68
224.54
224.57
224.71
224.71
224.65
224.64
224.64
224.58
224.56
224.61
224.62
224.85
224.85
224.77
224.76
224.62
224.64
224.76
224.76
224.62
224.63
224.75
224.74
224.92
224.65
224.64
224.64
224.66
224.85
224.87
224.83
224.82
224.9
224.91
224.81
224.81
224.73
224.73
224.83
224.82
224.82
224.84
224.83
224.8
224.8
224.78
224.79
224.85
224.84
224.89
224.87
224.93
224.93
224.86
224.86
225.05
225.04
225.01
224.85
224.86
224.97
224.98
224.96
224.96
224.97
224.97
224.91
224.89
224.89
224.9
224.98
224.99
224.99
224.97
224.93
224.94
224.93
224.91
224.93
224.95
224.97
225.1
225.1
224.99
224.98
225.1
225.11
225.12
225.1
225.13
225.12
225.02
225.01
224.94
225.07
225.05
224.99
225.0
225.08
225.08
225.06
225.05
225.21
225.22
225.15
225.14
225.17
225.18
225.15
225.15
225.15
225.19
225.19
225.47
225.47
225.3
225.3
225.18
225.15
225.2
225.21
225.19
225.18
225.29
225.29
225.22
225.19
225.3
225.36
225.38
225.37
225.38
225.39
225.39
225.38
225.35
225.39
225.39
225.32
225.33
225.29
225.22
225.26
225.35
225.37
225.36
225.38
225.42
225.42
225.47
225.5
225.36
225.36
225.45
225.41
225.41
225.38
225.39
225.48
225.49
225.48
225.47
225.46
225.47
225.49
225.49
225.25
225.26
225.58
225.58
225.53
225.5
225.5
225.56
225.56
225.55
225.53
225.55
225.56
225.47
225.44
225.49
225.5
225.58
225.59
225.6
225.61
225.66
225.49
225.48
225.58
225.59
225.56
225.58
225.59
225.59
225.59
225.61
225.66
225.67
225.54
225.52
225.53
225.65
225.65
225.61
225.61
225.65
225.67
225.59
225.6
225.78
225.79
225.78
225.77
225.81
225.69
225.69
225.77
225.78
225.81
225.8
225.63
225.64
225.81
225.83
225.66
225.67
225.67
225.66
225.84
225.84
225.91
225.78
225.77
225.86
225.87
225.78
225.81
225.74
225.73
225.76
225.76
225.94
225.94
225.75
225.78
225.78
225.81
225.81
225.89
225.9
226.0
225.99
225.87
225.88
225.98
225.98
225.87
225.87
225.91
225.9
225.96
226.03
226.04
225.91
225.91
225.9
225.9
225.89
225.87
225.94
225.96
226.1
226.12
225.96
226.09
226.09
226.0
226.01
226.02
226.03
226.09
226.11
226.05
226.04
226.1
226.12
226.08
226.09
226.07
226.09
226.05
226.04
226.2
226.04
226.04
226.14
226.16
226.15
226.14
226.15
226.14
226.26
226.27
226.3
226.3
226.21
226.11
226.11
226.3
226.34
226.37
226.38
226.32
226.33
226.32
226.3
226.22
226.23
226.26
226.25
226.26
226.33
226.33
226.36
226.35
226.35
226.35
226.41
226.42
226.35
226.35
226.35
226.38
226.28
226.3
226.36
226.41
226.41
226.44
226.43
226.45
226.44
226.51
226.49
226.41
226.42
226.46
226.46
226.38
226.42
226.44
226.37
226.34
226.69
226.67
226.49
226.49
226.43
226.42
226.57
226.55
226.28
226.29
226.52
226.52
226.54
226.54
226.57
226.58
226.54
226.53
226.69
226.65
226.66
226.49
226.52
226.53
226.55
226.62
226.66
226.66
226.67
226.5
226.53
226.5
226.51
226.62
226.58
226.56
226.54
226.58
226.64
226.64
226.6
226.63
226.77
226.79
226.74
226.75
226.73
226.72
226.73
226.76
226.85
226.85
226.77
226.77
226.82
226.8
226.83
226.73
226.75
226.77
226.79
226.75
226.76
226.79
226.79
226.86
226.84
226.64
226.65
226.83
226.83
226.86
226.87
226.86
226.86
226.95
226.94
226.94
226.87
226.87
226.9
226.92
226.91
226.93
226.94
226.94
226.9
226.9
226.92
226.94
227.02
226.89
226.91
226.86
226.88
226.95
226.96
227.09
227.09
226.94
226.94
227.11
227.12
227.04
227.06
227.11
227.05
227.05
226.9
226.92
226.92
226.94
227.05
227.06
227.0
227.0
227.14
227.2
227.16
227.19
227.19
226.98
226.98
227.01
227.01
227.13
227.14
227.13
227.14
227.09
227.08
227.12
227.12
227.19
227.21
227.07
227.2
227.19
227.29
227.31
227.15
227.17
227.27
227.26
227.23
227.24
227.19
227.2
227.28
227.29
227.28
227.28
227.25
227.25
227.22
227.34
227.34
227.13
227.12
227.39
227.39
227.4
227.39
227.41
227.41
227.46
227.47
227.36
227.4
227.4
227.3
227.3
227.32
227.32
227.28
227.29
227.34
227.32
227.43
227.44
227.45
227.46
227.44
227.44
227.48
227.31
227.31
227.29
227.31
227.43
227.44
227.46
227.45
227.38
227.39
227.57
227.57
227.5
227.51
227.43
227.45
227.39
227.42
227.42
227.48
227.49
227.54
227.55
227.55
227.55
227.63
227.63
227.57
227.55
227.59
227.62
227.62
227.62
227.62
227.5
227.5
227.59
227.6
227.75
227.76
227.7
227.71
227.66
227.66
227.67
227.59
227.58
227.67
227.67
227.67
227.68
227.66
227.66
227.57
227.59
227.66
227.65
227.75
227.76
227.71
227.72
227.72
227.71
227.73
227.74
227.75
227.77
227.77
227.69
227.73
227.98
227.98
227.62
227.62
227.75
227.75
227.77
227.75
227.74
227.82
227.82
227.74
227.76
227.83
227.83
227.91
227.91
227.78
227.79
227.62
227.63
227.84
227.79
227.79
227.83
227.84
227.89
227.9
227.86
227.87
227.95
227.96
227.93
227.93
227.81
227.81
227.82
227.86
227.93
228.03
228.02
227.89
227.9
227.88
227.89
228.09
228.11
228.01
228.02
228.06
228.06
228.16
228.16
228.16
228.1
228.09
228.01
228.05
227.94
227.95
227.94
227.93
227.93
227.91
228.1
228.11
228.13
228.12
228.03
227.98
227.99
228.05
228.08
228.14
228.17
228.12
228.12
228.18
228.16
228.05
228.05
228.08
228.07
228.01
228.18
228.21
228.08
228.08
228.08
228.08
228.09
228.09
228.32
228.34
228.23
228.23
228.22
228.25
228.26
228.2
228.19
228.18
228.19
228.23
228.24
228.23
228.23
228.3
228.32
228.16
228.15
228.24
228.24
228.2
228.28
228.29
228.27
228.29
228.36
228.34
228.42
228.42
228.29
228.3
228.27
228.29
228.3
228.32
228.37
228.39
228.34
228.41
228.4
228.43
228.42
228.42
228.44
228.46
228.45
228.42
228.4
228.48
228.51
228.51
228.51
228.37
228.38
228.43
228.41
228.41
228.47
228.47
228.36
228.35
228.47
228.46
228.46
228.46
228.39
228.38
228.33
228.33
228.34
228.33
228.52
228.51
228.38
228.56
228.57
228.58
228.61
228.48
228.5
228.5
228.5
228.6
228.59
228.58
228.56
228.67
228.68
228.56
228.58
228.53
228.54
228.6
228.6
228.49
228.49
228.55
228.68
228.65
228.68
228.66
228.65
228.65
228.69
228.7
228.64
228.63
228.64
228.65
228.59
228.6
228.72
228.74
228.74
228.7
228.69
228.61
228.6
228.71
228.71
228.72
228.74
228.73
228.74
228.74
228.74
228.77
228.78
228.79
228.79
228.86
228.87
228.71
228.83
228.83
228.78
228.8
228.72
228.71
228.78
228.79
228.8
228.8
228.88
228.9
228.84
228.87
228.8
228.8
228.85
228.81
228.82
228.96
228.97
228.79
228.81
228.9
228.91
228.89
228.89
228.9
228.91
229.1
229.09
229.01
229.0
228.81
228.98
228.97
228.98
228.98
228.85
228.87
228.95
228.94
229.02
229.03
228.91
228.91
228.98
228.98
229.08
229.1
229.09
229.01
229.03
229.05
229.05
228.98
228.99
229.03
229.03
229.03
229.04
229.12
229.12
229.0
229.01
228.98
228.9
228.93
229.1
229.09
229.08
229.06
229.01
229.01
229.17
229.17
229.04
229.06
229.05
229.06
229.11
229.12
229.11
229.13
229.14
229.17
229.16
229.14
229.16
229.24
229.26
229.26
229.25
229.19
229.2
229.23
229.11
229.12
229.17
229.15
229.11
229.12
229.19
229.19
229.29
229.31
229.16
229.14
229.32
229.3
229.39
229.41
229.41
229.41
229.42
229.32
229.34
229.25
229.28
229.31
229.31
229.3
229.31
229.22
229.23
229.19
229.3
229.32
229.34
229.37
229.32
229.33
229.27
229.27
229.29
229.28
229.35
229.36
229.38
229.38
229.37
229.39
229.29
229.32
229.33
229.51
229.5
229.3
229.27
229.22
229.23
229.3
229.29
229.49
229.46
229.5
229.5
229.52
229.34
229.33
229.25
229.27
229.27
229.27
229.45
229.44
229.44
229.43
229.5
229.53
229.45
229.46
229.49
229.47
229.49
229.57
229.55
229.53
229.55
229.5
229.51
229.5
229.48
229.42
229.4
229.65
229.65
229.51
229.51
229.55
229.4
229.43
229.54
229.54
229.61
229.61
229.62
229.61
229.53
229.53
229.65
229.67
229.54
229.53
229.6
229.6
229.52
229.54
229.54
229.64
229.64
229.69
229.69
229.59
229.58
229.47
229.48
229.64
229.62
229.67
229.64
229.8
229.62
229.61
229.66
229.69
229.72
229.72
229.66
229.68
229.76
229.77
229.74
229.74
229.73
229.73
229.73
229.72
229.7
229.71
229.79
229.68
229.67
229.72
229.72
229.7
229.69
229.75
229.76
229.77
229.79
229.79
229.8
230.12
230.12
229.63
229.91
229.92
229.87
229.86
229.73
229.75
229.88
229.88
229.88
229.89
229.89
229.9
229.81
229.81
229.76
229.78
229.86
229.89
229.89
229.8
229.8
229.94
229.93
229.87
229.87
229.84
229.81
229.9
229.91
229.92
229.95
230.0
229.89
229.88
229.92
229.94
229.91
229.9
229.81
229.82
229.83
229.83
229.98
229.98
230.05
230.05
230.06
230.03
230.04
229.87
229.86
230.02
230.02
229.92
229.95
229.88
229.86
229.97
229.96
229.92
229.94
230.1
230.1
230.1
230.02
230.03
229.97
229.97
230.03
230.02
230.06
230.07
230.04
230.01
229.99
229.98
230.06
229.97
229.99
230.2
230.19
230.15
230.14
230.1
230.12
229.99
230.02
230.11
230.13
230.09
230.1
230.17
230.13
230.15
230.18
230.17
230.14
230.13
230.09
230.1
230.03
230.04
230.14
230.18
230.17
230.17
230.16
230.09
230.1
230.18
230.19
230.23
230.2
230.15
230.15
230.14
230.15
230.33
230.35
230.17
230.17
230.36
230.34
230.17
230.22
230.21
230.12
230.14
230.11
230.15
230.32
230.31
230.36
230.37
230.29
230.28
230.4
230.39
230.22
230.25
230.27
230.22
230.21
230.38
230.37
230.4
230.4
230.34
230.34
230.37
230.38
230.3
230.3
230.31
230.31
230.32
230.46
230.47
230.29
230.28
230.53
230.54
230.41
230.41
230.42
230.4
230.39
230.38
230.32
230.32
230.45
230.45
230.48
230.42
230.42
230.38
230.38
230.42
230.42
230.5
230.52
230.49
230.5
230.5
230.51
230.39
230.45
230.45
230.35
230.36
230.42
230.4
230.32
230.31
230.47
230.48
230.66
230.66
230.4
230.53
230.52
230.4
230.41
230.48
230.49
230.5
230.51
230.4
230.42
230.57
230.59
230.58
230.53
230.41
230.4
230.56
230.56
230.58
230.59
230.57
