135.49
135.39
135.14
135.85
137.34
138.35
140.42
142.51
144.7
146.82
147.85
149.81
151.67
153.37
155.27
156.92
157.68
159.35
160.91
162.41
163.79
164.53
165.88
167.21
168.36
169.67
170.88
171.5
172.75
173.89
175.14
175.53
176.69
177.75
178.82
180.07
180.6
181.58
182.63
183.67
184.62
185.08
186.09
187.02
187.98
188.88
189.33
190.41
191.33
192.09
192.96
193.46
194.41
195.25
196.07
196.49
197.37
198.21
198.97
199.79
200.17
200.89
201.68
202.47
203.25
203.73
204.49
205.27
206.01
206.37
207.12
207.84
208.63
209.36
209.83
210.46
211.19
211.97
212.69
212.98
213.66
214.27
215.02
215.68
215.93
216.63
217.24
217.94
218.62
219.02
219.63
220.26
220.89
221.59
222.05
221.87
221.28
220.35
219.59
219.42
219.48
219.9
220.62
221.41
221.8
222.46
223.25
224.13
224.1
223.47
222.95
222.07
221.36
221.33
222.04
222.61
223.33
224.15
225.07
225.15
225.21
224.98
224.36
223.6
222.84
222.49
221.86
221.85
222.41
223.19
223.65
224.56
225.49
226.18
226.38
226.25
225.98
225.19
224.41
223.71
223.53
223.0
222.68
222.54
222.74
222.76
223.14
223.62
224.17
224.79
225.04
225.54
225.79
225.68
225.51
225.35
224.91
224.59
224.31
224.18
224.14
224.16
224.28
224.34
224.54
224.62
224.97
225.22
225.44
225.62
225.72
225.86
225.86
226.23
226.33
226.22
226.3
226.3
226.46
226.56
226.75
226.85
226.88
226.98
226.99
227.14
227.24
227.3
227.34
227.4
227.46
227.59
227.66
227.77
227.88
227.97
227.96
228.04
227.98
228.16
228.19
228.27
228.28
228.35
228.4
228.46
228.58
228.65
228.62
228.64
228.57
228.63
228.68
228.9
228.96
228.96
229.0
228.98
229.04
229.05
229.02
229.05
229.1
229.15
229.12
229.24
229.25
229.39
229.4
229.26
229.26
229.11
229.33
229.38
229.48
229.52
229.58
229.6
229.56
229.63
229.63
229.53
229.51
229.58
229.58
229.79
229.79
229.67
229.69
229.69
229.62
229.64
229.68
229.73
229.78
229.84
229.86
229.9
229.88
229.82
229.83
229.78
229.85
229.88
229.86
229.85
229.87
229.88
229.89
229.83
229.83
229.84
229.87
229.94
229.94
229.99
229.97
230.0
229.97
229.97
229.93
229.9
229.91
229.91
229.92
230.07
230.09
230.06
230.05
230.03
229.94
229.97
229.97
229.98
230.03
230.04
230.02
229.98
229.98
230.01
230.02
230.18
230.18
230.04
230.03
230.02
230.1
230.1
229.97
229.97
229.94
229.96
229.97
230.1
230.1
230.0
230.01
230.0
230.02
230.08
229.99
229.99
230.09
230.09
230.09
230.1
230.16
230.14
230.13
230.01
230.02
229.89
229.9
230.03
230.12
230.12
230.02
230.02
230.16
230.15
230.06
230.04
230.02
229.93
229.92
230.07
230.08
230.01
230.01
230.02
230.01
230.03
230.01
230.01
230.06
230.08
230.11
230.26
230.24
230.1
230.05
230.09
230.04
230.04
229.89
229.87
230.01
230.04
230.19
230.18
230.19
230.2
230.18
230.06
230.05
230.1
230.02
230.01
229.89
229.9
229.99
230.02
230.04
230.03
230.04
230.12
230.12
229.99
229.96
229.96
230.05
230.07
230.04
230.04
230.04
230.04
230.0
230.0
230.08
230.26
230.25
230.05
230.02
229.99
229.99
230.0
230.04
230.05
230.03
230.03
230.03
230.03
229.96
230.02
230.06
230.01
230.01
230.05
230.06
229.95
229.98
229.99
230.08
230.09
229.99
229.98
230.02
230.06
230.07
230.09
230.06
230.0
230.0
230.0
230.0
229.98
230.01
230.01
230.02
229.99
230.08
230.02
230.03
230.06
230.07
229.96
230.19
230.18
230.01
230.0
230.14
230.14
230.13
230.11
229.96
229.96
229.95
229.97
229.98
230.04
230.04
230.05
230.03
230.02
229.96
229.95
229.98
230.02
230.0
230.0
230.01
229.91
229.92
230.04
230.04
230.03
230.07
230.06
230.07
230.07
230.05
230.06
230.05
230.09
230.09
229.94
229.94
230.1
230.07
230.1
230.04
230.05
230.01
230.02
230.16
230.36
230.35
230.31
230.3
229.89
229.85
229.72
229.68
229.74
230.01
230.07
229.92
229.96
230.0
230.01
229.96
229.88
229.92
230.01
230.03
230.02
230.01
230.05
230.06
230.04
230.02
229.98
230.08
230.07
230.0
230.03
230.04
230.02
230.01
230.15
230.12
230.12
230.01
230.0
229.96
229.97
229.96
229.98
229.93
229.93
229.94
230.1
230.12
230.02
230.02
229.98
229.99
230.01
229.91
229.92
229.95
229.94
229.97
230.07
230.07
229.97
229.97
230.12
230.12
230.07
230.04
230.03
230.07
230.06
230.08
230.05
230.0
229.99
229.99
229.99
229.99
230.04
230.05
229.91
230.03
230.01
230.05
230.04
230.1
230.08
230.07
230.17
230.14
229.91
229.9
229.99
230.0
229.96
229.95
229.97
229.97
229.99
229.98
230.0
230.03
230.01
229.99
230.14
230.15
230.09
230.07
230.07
229.96
229.94
229.94
229.95
230.06
230.06
229.98
230.01
230.07
229.98
229.99
230.0
229.99
229.93
229.92
230.03
230.04
230.06
230.01
230.05
230.03
230.05
230.06
230.19
230.17
229.86
229.85
229.81
229.86
230.1
229.92
229.92
230.05
230.07
230.16
230.14
230.03
230.01
230.0
230.09
230.07
230.01
229.99
229.92
230.13
230.14
229.96
229.95
230.02
230.02
230.05
230.03
230.03
230.18
230.15
230.15
230.14
230.01
229.9
229.89
229.87
229.87
229.95
229.82
229.85
229.92
229.95
230.03
230.04
230.1
230.12
230.12
230.08
230.02
230.12
230.11
230.0
229.99
230.01
229.95
229.96
229.96
229.94
229.94
229.94
230.0
229.9
229.9
229.98
230.03
230.1
230.12
230.03
230.06
230.01
230.04
230.03
230.03
230.01
230.0
230.01
229.99
229.92
229.9
229.99
229.99
229.97
229.98
229.95
230.07
230.07
230.07
230.02
230.01
230.1
230.12
230.15
230.14
230.11
230.09
229.92
229.92
229.9
229.89
229.91
229.96
229.96
230.02
230.04
230.04
230.1
230.14
230.12
230.11
230.0
230.01
229.99
230.03
230.03
229.99
229.98
229.94
229.81
229.85
230.05
230.05
230.15
230.15
230.01
230.05
230.04
230.03
230.01
230.01
229.99
230.07
230.07
230.06
229.91
229.92
230.05
230.07
229.97
229.9
229.9
229.9
229.92
229.94
229.96
230.07
230.03
230.03
229.99
230.0
230.21
230.19
229.98
230.0
229.99
229.9
229.87
230.06
230.06
230.06
229.99
229.97
229.98
229.97
230.06
230.06
229.96
229.96
229.95
230.01
230.03
230.15
230.11
230.02
229.93
229.93
230.1
230.06
230.05
230.04
230.02
229.88
229.85
229.98
230.01
229.99
229.98
230.07
230.06
230.07
230.09
230.07
229.99
229.97
230.0
229.99
229.98
230.01
230.01
229.97
229.97
230.09
230.07
230.06
230.02
229.99
230.01
229.99
230.02
229.94
229.96
230.0
230.0
230.01
230.03
230.04
230.09
230.11
230.13
230.12
230.04
230.04
229.99
230.04
230.03
230.0
229.98
230.06
229.91
229.9
229.96
229.97
229.99
230.0
230.01
230.01
229.95
230.0
230.0
230.04
230.04
230.01
230.0
229.98
230.06
230.06
230.05
230.07
230.06
230.05
230.04
229.96
229.96
230.05
230.09
229.91
229.89
229.99
229.98
230.0
229.9
229.9
230.04
230.08
230.06
230.0
230.0
230.15
230.15
230.03
229.92
229.9
229.96
229.98
230.0
230.03
230.01
230.15
230.17
229.93
229.92
230.03
230.04
230.05
229.89
229.91
229.99
230.01
229.94
229.92
230.07
230.01
230.01
230.05
230.05
230.01
230.03
230.03
229.95
229.95
229.96
229.96
230.05
230.05
230.07
230.08
230.07
229.97
229.98
229.97
229.95
229.97
230.0
230.02
230.2
230.2
230.09
230.05
230.04
229.97
229.96
229.96
229.97
229.92
229.93
229.93
230.0
230.0
229.93
229.94
230.06
230.07
230.07
230.08
229.98
230.0
230.0
230.05
230.04
229.98
229.99
229.97
230.06
230.09
230.02
230.01
229.96
229.97
230.14
230.05
230.04
230.01
230.01
230.08
230.07
230.06
230.02
230.01
230.06
230.06
229.92
229.93
229.93
229.93
229.95
229.96
229.99
229.99
229.97
229.93
230.03
230.04
230.1
230.12
230.02
230.01
230.0
230.09
230.07
229.98
229.96
230.04
229.96
229.96
229.96
229.97
230.03
230.02
230.08
230.04
229.94
229.98
229.98
230.01
230.0
230.06
230.06
229.99
230.02
230.02
230.02
230.01
230.01
230.03
230.0
229.93
229.9
229.9
229.92
230.05
230.06
229.99
229.99
229.99
230.08
230.06
229.94
229.91
230.05
230.05
230.05
230.05
230.04
230.0
229.99
229.94
229.94
229.95
229.98
230.0
230.09
230.09
230.03
230.03
230.03
230.0
230.02
229.94
229.94
229.94
230.14
230.15
230.0
229.97
229.99
229.99
229.98
230.04
230.03
230.02
230.03
230.03
230.04
230.07
230.07
230.0
230.01
230.0
229.97
229.94
230.01
229.96
229.95
230.09
230.06
230.12
230.11
229.92
229.96
229.98
229.98
229.98
229.99
230.0
229.99
230.03
230.02
229.9
229.9
229.93
229.95
230.01
230.01
230.07
230.09
230.06
230.03
230.01
230.01
230.0
230.01
230.09
230.09
230.03
230.03
229.96
229.93
230.05
229.89
229.91
230.1
230.11
230.15
230.14
230.04
230.01
229.99
230.0
229.97
229.96
229.97
229.95
229.93
229.94
230.01
230.04
230.04
230.05
229.99
229.95
229.93
229.93
229.94
230.09
230.1
230.07
230.07
230.06
229.98
229.98
229.99
230.01
230.01
230.06
230.06
230.0
230.0
230.02
230.01
230.02
229.94
229.95
229.96
229.98
230.03
230.03
230.03
229.98
229.97
230.04
230.03
230.04
230.04
230.04
229.98
229.96
229.98
229.98
229.92
229.91
229.96
229.95
229.98
230.07
230.08
229.97
229.97
230.24
230.24
230.22
230.02
229.96
230.05
230.06
229.95
229.87
229.87
229.9
229.91
229.92
229.93
230.08
230.0
229.99
230.15
230.13
230.02
230.01
230.08
229.89
229.89
229.95
229.96
229.93
229.96
230.06
230.03
230.06
230.08
230.07
230.07
230.04
229.87
230.03
230.04
230.02
230.03
229.99
229.98
229.92
229.92
230.04
230.06
230.06
229.99
229.98
230.03
230.06
230.04
230.03
230.03
230.01
230.0
230.0
230.01
229.99
230.01
230.01
230.03
230.01
230.02
230.0
230.0
229.98
229.98
230.09
230.09
230.06
229.96
229.95
229.96
229.95
229.96
229.96
230.02
229.88
229.88
230.03
230.04
230.07
230.09
230.11
230.03
230.01
229.97
229.96
230.01
230.04
230.05
229.96
229.94
229.95
229.96
229.96
229.98
230.01
230.02
230.05
230.14
230.15
230.07
230.04
230.0
229.96
229.94
229.97
229.97
229.87
229.9
229.89
229.92
229.95
230.12
230.11
230.06
230.07
230.08
230.18
230.16
229.97
229.94
229.98
229.98
230.03
229.97
230.01
230.14
230.14
229.95
229.93
229.92
230.02
230.02
230.02
230.03
230.0
230.0
230.01
230.09
230.08
230.0
229.98
229.95
229.95
230.01
229.93
229.95
230.06
230.08
230.05
230.03
230.04
230.01
230.0
229.93
229.92
229.93
229.95
230.0
230.05
230.06
230.07
230.06
230.04
230.03
230.03
230.06
230.05
229.95
229.93
230.11
229.92
229.92
229.95
229.99
230.05
230.06
230.03
230.01
229.99
230.01
230.0
229.86
229.87
230.18
230.02
230.03
230.03
230.01
229.93
229.92
229.93
229.98
229.97
229.99
230.01
229.94
229.95
229.98
230.11
230.12
230.1
230.09
230.04
230.0
230.01
229.98
229.96
230.0
229.96
230.04
230.05
230.01
229.85
229.88
229.97
229.99
230.05
230.07
230.02
230.03
230.01
230.07
230.04
229.95
229.94
230.0
230.0
230.0
230.17
230.15
230.09
230.07
230.0
230.0
229.88
229.93
229.88
229.9
229.93
230.03
230.04
230.09
229.93
229.9
230.06
230.06
230.07
230.06
230.05
230.12
230.12
230.05
230.03
229.99
230.01
229.91
229.99
230.0
229.92
229.95
229.9
230.02
230.03
230.1
230.1
230.03
230.02
229.93
229.9
229.93
229.99
229.98
229.96
229.97
230.03
230.03
230.03
229.96
229.96
229.95
229.94
230.01
230.01
230.1
229.96
229.93
230.09
230.1
230.1
230.09
230.03
229.96
229.96
229.9
229.9
230.05
230.07
230.07
230.08
230.04
230.03
230.02
229.94
229.93
229.89
229.79
229.79
229.96
229.97
230.1
230.11
230.1
230.02
230.04
230.05
230.04
230.04
230.02
229.99
229.99
229.96
229.99
229.98
230.0
229.98
229.9
229.91
230.14
230.08
230.07
230.02
230.01
230.15
230.14
230.13
230.03
230.01
229.98
229.96
230.06
230.09
230.05
229.99
229.98
230.01
230.02
229.96
230.0
230.02
229.98
229.98
230.01
229.96
229.98
229.98
229.98
229.96
229.96
229.97
229.97
230.03
230.05
230.04
230.03
230.04
230.04
230.03
229.93
229.95
229.97
229.98
229.97
230.03
230.06
230.03
230.0
230.01
230.03
230.01
230.08
229.98
229.96
230.02
230.03
229.97
229.98
229.94
229.97
230.15
229.98
229.98
229.98
229.96
229.94
229.94
230.01
229.98
229.98
230.19
230.2
230.06
230.05
230.01
229.97
229.96
230.03
230.04
230.06
230.05
229.95
229.99
229.99
229.99
230.0
229.98
230.01
229.9
229.95
229.93
230.02
230.04
229.9
229.92
229.98
230.01
230.0
230.04
230.02
230.03
230.03
230.02
229.97
230.0
229.93
229.95
230.01
230.01
230.06
229.98
229.98
230.01
229.99
230.17
230.18
230.06
230.01
230.01
229.98
229.96
229.83
229.81
229.96
229.97
230.01
229.95
229.97
230.12
230.11
230.11
230.05
230.03
230.01
230.01
230.08
230.06
230.03
229.98
229.97
229.93
229.94
230.03
229.97
229.97
229.96
230.0
230.01
230.02
229.97
230.12
230.12
229.95
229.95
230.0
229.99
230.01
230.01
230.02
229.92
229.91
230.04
230.05
229.96
230.0
230.01
230.0
230.01
230.07
230.08
230.06
230.06
229.97
229.96
229.97
230.09
230.09
230.09
230.08
229.91
229.96
229.96
229.97
229.98
230.0
230.0
230.05
229.99
229.98
229.89
229.92
229.97
229.99
230.01
230.0
230.0
230.04
230.06
230.01
230.01
230.06
229.97
229.98
230.04
230.01
230.05
230.06
229.96
229.98
229.99
230.02
230.01
229.95
229.96
229.98
230.03
230.04
230.04
230.04
230.08
230.07
230.12
229.97
229.95
229.94
229.94
230.01
230.04
229.95
229.93
229.93
229.93
229.94
229.98
230.01
230.07
230.14
230.15
230.0
229.96
229.98
229.98
230.05
230.05
230.04
230.2
230.2
229.9
229.88
229.88
229.88
229.9
229.9
229.92
229.98
229.98
229.98
230.01
230.05
229.91
229.88
230.05
230.07
230.19
230.1
230.1
230.02
230.01
230.06
230.06
230.05
230.06
230.06
229.99
229.98
229.96
229.96
230.01
230.02
230.02
229.99
229.99
229.96
229.95
229.96
229.94
229.95
229.98
229.98
230.06
230.08
230.03
230.07
230.07
230.04
230.04
230.03
230.01
229.82
229.8
229.94
230.06
230.09
230.1
230.1
230.06
230.06
229.99
229.91
229.9
229.9
229.92
230.07
230.05
230.01
229.98
229.96
229.96
229.97
229.98
230.0
230.01
229.95
229.95
230.12
230.13
229.95
229.95
230.05
230.02
230.04
229.94
229.96
230.15
229.93
229.92
229.97
229.99
229.97
230.0
230.09
230.1
229.99
230.03
230.03
230.02
230.02
229.97
229.96
229.98
230.06
230.07
230.02
230.03
229.99
230.01
229.99
230.0
230.01
230.04
230.06
229.96
230.1
230.09
229.99
229.95
229.93
229.92
229.95
229.89
229.88
229.99
230.01
230.12
230.11
230.12
230.08
230.06
229.95
229.93
229.93
229.94
229.93
229.94
229.96
230.04
230.05
230.0
229.99
230.04
229.96
229.96
230.09
230.1
230.02
230.03
230.02
230.0
230.01
230.04
230.07
229.9
229.91
229.93
229.93
229.97
230.05
230.07
229.94
229.94
230.09
230.0
230.0
229.85
229.86
230.06
230.05
230.03
230.04
230.04
229.96
229.95
230.02
230.05
230.05
230.01
230.0
230.03
230.01
230.01
230.0
230.02
230.15
230.15
230.03
230.01
230.02
230.02
229.96
229.96
229.97
230.0
229.99
229.97
229.96
229.91
229.88
229.91
230.1
230.1
230.0
230.04
230.03
230.02
230.03
229.99
229.96
230.06
230.07
230.08
230.03
230.03
230.01
229.98
230.01
230.02
230.03
229.95
229.95
230.21
230.22
229.97
229.99
229.97
229.99
229.96
229.88
229.9
229.94
229.93
229.94
230.01
230.01
230.11
230.09
229.99
230.03
230.03
230.0
230.0
229.97
229.95
229.93
230.04
230.04
230.06
230.04
230.08
230.09
229.97
230.01
230.03
229.92
229.9
229.92
229.95
229.97
230.03
230.04
229.98
229.99
229.99
230.0
230.02
229.98
229.97
230.02
230.02
229.96
229.96
229.91
230.06
230.07
230.03
230.01
230.04
230.07
230.0
229.92
229.88
230.0
230.05
230.05
230.04
229.93
229.93
229.93
230.06
230.06
229.98
229.96
229.96
229.96
229.97
229.97
229.99
230.01
230.01
230.1
230.05
230.05
230.06
230.04
230.06
230.07
230.02
230.04
230.03
230.03
230.03
229.99
229.98
229.89
229.92
229.94
229.88
229.9
230.12
230.15
230.19
230.1
230.05
229.99
229.96
229.96
229.93
229.96
229.96
229.96
230.02
230.02
230.04
230.03
230.03
230.0
230.0
229.99
229.98
230.05
230.04
230.04
229.86
229.85
229.86
229.88
230.05
230.06
230.04
230.1
230.1
230.04
230.08
230.06
230.02
230.0
229.97
229.98
229.97
229.97
229.93
229.97
229.99
230.0
230.0
229.96
229.96
229.96
229.93
229.93
230.02
230.04
230.11
230.1
229.99
230.04
230.05
229.91
229.9
229.96
229.97
229.97
230.06
230.07
229.96
229.95
229.96
229.96
230.12
230.07
230.07
230.03
230.02
229.97
229.94
229.99
230.09
230.1
230.1
230.12
229.96
229.95
230.1
229.98
229.98
230.02
230.01
229.93
229.9
229.86
230.0
230.03
230.14
230.13
229.98
229.99
230.08
230.03
230.03
229.86
229.86
229.86
229.89
229.99
230.03
230.05
229.95
229.97
230.13
230.14
229.98
229.99
229.98
230.05
230.04
229.99
229.97
229.94
229.97
229.97
230.11
230.12
230.04
230.01
230.04
230.02
230.02
230.05
230.05
230.03
230.04
230.06
229.99
229.98
229.88
229.88
229.86
229.86
229.96
230.07
230.08
230.12
230.1
230.01
230.03
230.07
229.85
229.81
229.85
229.86
229.89
229.9
229.97
230.13
230.13
230.11
230.1
230.07
230.04
230.02
230.0
230.01
230.0
230.01
230.03
230.03
229.9
229.9
230.14
230.07
230.07
230.2
230.11
229.62
229.05
228.72
228.65
228.68
228.98
229.26
229.45
229.59
229.87
230.01
230.15
230.21
230.27
230.42
230.28
230.25
230.32
230.31
230.13
230.12
230.08
230.07
230.1
230.06
230.07
230.1
230.12
230.15
230.15
230.07
230.09
230.1
230.12
230.11
230.0
230.01
230.0
230.17
230.14
230.16
230.17
230.08
230.05
230.14
229.97
229.96
230.14
230.15
230.01
229.99
230.19
230.04
230.02
230.17
230.17
230.17
230.14
230.05
230.15
230.13
230.03
230.01
230.1
229.99
229.66
229.48
229.35
229.28
229.3
229.44
229.59
229.78
229.95
230.07
230.06
230.16
230.3
230.32
230.3
230.29
230.29
230.05
229.67
229.38
229.39
229.37
229.44
229.58
229.71
229.77
229.97
230.11
230.23
230.29
230.29
230.31
230.28
230.18
230.13
230.1
230.05
230.05
230.23
230.13
229.88
229.62
229.5
229.45
229.54
229.6
229.75
229.89
230.01
230.09
230.15
230.21
230.33
230.34
230.28
230.27
230.26
230.15
230.15
230.03
230.03
230.12
230.14
230.13
230.16
230.19
230.21
230.16
229.95
229.97
230.07
230.28
230.25
229.72
229.13
228.95
228.83
228.96
229.06
228.78
228.47
228.25
228.22
228.5
228.77
229.32
229.77
230.04
230.32
230.4
230.52
230.62
230.72
230.7
230.66
230.6
230.37
230.31
230.33
230.23
230.18
230.15
230.16
230.14
230.18
230.26
230.36
230.37
230.27
230.26
230.2
230.2
230.22
230.25
230.21
230.24
230.23
230.23
230.23
230.23
230.23
230.28
230.13
229.96
229.68
229.16
228.46
227.74
227.45
227.61
227.81
228.36
228.98
229.65
230.13
230.52
230.58
230.73
230.9
230.87
230.79
230.75
230.59
230.54
230.45
230.37
230.3
230.27
230.29
230.24
229.9
229.56
229.1
228.43
228.16
228.28
228.44
228.3
227.84
227.14
227.02
227.26
227.83
228.76
229.36
229.7
230.24
230.65
230.89
231.02
231.05
231.08
231.02
230.96
230.84
230.74
230.68
230.63
230.56
230.48
230.51
230.5
230.62
230.57
230.18
229.55
228.78
228.38
227.51
226.44
225.67
225.65
226.17
226.25
226.06
225.73
225.26
224.72
224.23
224.09
223.69
223.22
222.99
222.97
222.9
222.62
222.15
221.54
220.92
220.28
219.85
219.1
218.44
218.21
217.57
216.91
216.34
215.75
215.21
214.92
214.47
213.96
213.49
212.98
212.47
212.18
211.7
211.24
210.78
210.47
210.26
209.79
209.38
208.98
208.62
208.22
207.87
207.5
207.41
207.08
206.64
206.35
206.03
205.8
205.48
205.31
205.04
204.77
204.41
204.28
204.0
203.75
203.55
203.43
203.19
202.96
202.76
202.56
202.36
202.24
202.06
201.96
