0
0.225095859999783
0.8009450530007598
1.3591260200009856
1.9411437359995034
2.505629110000882
3.0602364420010417
3.622158127000148
4.184166529999857
4.758668279000631
5.35079315099938
5.918915180000113
6.475914796999859
7.032907329999944
7.586169092999626
8.14815812100096
8.721401177001098
9.27836777199991
9.849086721000276
10.426136534999387
10.999387506999483
11.583873809000579
12.137099269999453
12.69286357800047
13.251110430001063
13.805597242000658
14.360196708999865
14.93961646400021
15.515184199999567
16.075049432000014
16.635848723999516
17.201624979999906
17.776112614999874
18.348081091000495
18.90884579900012
19.48337442400043
20.064107820000572
20.6196661390004
21.178225855001074
21.757754723999824
22.314705746000982
22.886718441000994
23.473719734000042
24.05071564299942
24.620261625999774
25.190978075001112
25.770543037000607
26.334976120000647
26.91320593099954
27.50523835400054
28.09103704700101
28.66547713
29.22120727100082
29.78319984100017
30.374042319999717
30.9448346019999
31.50806102200113
32.083824330000425
32.65593952400013
33.217937978999544
33.77888352000082
34.3334885080003
34.92430635300116
35.495064935999835
36.05704917299954
36.61280415700094
37.18961449299968
37.74691270199946
38.31023084000117
38.871030288999464
39.42928224500065
39.98255744600101
40.57204373100103
41.142793721001
41.6986738100004
42.260705910999604
42.825180660000115
43.382175848999395
43.936648181001146
44.49364732899994
45.0519694930008
45.60902056800114
46.18352382699959
46.75307054000041
47.33504596400053
47.891993392000586
48.44525223900018
49.03608227100085
49.597994736001056
50.16751072000079
50.74824739699943
51.33403369400003
51.90851278700029
52.483006099000704
53.050106778000554
53.60460218300068
54.15910003600038
54.722376091000115
55.28311173700058
55.86027155100055
56.42338005400052
56.976646504999735
57.556112926000424
58.13184456700037
58.696165201999975
59.250952586000494
59.80545293900104
60.38496212100108
60.95951376499943
61.51271730000008
62.08600993800064
62.65796924700044
63.241230916999484
63.819463383000766
64.40403905899984
64.9796072629997
65.53434464699967
66.11383804700017
66.67084526700091
67.22533265200036
67.78214857100102
68.35197809500096
68.92395183100052
69.4859287750005
70.05544382100015
70.64601624900024
71.21956487600073
71.79039476199978
72.35733554500075
72.9206223809997
73.4875676949996
74.05203187100051
74.60903310200047
75.18990826899972
75.74300102199959
76.33406667800045
76.88728240000091
77.45678885199959
78.01379664500018
78.5871240230008
79.14280296600009
79.73351143500076
80.28802059000009
80.86504170599983
81.44828535499983
82.00277664600071
82.55856590099938
83.15061473100104
83.72377919199971
84.2857571780005
84.84400840499984
85.41975483799979
86.00926690400047
86.56626073900043
87.12077135300024
87.70259115199951
88.26613470600023
88.84936059400025
89.42135974700068
90.00087866800095
90.56287462200089
91.13237513700005
91.6993583149997
92.26120947900017
92.82599901899994
93.40297914500115
93.95748168600039
94.54931249500078
95.12413455600108
95.67993480100085
96.23561280600006
96.8126401720001
97.3659511019996
97.95297926999956
98.54498065200096
99.13695958599965
99.69030046300031
100.2447235769996
100.81682627100054
101.40502068500064
101.966973255001
102.52272152099977
103.09096443499948
103.67547667300096
104.2387034050007
104.8219023670008
105.38396816500062
105.95096004100014
106.5066821090004
107.08368499599965
107.63704967600097
108.22783153000091
108.79108425199956
109.34431617100017
109.9288138259999
110.49593117100085
111.06541673799984
111.6486798650003
112.22443343300074
112.7976920609999
113.36717366899938
113.92292104999979
114.48252706399944
115.03829449600016
115.60035664899988
116.19102865900095
116.77443683899946
117.36014797999997
117.94457032299943
118.50777403400025
119.08603269800005
119.64178273499965
120.20376348100035
120.75960138200026
121.34414976600056
121.8999868330011
122.47688565799945
123.0638830450007
123.65468359700026
124.20788525600074
124.7948967579996
125.3619005090004
125.92516015799993
126.4783853580011
127.05913005600087
127.61594097499983
128.17449345100067
128.7403331429996
129.29977983500066
129.8529984729994
130.40748835700106
130.98450697299995
131.56525073400007
132.12473674800094
132.68549718600116
133.25376765200053
133.81198044099983
134.39273170200067
134.9459796629999
135.52551915600088
136.11749116300052
136.69574305599963
137.252747464001
137.83359070299957
138.38904579300106
138.95509657799994
139.53962225400028
140.12797468899953
140.68360024700087
141.25184753600115
141.80885209900043
142.39334600500115
142.97659085099986
143.54483735900067
144.12184008900113
144.67633325499992
145.2495734969998
145.80545717899986
146.3637155409997
146.93818911299968
147.5177105849998
148.09201009500066
148.65929457499988
149.24381889600045
149.7958134239998
150.36138848200062
150.9186660129999
151.4844157059997
152.05142003000037
152.60466366800028
153.1779084940008
153.73869512900092
154.32070211500104
154.87391007599945
155.43465671100057
155.988013057
156.57753965499978
157.15702909600077
157.71277376800026
158.27230035499997
158.8267672710008
159.41884521500106
159.97459160499966
160.52885112500007
161.0837292899996
161.65567094200014
162.2426696830007
162.83466616900114
163.41666060200077
163.99864826500016
164.56940992099953
165.12394647200017
165.70341091400041
166.26677170699986
166.8275101140007
167.38577597599942
167.9663411950005
168.5336268200008
169.12316060500052
169.68887555900073
170.2433866930005
170.80045156900087
171.35624462600026
171.9157371500005
172.47151119699993
173.06208102100027
173.61810298300043
174.17137886099954
174.73838401800094
175.29163453100045
175.85613058200033
176.43669996800054
176.99273969100068
177.56974184799947
178.12549599900012
178.7050002320011
179.25945407400104
179.82658615900073
180.41357995200087
180.9755888230011
181.54256736500065
182.10971684499964
182.70177411199984
183.25495374000093
183.8094481549997
184.39897272100097
184.97596191000048
185.56679090000034
186.14748341000086
186.73948479200044
187.32043339499978
187.90722661600012
188.46052535800118
189.02228844800084
189.57830202500008
190.16414806099965
190.73357019000105
191.28804601199954
191.86489827399964
192.41963341799965
192.99668791899967
193.55242139300026
194.1381728460001
194.72266930300066
195.30843872399964
195.88545140300084
196.44489257299938
196.99939485300092
197.57770622499993
198.1459290870007
198.69920001600076
199.2886788020005
199.84424175499953
200.4104427479997
200.96603361800044
201.55555433100017
202.1102433289998
202.6996673220001
203.27167772400026
203.85115200899963
204.4257334970007
205.00264372799938
205.56089396500101
206.1329063459998
206.69363001300007
207.26562963400102
207.8202519130009
208.39571183599946
208.9692522330006
209.56019163900055
210.14325783999993
210.73528495000028
211.32583112800057
211.90318177399968
212.46029055600047
213.0422395200003
213.60321552999994
214.18497897499947
214.7419702570005
215.32376146200113
215.87995347600008
216.4556441269997
217.0338806029995
217.5908410000011
218.14883681100036
218.72501886700047
219.3132128640009
219.87035227100023
220.44321543099977
221.0230983599995
221.5950313150006
222.14958942799967
222.73536744299963
223.29248132900102
223.85312463099945
224.4114818470007
224.99976199000048
225.55548155799988
226.14489174899973
226.70695624499967
227.27136333700037
227.8547234960006
228.44674940799996
229.03254132999973
229.59449421099998
230.1616592120008
230.72499302600045
231.3181519560003
231.89891212200018
232.4859314360001
233.05554158499945
233.61252260699985
234.20210675599992
234.78041656599999
235.3372345150001
235.90183020100085
236.48878659799993
237.0732195140008
237.6378953550011
238.2136435579996
238.7756706580003
239.3550869740011
239.94217847500113
240.49656466099987
241.06114592000085
241.62684644600085
242.21268310699998
242.79968872300014
243.3667466400002
243.95887119799954
244.5395030840009
245.11777398699996
245.70353372099999
246.2655167590001
246.85127441000077
247.40820089999943
247.97650001200054
248.53359978300068
249.1268810040001
249.71762009800113
250.30474534899986
250.86059241600015
251.431272197
252.01576052900054
252.5815114190009
253.13842332700005
253.7105686240011
254.28112350999982
254.8382028119995
255.41661361099978
255.9823385640011
256.54573326399986
257.1125493069994
257.70327235900004
258.2615986889996
258.84852737800065
259.43927459599945
260.01871221500005
260.57571714299957
261.1553077820008
261.71232828199936
262.2893434609996
262.8525811290001
263.4358545169998
264.0128831330003
264.5873421209999
265.1781711620006
265.7639012090003
266.3420892480008
266.92157889699956
267.4923210220004
268.06809339100073
268.6263077420008
269.1919044139995
269.74668179699984
270.33497735700075
270.89320399999997
271.48144768400016
272.06112337500053
272.651808093
273.20504584599985
273.7845858599994
274.36531847399965
274.9185031529996
275.48330685899964
276.0616195849998
276.6197800299997
277.1981273399997
277.7587611100007
278.3345353549994
278.88901773900034
279.4799256340011
280.0392831580011
280.5975630819994
281.1520905699999
281.72905184199954
282.2899890490007
282.84438091300035
283.4351574020002
284.0034556800001
284.56539533199975
285.1261631130001
285.6904798409996
286.2540995920008
286.821242248001
287.3967320669999
287.9503561719994
288.5072471420008
289.0829988860005
289.66006838700014
290.2157168089998
290.77772734599966
291.3497325919998
291.9206532570006
292.4762625130006
293.0419962670003
293.6052492489998
294.1834913500006
294.76423927699943
295.35251436699946
295.9295027219996
296.48527192500114
297.0422458640005
297.6056576989995
298.1864005210009
298.7396007210009
299.2953712260005
299.8723871330003
300.4555714060007
301.01912938700116
301.5760985329998
302.1681302270008
302.7413823959996
303.2996009140006
303.88787319199946
304.45482360999995
305.00933989900113
305.5625735369995
306.144568908001
306.69906373900085
307.263412915001
307.8419794420006
308.4002642100004
308.9772093880001
309.5706292020004
310.1585270550004
310.71332000999973
311.2690504109996
311.8373465530003
312.4305422540001
313.010157996001
313.56829875400035
314.12531060900073
314.7010801659999
315.2642860119995
315.8263398300005
316.3858111570007
316.9726434389995
317.5324296079998
318.0932004620008
318.65267444500023
319.2309634730009
319.78542820000075
320.34620618900044
320.9107858330008
321.4802576490001
322.0372403370002
322.6129293209997
323.1885044520004
323.7693712319997
324.3316764560004
324.9074353360011
325.4781562099997
326.0564148220001
326.637168321
327.1904836249996
327.76115517700055
328.34191570800067
328.8977610559996
329.4522532310002
330.04300529300053
330.62877434999973
331.1870037009994
331.77777867999976
332.33728219300065
332.90678161399956
333.4962651900005
334.0783187369998
334.641514115001
335.1973942019995
335.76558623100027
336.32250824199946
336.90576329600117
337.4603417729995
338.0222291860009
338.5768563090005
339.16762868300066
339.74485151599947
340.3353986309994
340.90997209800116
341.47811058499974
342.0401711220002
342.6158563560002
343.1842531229995
343.75123411300046
344.3082112810007
344.8926852900004
345.4747442019998
346.0642903299995
346.6212230710007
347.1832190240002
347.7627288300009
348.327209047
348.8917312430003
349.4635419059996
350.01957605499956
350.5903979190007
351.17106511699967
351.76164780399995
352.32026991400016
352.9122278579998
353.47923489000095
354.0724308509998
354.6281840110005
355.1814548880011
355.73592461599947
356.3102605309996
356.86513082999954
357.4447514679996
358.0006168159998
358.56491958600054
359.14819932799946
359.7290774100002
360.2823049540002
360.874121492001
361.4289148120006
362.00719706900054
362.5929220630005
363.1762419610004
363.73827202900065
364.3315950209999
364.89607065400014
365.45179219999955
366.03359298800024
366.5971383119995
367.1741447919994
367.7472149820005
368.3157778950008
368.89905847000045
369.4610270280009
370.0553387660002
370.6387702259999
371.2297891620001
371.8068478290006
372.39500198300084
372.9495097830004
373.5352725369994
374.0984949980011
374.6880428450004
375.25376706799943
375.8421667420007
376.42541200400046
376.9811278729994
377.5581030510002
378.1288888729996
378.70211833400026
379.2864397909998
379.8400729059995
380.4196340649996
380.975359258
381.53361006700106
382.11167550200116
382.6964815930005
383.2722444299998
383.82795983100004
384.40873322600055
384.9669782540004
385.53522741800043
386.10972749900066
386.696732073
387.2637135320001
387.8269868770003
388.3927081840011
388.98345993300063
389.5692386770006
390.1236990819998
390.71196141200016
391.27520350800114
391.8445198549998
392.4080643460002
392.9863086860005
393.57334128100047
394.12907683699996
394.690020086
395.271964259
395.8351791670011
396.42471149300036
396.9806402260001
397.55760196700066
398.1295432019997
398.6928107140011
399.24852991700027
399.83683615300106
400.41505158700056
401.00208439000016
401.5940464480009
402.14975799400054
402.71926923700084
403.30011226700117
403.8871302259995
404.4490328989996
405.03482888300096
405.5906038659996
406.16627290200086
406.72077523400003
407.3115709930007
407.88602826200076
408.447984841001
409.01503015399976
409.60702788900016
410.160344078
410.7372551419994
411.3180767140002
411.87135899700115
412.4433641380001
412.9978784489995
413.5786644479995
414.1343629210005
414.6988622000008
415.25462109
415.8416392050003
416.4050206760003
416.9920823320008
417.55899978100024
418.12106245299947
418.6779717040008
419.25500906900015
419.8208330319994
420.37786222999966
420.9448817100001
421.4980857640003
422.0575998509994
422.63582731600036
423.1953243709995
423.78613132899955
424.3719155939998
424.93627893600024
425.52233517900095
426.105582993001
426.68513785100004
427.24834161299987
427.82781350200094
428.38613118600006
428.951830774
429.50629867799944
430.0883518610008
430.644087521001
431.2035722849996
431.77690997399986
432.3575665469998
432.9496429789997
433.50535837999996
434.07491957000093
434.6405881169994
435.205068229001
435.785860426
436.36406002700096
436.92112318399995
437.51181717300096
438.08386090800013
438.6408040130009
439.20280527900104
439.7560382390002
440.3193072619997
440.89378807200046
441.48711069899946
442.04283630700047
442.59978894400047
443.15302185200017
443.7325324900012
444.2957675020007
444.88781773700066
445.46584140100094
446.0531580570005
446.64266069599944
447.1983878150004
447.7541291010002
448.3300378750009
448.90187520499967
449.47027223199984
450.0509186479994
450.61290673700023
451.1749033159995
451.7306923619999
452.3202517709997
452.8821374649997
453.4554362880008
454.03743709800074
454.59186974600016
455.1451475020003
455.7009336350002
456.2666299350003
456.8449388400004
457.39810404700074
457.9814064740003
458.5708684069996
459.12409189699974
459.68593863299975
460.23949660200014
460.8216108600009
461.3935539619997
461.9517606640002
462.5087195060005
463.06334408800103
463.6491163539995
464.20486082800016
464.7753649820006
465.330311179001
465.9234910209998
466.4766876960002
467.0587233139995
467.63804024599995
468.2303606149999
468.7872974330003
469.3793415020009
469.9624027440004
470.5547170210011
471.12421014400024
471.6786927030007
472.2579925049995
472.8128166790011
473.37479061500017
473.9317983229994
474.501278011001
475.08204296500116
475.63526204400114
476.19601734299977
476.75928101700083
477.3387554580004
477.89203120599996
478.47039747500094
479.04226309600017
479.625540336001
480.1937411809995
480.7707588129997
481.3627781539999
481.94349629300086
482.5017327019996
483.0637485219995
483.6407641780006
484.20275078099985
484.7735127649994
485.32797361899975
485.8937889580011
486.4770167780007
487.0303230549998
487.6170791429995
488.18439541599946
488.77387279600043
489.35461719200066
489.90913997700045
490.4871952699996
491.0407643620001
491.61399243599953
492.16970667700116
492.74780238899984
493.3025844469994
493.8634432510007
494.416592556001
494.9799339550009
495.55937971599997
496.12031742900035
496.68095972599986
497.23919682499945
497.82104169299964
498.3783322350009
498.9428486850011
499.5011244840007
500.0856185110006
500.64631893600017
501.2183435870011
501.79781456300043
502.3735530539998
502.9380549769994
503.5025530460007
504.0670425219996
504.6353104720001
505.20858616400074
505.7680304530004
506.32257174200095
506.9033354260009
507.4828001040005
508.0435519950006
508.6206535069996
509.18142232600076
509.74963663500057
510.3116438870002
510.8959857890004
511.4545383170007
512.0165530180002
512.601034452
513.1606203619995
513.7150560850005
514.2720524239994
514.8315142740012
515.3885087380004
515.971762784
516.5262267910002
517.1046529409996
517.6829085709996
518.2486502430002
518.8055864809994
519.3976264320008
519.9508561759994
520.5216263710008
521.0909376660002
521.6544814320005
522.2102931990012
522.8034818979995
523.3892400040004
523.982490163
524.5394220310009
525.1139891420007
525.7009846399997
526.275450866
526.8624453760003
527.4180089710007
527.9715537209995
528.5285539260003
529.113212874001
529.6689552210009
530.2234221560011
530.8140018110007
531.3863032070003
531.9495406300011
532.5165437659998
533.1000505880002
533.675569160001
534.257569374
534.8268760970004
535.4116966130005
535.9774914760001
536.5406653610007
537.1114116640001
537.7019834090006
538.2555251980011
538.8212730329997
539.393252979
539.9565094190002
540.5084813730009
541.0978597400008
541.6724656139995
542.2347773199999
542.8168106140001
543.3811018960005
543.9372068049997
544.5092536299999
545.0775302630009
545.6495256819999
546.2167203410008
546.782377349
547.3419492270004
547.8965458120001
548.4534610339997
549.0090383450006
549.5900040970009
550.1697305840007
550.7454571910002
551.3200767199996
551.8907864209996
552.4451945210003
553.0184951499996
553.5954492540004
554.1524361480006
554.7106824630009
555.2651978570011
555.8572641430001
556.4242166750009
557.0051191530001
557.559656423
558.1129104169995
558.6986911059994
559.2807104559997
559.875209965001
560.4634491340003
561.0453782780005
561.6026806440004
562.1734283229998
562.7354444730008
563.3174363270009
563.8869767720007
564.4739106899997
565.0422546820009
565.6053991120007
566.172416079
566.7581831810003
567.3126483760007
567.8696716859995
568.4339831449997
568.9875215739994
569.5670384420009
570.1228006140009
570.688351705001
571.2481324029995
571.826416205
572.4096696230008
572.9628781089996
573.5299587280006
574.1043896299998
574.6588637370005
575.2183543880001
575.7878609880008
576.343650664001
576.89808644
577.4613473890004
578.0356808470005
578.621742749001
579.2049663819998
579.7594641380001
580.3453188029998
580.9011524930011
581.4794898960008
582.0727550539996
582.6284490580001
583.1966948360005
583.756188618001
584.3257913710004
584.90525695
585.471183832
586.0418626240007
586.6127568840002
587.2071288120005
587.7816839440002
588.3773651909996
588.9444943630006
589.504944708
590.099573200001
590.6666587279997
591.2452833780007
591.8324105989996
592.4168211640008
592.9712575249996
593.5432603270001
594.0989310069999
594.6772676399996
595.2517363719999
595.8474274159998
596.4307202290001
597.0139575209996
597.6047977529997
598.1967652719995
598.7850235879996
599.3818320789997
599.9404273870005
600.5261595680004
601.0869291920008
601.6451243459996
602.2334393310011
602.8279090840006
603.3848871089995
603.9568922110011
604.5412098180004
605.0947090040008
605.686759966
606.2525198870007
606.818243089001
607.3913317309998
607.9548305669996
608.5381046910006
609.0938365279999
609.6508377869995
610.2326896260001
610.794947063001
611.3769868199997
611.9704264800002
612.5497133829995
613.1392067569996
613.7112093140004
614.2994357150001
614.8875196690005
615.4734268610009
616.0382162719998
616.6252228350004
617.1922035919997
617.7867210130007
618.3700085300006
618.9244243890007
619.4912641579995
620.0460506939999
620.6380872410009
621.1925257060011
621.7856251140001
622.3641632260005
622.9549159779999
623.5431614480003
624.0988959509996
624.6809790509997
625.2455361249995
625.835019352
626.4271141850004
626.981554164
627.5735289460008
628.1480335360011
628.7025009120007
629.283305582001
629.8715475680001
630.433509552
631.001771616
631.5574994060007
632.1420457820004
632.724024096
633.2859984259994
633.8642808690001
634.424978903
634.9920043080001
635.5804180150008
636.1672730320006
636.7230007729995
637.2950490250005
637.8871265739999
638.4616128380003
639.016096628
639.5941853790009
640.155284456001
640.7160791599999
641.2717021130011
641.8549991270011
642.4093137010004
642.999113971
643.5723519620005
644.1368300400009
644.6916222689997
645.2771611520002
645.8616493610007
646.4346688660007
646.9919966079997
647.5677029779999
648.1484609430008
648.7154446910008
649.3037239300011
649.8682114389994
650.422730444001
651.0132607699998
651.5680674310006
652.1226393020006
652.6759521679996
653.2407662400001
653.8049526070008
654.3620220739995
654.9539848450004
655.519704331
656.0779448369994
656.6324659300008
657.1944408489999
657.753935101
658.3409339350001
658.9179843700003
659.5063035639996
660.0708431100011
660.634070995
661.1897997430005
661.7731670310004
662.3451993620001
662.9008900909994
663.4889925700008
664.0501231729995
664.6407966850002
665.2178282700006
665.8099534440007
666.3655187580007
666.9562823230008
667.5094994700012
668.0727737140005
668.628485487001
669.1882540170009
669.7640077970009
670.3185036390005
670.8905985279998
671.4810982430008
672.0370962159996
672.600471400001
673.164855383
673.7443891519997
674.3101786509997
674.8933494900011
675.4578639419997
676.0199671030005
676.5731463909997
677.1488796560006
677.7047540389995
678.2967548979996
678.8637516870003
679.4520339680003
680.0352613209998
680.6272493180004
681.2192934079994
681.7787015819995
682.3569547370007
682.9114326180006
683.4797101340009
684.0329369789997
684.5861882000008
685.1669739509998
685.7539959280002
686.3109114060007
686.902969615001
687.4572494269996
688.0245618459994
688.5890527129995
689.1535641539995
689.7118110869997
690.2888057620003
690.8445658310011
691.4329048910004
692.0211736900001
692.5844095650009
693.1626668410008
693.7408681800007
694.3006557360004
694.8788907220005
695.4371544300011
695.9979173470001
696.5849609460001
697.1568447600002
697.722916095001
698.3150399370006
698.880777108001
699.471530539
700.0497756839995
700.6055065399996
701.1950356010002
701.7507629690008
702.3052328930007
702.8584869370006
703.412997331001
703.98250371
704.5619208320004
705.1191650189994
705.6836189179994
706.2481357340002
706.8063796570004
707.3708618380006
707.9540990010009
708.5085940850004
709.0630918780007
709.6263490140009
710.1808347240003
710.7578424849999
711.3123991850007
711.8904295470002
712.4477167069999
713.02849633
713.5854436469999
714.152544781
714.7095661620006
715.3028719890008
715.8873188910002
716.4754119259997
717.0376873509995
717.6297417780006
718.2005422750008
718.7561796009995
719.3457338820008
719.9276895980001
720.5034188280006
721.0567853310004
721.6501940260005
722.2296088160001
722.7915504949997
723.364899528
723.9204250860003
724.4976762400001
725.0546596059994
725.6091857419997
726.1886615759995
726.7631477409996
727.3339348589998
727.8883924550009
728.4453971250005
729.0249301479998
729.6031661449997
730.1576473879995
730.728411434
731.2892565599996
731.8512633490009
732.4057449579996
732.9913500430011
733.5574209839997
734.1194998049996
734.675069588
735.2624261270012
735.8532042679999
736.4226159789996
736.9996186520002
737.5816550559994
738.1686259729995
738.7468642149997
739.3364235080007
739.8919384510009
740.4854839279997
741.0437222990004
741.6307726440009
742.1927231370009
742.753608686
743.3318897429999
743.907571279
744.4946463140004
745.0479706429996
745.6412110199999
746.1957030009999
746.771463653
747.3347035709994
747.9217360040002
748.4762202780003
749.0456991320007
749.637717693
750.2297178690005
750.786693854001
751.3424310940009
751.9231824590006
752.495178389001
753.0496854779994
753.6391684259997
754.2011954360005
754.7906799470002
755.3627051490002
755.9534352290011
756.5454153049996
757.1124222449998
757.669554379001
758.2328568030007
758.81106464
759.3705511930002
759.9636291309998
760.5396792169995
761.0941579770006
761.6649128749996
762.2206566309997
762.7939021969996
763.3671944300004
763.9241495370006
764.4886687310009
765.0420658300009
765.5975935480001
766.1511468980007
766.705625609
767.2849673010005
767.8535125220005
768.4080166510012
768.9937758720007
769.5782822849997
770.1577586660005
770.7134977910009
771.2667296340005
771.8385605750009
772.4081936080001
772.9967701120004
773.5574852099999
774.1195385330011
774.674354226001
775.2345797440012
775.8007936760005
776.3852087920004
776.9534945930009
777.5367137230005
778.127496264
778.7032313090003
779.2589571580011
779.8334736659999
780.400525463001
780.9537103840012
781.519461197
782.101476324
782.6834673900012
783.2454468110009
783.8224762810005
784.3855291359996
784.9551591550007
785.5262143250002
786.0957422089996
786.6776846829998
787.243458207
787.8266973959999
788.391202019
788.9744371449997
789.530266228001
790.1134638559997
790.6866938639996
791.2461783510007
791.8094168870011
792.3651596170002
792.9421918520002
793.4953848530004
794.0700990770001
794.639432852
795.2189301830003
795.7985015770009
796.3804939000001
796.9474280489994
797.5394478350008
798.100221019
798.6684228209997
799.225398519
799.7848696769997
800.365470236
800.9388554060006
801.5011361380002
802.0929659270005
802.6465078889996
803.2324076490004
803.7993818539999
804.3602006140009
804.9457137089994
805.5118328139997
806.1050118719995
806.6670010440012
807.231499167001
807.8084828160008
808.3729918240006
808.9624843860001
809.5207712310003
810.0764485540003
810.6685162110007
811.2492441190007
811.8136703689997
812.3947180680007
812.9792008069999
813.546192101001
814.1005489620002
814.6540794200009
815.2311814059995
815.7994604039995
816.352704926001
816.9059508030005
817.465446397
818.0286907270001
818.6156782510006
819.1989286540011
819.7746910639999
820.3304914130003
820.9011864980002
821.4919378119994
822.0714482820003
822.6259215009995
823.1854377750005
823.7462946680007
824.324539311001
824.8777096190006
825.436046836001
826.0230807700009
826.6026981169998
827.1684141610003
827.7429156420003
828.3149025490002
828.8719338350002
829.4463850040011
830.0084131469994
830.579167404001
831.1550413290006
831.7120412620006
832.2903515849994
832.8722692400006
833.4430002160007
834.016250351
834.5982762349995
835.1803319110004
835.747374048
836.3168632079996
836.8826397770008
837.4571247010008
838.0353777359996
838.5973552569994
839.1793847890003
839.7563609030003
840.3233715839997
840.8917535630007
841.4487104270011
842.0044635980012
842.5889948420008
843.175811598001
843.7318367999997
844.3051105329996
844.8820898779995
845.4478464519998
846.0223494519996
846.5755829989994
847.1288290989996
847.7158429909996
848.2878353249998
848.8460703130004
849.4018218729998
849.9748939950005
850.544719046
851.1366855790002
851.7187187109994
852.2781841649994
852.833923903001
853.392214675001
853.9654367460007
854.5186607140004
855.07445061
855.6351953310004
856.1899099189995
856.7730678410007
857.3550622250004
857.9470427199994
858.5215137989999
859.1113175310002
859.687037148
860.2740367240003
860.8272893400008
861.3828610100009
861.9576494860012
862.539668247
863.1291839610003
863.7097451770005
864.2707535999998
864.8465307709994
865.4373204399999
865.9917687830002
866.5725177069999
867.1558077170012
867.7140058389996
868.3048844149998
868.8706600099995
869.442625478001
870.0271428800006
870.5817216409996
871.1625039539995
871.7182403669995
872.305258022001
872.8609849570003
873.4293575760003
873.982608323
874.5458579400001
875.1005029530006
875.6711313979995
876.2531320930011
876.8063310180005
877.3971086620004
877.9751965590003
878.5274585099996
879.0844907560004
879.6477427179998
880.230831068
880.793173035001
881.358853271
881.9483420670003
882.5191050449994
883.0799381119996
883.6518507220007
884.2423999840012
884.8160424850012
885.3742100939999
885.9424557910006
886.5344597879994
887.088946109001
887.6523209400002
888.2079230899999
888.7975933990001
889.3520890439995
889.9351351059995
890.4900069480009
891.0819671450008
891.6351818060011
892.2184593269994
892.7727561709999
893.3401285939999
893.8957981950007
894.487906882001
895.0410614410011
895.6055521039998
896.1775237820002
896.7320459920011
897.3052840210003
897.877320439
898.454295693
899.0173491240002
899.5783841240009
900.161653471001
900.7261489800003
901.3081558850008
901.8813809460007
902.460880777
903.0155036140004
903.5900902859994
904.1719942750005
904.7540217019996
905.3445987859996
905.8980986070001
906.4888616799999
907.0708753060007
907.6591310450003
908.2361250530012
908.8281241639997
909.4076299360004
909.967157602001
910.5228596050001
911.1086203020004
911.6845078059996
912.2761754620005
912.8297304420012
913.4093701729998
913.9650953029995
914.5396317190007
915.0978467879995
915.6900491300003
916.2718775520007
916.852413427001
917.4309987880006
918.0105819060009
918.594974226
919.1569710019994
919.7427227440003
920.297334547
920.8768513119994
921.4501412250011
922.0082998390008
922.599090523001
923.1723133539999
923.7480690400007
924.3350963009998
924.9095712110011
925.4704243470005
926.0635460140002
926.6193245859995
927.191142267
927.7459152699994
928.3243078240012
928.880099678001
929.4645380439997
930.0402767539999
930.594901425
931.1769177690003
931.7389204350002
932.3082276589994
932.8942810200006
933.4701310330001
934.027032729
934.6065087709994
935.167347433
935.7318896739998
936.3189222000001
936.873369844001
937.4654045919997
938.0199760369997
938.5894959710004
939.1740205900005
939.7648125310006
940.3353499099994
940.8901808339997
941.4671806900005
942.0479074600007
942.6048809290005
943.1929681940001
943.7827970670005
944.373638385001
944.9506471999994
945.5325519880007
946.0958228840009
946.6590904469995
947.2399823750002
947.8130894349997
948.3701642079996
948.9246279500003
949.5117236059996
950.0925109510008
950.6481894290009
951.2139710470001
951.7884405519999
952.3679585280006
952.9350285279997
953.4908083080009
954.066645881001
954.6435750130004
955.2356328410006
955.791424862
956.359670015001
956.942918136001
957.5224041350011
958.0869163850002
958.6403512279994
959.2284013120006
959.8016599900002
960.3636543860011
960.9470183409994
961.5027697389996
962.077252997
962.6617824170007
963.2548552970002
963.8108759139996
964.3728751550007
964.9373895950012
965.5131423820003
966.0938764000002
966.659626775001
967.2291481779994
967.8100416750003
968.396892965
968.951499578001
969.5410781490009
970.0967121030008
970.6775192999994
971.2333783049999
971.8191412659999
972.3723576249995
972.9619299999995
973.5176758819998
974.0859856770003
974.6617604980001
975.2312509660005
975.7957613480012
976.3505168699994
976.9262427329995
977.4843369930004
978.076178112
978.6370565810012
979.1905897640008
979.7538794749998
980.3108364479995
980.8978670649994
981.4548297670008
982.0104354960004
982.5677215840005
983.1247077759999
983.7017060340004
984.2738359750001
984.8308696160002
985.4239490670006
985.980952969001
986.5516858850006
987.133690011
987.7207781300003
988.3028788190004
988.8647679130008
989.4396151380006
989.9977527360006
990.5725569410006
991.1558088760012
991.7378089940012
992.3135493419995
992.8905434360004
993.4587945920011
994.0282859529998
994.6177891700008
995.2048214059996
995.7630328590003
996.3563091880005
996.9258585700009
997.5240840490005
998.0847834110009
998.6692841990007
999.2425380999994
999.8258698299996
1000.3915788110007
1000.9501329209997
1001.5356545920004
1002.0951479699997
1002.6707411870011
1003.2593329520005
1003.8412719799999
1004.400785359001
1004.9804152810011
1005.5522736679995
1006.1255092909996
1006.7087700339998
1007.2707436130004
1007.8513335850002
1008.4135986740002
1008.9831212900008
1009.5713750899995
1010.1656940760004
1010.724210325001
1011.3024931710006
1011.8607096819997
1012.4227197210002
1012.979713789
1013.5755017299998
1014.1637052710012
1014.7569726479996
1015.3327384730001
1015.8947160139996
1016.4767182230007
1017.0362869700002
1017.6195236029998
1018.1876955500011
1018.750962045
1019.3392324100005
1019.9224649810003
1020.4856911130009
1021.0427277350009
1021.6034512710012
1022.1867136350011
1022.7412009960008
1023.321802171
1023.8753734420006
1024.4524518689996
1025.0369481350008
1025.6316940529996
1026.184687410001
1026.7505853050006
1027.3376282820009
1027.8945641250011
1028.4865843759999
1029.0423725680012
1029.613186228
1030.196447448001
1030.753408501001
1031.3066773270002
1031.8647715530005
1032.4233037470003
1033.0041374770008
1033.5949237759996
1034.1494460880003
1034.7340730859996
1035.2948325119996
1035.8568493300008
1036.4113055500002
1036.9682925939996
1037.556578695001
1038.1461091670008
1038.7316172560004
1039.2951638100003
1039.8746687439998
1040.429152048
1040.992398968001
1041.5479822680009
1042.1027843739994
1042.6885699640006
1043.2442380049997
1043.8099301250004
1044.363367549
1044.9367991729996
1045.4901504520003
1046.0595054240002
1046.6141210210008
1047.1986203159995
1047.7531114869998
1048.3463997090003
1048.904630242001
1049.4730550620006
1050.0650015190004
1050.6457399419996
1051.2377750449996
1051.8222336110011
1052.4105293000011
1052.9649758899996
1053.5407326650002
1054.1303218909998
1054.6884816969996
1055.2505105010005
1055.8062373989997
1056.3782458549995
1056.937871698001
1057.5200582960006
1058.0868659370008
1058.6426109090007
1059.2170874820004
1059.7765759310005
1060.3548396780006
1060.9255661610005
1061.4913156820003
1062.0733323860004
1062.6292172539997
1063.2024588330005
1063.7869330810008
1064.3725133139997
1064.95734678
1065.548061214
1066.102566818001
1066.6933968249996
1067.2754137909997
1067.8286535139996
1068.3844653119995
1068.956416897001
1069.510924481001
1070.0907126010006
1070.672478423001
1071.2380044580004
1071.7915549629997
1072.3585921909998
1072.9118288949994
1073.4725143750002
1074.0633600620004
1074.6191336840002
1075.1811579099995
1075.7618976440008
1076.3264502460006
1076.8810519990002
1077.4416502929998
1077.9961934519997
1078.585660916
1079.147468477
1079.7372644820007
1080.307996595
1080.8700626450009
1081.4606022940006
1082.0141504580006
1082.6075296800009
1083.1695095859995
1083.731507251001
1084.321034769
1084.8792426050004
1085.457520475
1086.0132638920004
1086.585286472
1087.1409955670006
1087.7205184850009
1088.2787275720002
1088.8444674660004
1089.403788685
1089.9586368460004
1090.514342245
1091.0788454770009
1091.6333459840007
1092.2228620450005
1092.8060757860003
1093.3981004850011
1093.9524072429995
1094.5459589679995
1095.1279549530009
1095.709789636001
1096.284662678001
1096.8440696790003
1097.40107471
1097.9718102669995
1098.5376005279995
1099.113331431001
1099.695376167001
1100.2723195670005
1100.834479008001
1101.4114550120012
1101.9647529220001
1102.5290523559997
1103.08885165
1103.6570832060006
1104.2253474709996
1104.8073256980006
1105.398116759001
1105.9513012330008
1106.5220839270005
1107.0791953139997
1107.6724795970003
1108.2394386590004
1108.8039321039996
1109.38726012
1109.9715079760008
1110.5362769420008
1111.0895264169994
1111.646536817001
1112.227270415
1112.784277273
1113.3613077080008
1113.9357858069998
1114.4903817369996
1115.0798675450005
1115.6568069910008
1116.217548785
1116.7883205960006
1117.3791442130005
1117.9348688900009
1118.5143992129997
1119.0888641889997
1119.6471102110008
1120.2153994279997
1120.7711092620011
1121.351682759001
1121.9077164980008
1122.472231406
1123.0592407149998
1123.6225069289994
1124.209302749001
1124.764201076001
1125.3425172389998
1125.910806666001
1126.4939728640002
1127.0497022300005
1127.6303120310004
1128.2150940049996
1128.7733201869996
1129.329047575
1129.918581199001
1130.4943308620004
1131.050163041
1131.6193939250006
1132.1792102060008
1132.7649616569997
1133.318181034001
1133.8914432580004
1134.447164866
1135.0191831880002
1135.573672978
1136.1469593700003
1136.7228054919997
1137.2772980940008
1137.8418049850006
1138.4001118979995
1138.9933154080009
1139.5477358240005
1140.108789707001
1140.6620414299996
1141.2165440860008
1141.7946210869995
1142.380692435001
1142.933893794001
1143.4871784339994
1144.0741765500006
1144.6286687379998
1145.2031602320003
1145.787657629
1146.3771600599994
1146.9329026609994
1147.5200555699994
1148.0918911360004
1148.6538868919997
1149.2096078270006
1149.7628860630011
1150.3248938510005
1150.8781220870005
1151.4589429870011
1152.0333855240006
1152.6116673710003
1153.194868056
1153.7781603540006
1154.3477367630003
1154.9210085760005
1155.5118051200006
1156.091246287
1156.6469860260004
1157.2265064639996
1157.8059902349996
1158.3618424739998
1158.9201664749999
1159.4758835579996
1160.0628675650005
1160.6187303770002
1161.2094702560007
1161.786480183
1162.3497278659997
1162.9192164119995
1163.4762169820006
1164.0431921
1164.6002788160004
1165.1759738519995
1165.7577744400005
1166.3113295010007
1166.8845966820008
1167.4390716359994
1168.003575775001
1168.5855830300006
1169.1601539040003
1169.7358248270011
1170.3028331240002
1170.881062841001
1171.4618116630008
1172.0473694280008
1172.6259206020004
1173.2002883530004
1173.765035773
1174.349676146001
1174.917917148001
1175.5074189099996
1176.0981756149995
1176.6537420780005
1177.237326986
1177.8005915480007
1178.3873555600003
1178.9732464500012
1179.5430529170008
1180.1288343280012
1180.6931212830004
1181.267924920001
1181.8261684580011
1182.4069771270006
1182.9839097160002
1183.5597551209994
1184.1491491770012
1184.7140427449995
1185.2719604520007
1185.8277480630004
1186.3872528480006
1186.9517762619998
1187.5162738420004
1188.1045445180007
1188.6828246549994
1189.2572614729997
1189.8305939189995
1190.3912407850003
1190.9730894519998
1191.5629135090003
1192.1399886510007
1192.6931144499995
1193.2801964850005
1193.85712642
1194.4479566720001
1195.024859784
1195.6168939910003
1196.171180931
1196.7309674890002
1197.2829696459994
1197.8449935919998
1198.3982318910003
1198.9914578650005
1199.560944963001
1200.129211075
1200.7212004390003
1201.285715731001
1201.87772072
1202.449692237
1203.025494626001
1203.5811873450002
1204.1407022900003
1204.7014277010003
1205.2734348949998
1205.834195409001
1206.410026341
1206.9644276069994
1207.540089737
1208.1121235989995
1208.6769378499994
1209.247493383
1209.802359804
1210.3630407889996
1210.9187875200005
1211.4845791120006
1212.0690840770003
1212.6311739640005
1213.2056680269998
1213.7802654219995
1214.3471505529997
1214.9129102709994
1215.480021495001
1216.0581778380001
1216.627694574001
1217.1821818839999
1217.7504852399998
1218.3200334350004
1218.9132212370005
1219.4876318120005
1220.0759385889996
1220.6304741799995
1221.2099544249995
1221.7768526830005
1222.347647906001
1222.915891472001
1223.494134378001
1224.0711004139994
1224.654396897
1225.2213842170004
1225.8108716160004
1226.3815963720008
1226.9686704470005
1227.5418913920003
1228.1188869079997
1228.6995995979996
1229.2589598630002
1229.8501051740004
1230.4220539369999
1231.012737844001
1231.584788481001
1232.1492191449997
1232.7049868180002
1233.2607638669997
1233.849021741
1234.428484854001
1235.0192238130003
1235.5987913009994
1236.1894994800004
1236.751470258001
1237.3410108890002
1237.8979578300005
1238.4787571369998
1239.045700658
1239.637703208
1240.190968496001
1240.7829413590007
1241.3624544209997
1241.9169341840006
1242.485276816
1243.0571462070002
1243.6469615260012
1244.216452175
1244.7746373949994
1245.3318244410002
1245.8939514699996
1246.4684287689997
1247.0605106439998
1247.6399754779995
1248.2244537330007
1248.7864050860007
1249.3534095470004
1249.9179267250001
1250.482422862
1251.0456499400007
1251.6215351530009
1252.1758640330008
1252.7407148559996
1253.3049888059995
1253.8735547739998
1254.4469065060002
1255.0089095790008
1255.5846514590012
1256.1704605970008
1256.756165412
1257.3106842920006
1257.887634398001
1258.4408788559995
1259.030529648
1259.587211125001
1260.1657951850011
1260.7390408240008
1261.2947831910005
1261.8842818490011
1262.4412577010007
1263.0107548649994
1263.5665022320009
1264.151023980001
1264.7128797120004
1265.2676045829994
1265.827140583
1266.4078649490002
1266.9661209019996
1267.529171057
1268.091312935001
1268.6599857790006
1269.233108661001
1269.790197952001
1270.3609501650008
1270.914204625
1271.4712237610001
1272.0257105609999
1272.6077012780006
1273.1609529779998
1273.7505243979995
1274.306017758001
1274.8894102409995
1275.4454783910005
1276.0224489169996
1276.6044488530006
1277.1964685470011
1277.7797118130002
1278.3580785850008
1278.911292734001
1279.4870602970004
1280.069062161001
1280.6323159120002
1281.1893067679994
1281.748811001
1282.3408205920005
1282.910388749
1283.479858781
1284.0418110270002
1284.598784957001
1285.1608070990005
1285.719051649001
1286.287115645
1286.8407082850008
1287.4264033150012
1287.9821699059994
1288.5604940230005
1289.1336593569995
1289.7258011360009
1290.3089203420004
1290.8646428190004
1291.4452373469994
1292.000121129
1292.5908215069994
1293.182885735001
1293.738517328
1294.3092783470001
1294.8773306790008
1295.438394701001
1295.9941426469995
1296.547381227001
1297.123149418001
1297.701495569001
1298.2697422229994
1298.847997281
1299.402485337001
1299.9607489520004
1300.5227360970002
1301.1034723970006
1301.6967749039995
1302.2537523259998
1302.8157397840005
1303.3689823240002
1303.9597756210005
1304.5405867130012
1305.107562227
1305.6982619310002
1306.2703603450009
1306.8247387669999
1307.4118036920008
1307.9686998140005
1308.5332184100007
1309.0877152169996
1309.6497313220007
1310.237990046
1310.811057154
1311.3796046959997
1311.9441376670002
1312.521112732
1313.1093404149997
1313.6652072180004
1314.2409757770001
1314.817953238
1315.4074500320003
1315.9670541670002
1316.529054075001
1317.0973069829997
1317.6880626260008
1318.2576052170007
1318.8145521219994
1319.3715585070004
1319.9585511950008
1320.535561261
1321.115076735001
1321.6845534940003
1322.27154186
1322.8435401210008
1323.4155536939998
1323.9975346810006
1324.5645155109996
1325.151567107001
1325.7161608099996
1326.2895267229997
1326.8451839459995
1327.4009262210002
1327.9654290920007
1328.5224989670005
1329.0969018039996
1329.6776658170002
1330.2321521080012
1330.7891486500012
1331.3461377450003
1331.8994358109994
1332.4626311339998
1333.038483915001
1333.6055197990008
1334.1926246250005
1334.7658675710009
1335.3229043219999
1335.884726839
1336.443226450001
1337.001497833
1337.572244174
1338.1292292590006
1338.7125570669996
1339.2933207700007
1339.8728739039998
1340.4374145889997
1340.996978729001
1341.5715718800002
1342.1284760809995
1342.6855019480008
1343.2424791180001
1343.8332727360012
1344.406482298
1344.9661508130011
1345.5281265600006
1346.1089653159997
1346.6658758720005
1347.2576995380005
1347.8162246200009
1348.3894977769996
1348.970331638
1349.5435007320011
1350.09670276
1350.677583912
1351.2319835920007
1351.8252105360007
1352.399707908
1352.982780876
1353.567577328
1354.1233107019998
1354.691574710001
1355.2608973610004
1355.8169503690006
1356.3777048720003
1356.9560071800006
1357.5105082150003
1358.0812343510006
1358.6370454850003
1359.2278105639998
1359.7923872419997
1360.374318913
1360.953649291001
1361.5059345009995
1362.086661489
1362.6424322080002
