0
0.1914370540002892
0.7769903700000214
1.366728675000104
1.9572743200001241
2.511949549000292
3.0889628900004027
3.6522525720001795
4.226740764000169
4.817233702000067
5.404244618000121
5.962805096000011
6.521077554000385
7.076867622000009
7.648582540999996
8.202040950000082
8.763721523000186
9.352438737000284
9.921703663000244
10.51025926300008
11.074448943000334
11.631699373000174
12.224743033000323
12.780669039000259
13.361232110000401
13.917195252000056
14.510230370000045
15.067397258000256
15.63093944100001
16.218976032000228
16.77494443400019
17.346585291000338
17.902793484000085
18.494585117000042
19.056786210000155
19.651103825000064
20.2156853270003
20.77669569400041
21.329698741000357
21.920714073
22.47641794500032
23.06326287400043
23.649226659000306
24.223759070000142
24.803297770000427
25.3617212690001
25.932446557000276
26.52444600200033
27.08742803000041
27.64969433100032
28.206712054000036
28.771261317000153
29.365809088000333
29.92902950200005
30.520807697000237
31.07915307200028
31.636514857000293
32.193435861000125
32.785536035000405
33.374825696000244
33.94577041100001
34.50124480500017
35.05860513100015
35.65031207700031
36.21877976700034
36.81051775500009
37.370392188000096
37.958646801000214
38.5218673710001
39.113649785000234
39.70087809900042
40.271367294000356
40.82485263100034
41.38538971900016
41.97761520600034
42.56838772800029
43.131358610999996
43.69986114500034
44.26413739000009
44.81762559200024
45.388157808000415
45.96046303900039
46.534752328000195
47.09328030700044
47.64751730900025
48.20971069500001
48.768977006000114
49.326194573000066
49.88196730000027
50.47122482700024
51.02469912300012
51.583971319000284
52.170012710000265
52.73045849600021
53.32385918900036
53.894989893
54.48547423900027
55.04263092100018
55.636999475000266
56.19182475700018
56.78474909700026
57.36101910900015
57.914992883000195
58.46981613400021
59.02523454000038
59.58101763200011
60.14964683300013
60.7376873850003
61.30237180600034
61.86662758200009
62.42264327800012
62.98713066800019
63.56884170700005
64.12999848100026
64.68659579000041
65.2776918540003
65.83185073200002
66.41887410000027
66.99613900600025
67.57964889300001
68.166762156
68.76109055500001
69.32178071700037
69.88921247400003
70.4710899190004
71.03537689300038
71.61108044900038
72.18197542600001
72.76548896000031
73.327545784
73.88404976100037
74.45034381300002
75.00453102500023
75.56188676900001
76.15467189100036
76.71718850600018
77.28144074200009
77.83869508000043
78.43278181300002
78.99907378200032
79.58203492200028
80.13678911200032
80.7159102630003
81.29091923900023
81.84782238100024
82.40267735100042
82.99428476900039
83.55174535700007
84.11596509300034
84.69816936000007
85.28270231900024
85.848303665
86.40893169200035
86.97250189900024
87.56183947900035
88.12402995000002
88.71112956800016
89.29653122200034
89.86106413400012
90.43192530900023
91.014183796
91.5846754410004
92.17564145400002
92.75763192000022
93.31933218400036
93.8765776170003
94.44377744900021
95.02423265900006
95.58893968600023
96.18058559300016
96.74808052800017
97.3100622500001
97.89325479700028
98.46041822200004
99.0562661490003
99.61214518000043
100.16542291600035
100.71995460800008
101.28445460400008
101.83765546500035
102.40325014600012
102.976697564
103.5623115100002
104.11571320400026
104.67128655900024
105.25608009100006
105.82552970800043
106.41481473800013
106.97702567800025
107.56866335700033
108.13994369800002
108.73053851500026
109.28779217800002
109.882052037
110.46052465000002
111.02765015900013
111.61441363300037
112.17037407100042
112.75741066900036
113.31925489200012
113.88514608200012
114.46947857400028
115.04791582200005
115.63841772400019
116.20062241400001
116.78496152100024
117.34849506200044
117.93027412300034
118.4888763240001
119.05553563800004
119.62655217800011
120.19113451800013
120.77463201300043
121.32908683000005
121.88733981300038
122.4432478560002
123.03740709000022
123.63061914000036
124.1906070670002
124.77639408600044
125.3396016910001
125.9325070230002
126.4912132860004
127.05047949600021
127.60394718100042
128.16958274800027
128.74777619500037
129.3173712300004
129.88088805200005
130.43634620000012
130.99230117000025
131.55788918500002
132.1175450290002
132.69846409400043
133.25397416900023
133.8074564890003
134.36945102500022
134.96272906500008
135.5219837650002
136.11428508900008
136.6686305840003
137.2219522800001
137.77923214200018
138.37096950900013
138.92569328400032
139.486205272
140.07222067700013
140.65045396800042
141.22721387900037
141.78196135200005
