24.54
24.53
24.565
24.56
24.49
24.49
24.61
24.57
24.545
24.585
24.625
24.635
24.585
24.7
24.745
24.79
24.82
24.8
24.835
25.04
25.095
25.185
25.24
25.355
25.455
25.405
25.55
25.755
25.97
26.085
26.14
26.315
26.365
26.545
26.825
26.97
27.08
27.185
27.295
27.445
27.68
27.865
28.02
28.195
28.25
28.54
28.71
28.89
29.045
29.185
29.37
29.55
29.825
29.945
30.335
30.465
30.3
30.53
30.805
31.05
31.16
31.425
31.65
31.895
32.02
32.21
32.46
32.61
32.82
33.175
33.31
33.585
33.78
33.92
34.21
34.315
34.605
34.695
35.115
35.325
35.435
35.695
35.755
36.06
36.315
36.59
36.7
36.915
37.32
37.555
37.83
38.005
38.22
38.47
38.62
38.78
38.99
39.435
39.72
39.66
39.96
40.2
40.5
40.76
40.9
41.115
41.345
41.625
41.75
42.045
42.215
42.55
42.565
42.855
43.07
43.355
43.64
43.82
44.09
44.265
44.54
44.765
44.985
45.28
45.415
45.68
45.89
46.06
46.35
46.5
46.795
46.945
47.22
47.43
47.645
47.91
48.03
48.33
48.6
48.94
49
49.2
49.365
49.59
49.815
50.11
50.325
50.575
50.8
51.015
51.23
51.41
51.62
51.76
52.025
52.205
52.445
52.625
52.925
53.17
53.27
53.53
53.69
53.97
54.185
54.39
54.68
54.88
55.075
55.345
55.5
55.72
55.915
56.21
56.48
56.6
56.8
57.095
57.235
57.51
57.695
57.91
58.095
58.23
58.445
58.59
58.98
59.115
59.315
59.51
59.755
59.955
60.15
60.46
60.635
61.055
61.31
61.195
61.44
61.605
61.735
61.925
62.16
62.395
62.525
62.885
63.08
63.29
63.595
63.73
63.8
63.965
64.14
64.395
64.545
64.795
65.01
65.26
65.35
65.605
65.72
65.96
66.16
66.4
66.6
66.7
66.88
66.985
67.25
67.61
67.79
68.03
68.145
68.285
68.43
68.61
68.9
69.03
69.185
69.35
69.67
69.89
69.97
70.135
70.325
70.445
70.68
70.845
71.065
71.33
71.51
71.635
71.805
72.02
72.255
72.385
72.565
72.725
72.945
73.115
73.235
73.435
73.55
73.755
73.94
74.11
74.26
74.43
74.62
74.775
74.98
75.135
75.29
75.42
75.515
75.805
75.975
76.22
76.385
76.45
76.665
76.75
77.015
77.16
77.3
77.495
77.55
77.765
77.88
78.13
78.36
78.52
78.59
78.72
79.025
79.11
79.26
79.445
79.59
79.785
79.95
80.14
80.28
80.33
80.53
80.71
80.91
80.985
81.235
81.37
81.47
81.645
81.73
81.965
82.11
82.25
82.45
82.59
82.745
82.815
83.02
83.19
83.335
83.56
83.645
83.75
83.88
84.095
84.27
84.44
84.595
84.6
84.805
85.015
85.055
85.23
85.365
85.565
85.685
85.82
85.98
86.095
86.275
86.37
86.545
86.67
86.815
86.95
87.045
87.27
87.37
87.405
87.54
87.795
87.9
88.13
88.27
88.275
88.405
88.57
88.74
88.9
89.015
89.135
89.36
89.505
89.5
89.63
89.75
89.925
89.965
90.1
90.2
90.47
90.595
90.82
90.965
91.01
91.17
91.185
91.325
91.44
91.63
91.56
91.645
91.82
91.97
92.115
92.315
92.475
92.515
92.665
92.73
92.83
93.06
93.125
93.185
93.26
93.405
93.525
93.7
93.82
93.92
94.07
94.185
94.31
94.43
94.48
94.595
94.705
94.805
94.905
95.07
95.18
95.305
95.51
95.615
95.605
95.815
95.93
96.1
96.175
96.245
96.355
96.495
96.575
96.645
96.775
96.855
97.045
97.17
97.255
97.36
97.5
97.635
97.705
97.805
97.91
98.05
98.14
98.22
98.33
98.47
98.525
98.64
98.755
98.99
99.04
99.175
99.27
99.24
99.37
99.395
99.51
99.635
99.815
99.97
100.04
100.17
100.24
100.365
100.445
100.52
100.695
100.8
100.94
101.02
101.155
101.13
101.17
101.23
101.375
101.52
101.6
101.715
101.825
101.945
102.035
102.105
102.345
102.39
102.47
102.59
102.535
102.625
102.82
102.885
102.96
103.11
103.21
103.315
103.4
103.355
103.445
103.8
103.88
103.985
104.085
103.91
104.05
104.15
104.145
104.235
104.405
104.445
104.54
104.605
104.8
104.88
104.915
105.02
105.19
105.31
105.33
105.385
105.48
105.63
105.72
105.8
105.91
105.94
105.965
106.105
106.17
106.25
106.31
106.44
106.485
106.515
106.455
106.615
106.815
106.895
107.025
107.115
107.15
107.25
107.3
107.395
107.36
107.525
107.655
107.655
107.73
107.8
107.9
108.045
108.145
108.255
108.335
108.35
108.45
108.52
108.645
108.695
108.8
108.875
108.885
108.99
109.01
109.11
109.17
109.235
109.345
109.465
109.605
109.55
109.62
109.805
109.855
109.945
110
109.94
110.01
110.265
110.37
110.415
110.5
110.555
110.535
110.62
110.69
110.76
110.94
111.015
111.015
111.075
111.195
111.215
111.245
111.365
111.415
111.525
111.61
111.665
111.725
111.81
111.72
111.825
112.03
112.1
112.19
112.235
112.315
112.37
112.39
112.435
112.495
112.575
112.635
112.695
112.89
112.95
113.04
113.03
113.07
113.19
113.255
113.26
113.325
113.445
113.51
113.575
113.63
113.7
113.675
113.72
113.89
113.965
114.02
114.09
114.175
114.235
114.265
114.33
114.33
114.395
114.535
114.595
114.675
114.655
114.735
114.875
114.93
114.915
114.97
115.045
115.125
115.165
115.28
115.335
115.315
115.39
115.56
115.58
115.625
115.71
115.84
115.87
115.82
115.825
115.91
115.995
116.055
116.08
116.16
116.21
116.27
116.33
116.38
116.455
116.435
116.565
116.66
116.755
116.785
116.88
116.885
116.93
116.975
117.025
117.095
117.115
117.15
117.325
117.35
117.42
117.49
117.495
117.575
117.585
117.665
117.785
117.7
117.72
117.92
118.01
118.075
118.135
118.075
118.13
118.18
118.235
118.285
118.31
118.41
118.495
118.545
118.545
118.595
118.67
118.705
118.815
118.85
118.9
119.025
118.975
119.02
119.13
119.095
119.205
119.255
119.325
119.305
119.355
119.475
119.505
119.475
119.525
119.565
119.73
119.75
119.765
119.86
119.9
119.95
119.975
119.985
120.065
120.135
120.215
120.28
120.275
120.335
120.4
120.445
120.505
120.525
120.615
120.675
120.705
120.79
120.845
120.875
120.99
121.02
120.89
120.935
120.98
121.005
121.09
121.145
121.145
121.245
121.41
121.45
121.47
121.535
121.6
121.615
121.625
121.67
121.73
121.805
121.825
121.885
121.92
122.005
122.055
121.975
122.03
122.035
122.065
122.11
122.29
122.34
122.36
122.425
122.47
122.525
122.495
122.55
122.575
122.7
122.75
122.71
122.715
122.76
122.8
122.88
122.93
123.015
123.05
123.045
123.03
123.085
123.175
123.18
123.24
123.265
123.27
123.315
123.485
123.54
123.505
123.555
123.525
123.58
123.645
123.735
123.8
123.9
123.93
123.845
123.885
123.94
123.965
123.99
124.035
124.05
124.075
124.1
124.16
124.18
124.26
124.31
124.44
124.485
124.38
124.44
124.59
124.695
124.745
124.745
124.8
124.78
124.825
124.87
124.9
124.83
124.875
124.935
124.95
125.02
125.085
125.09
125.23
125.26
125.28
125.315
125.38
125.405
125.44
125.45
125.475
125.53
125.465
125.51
125.58
125.61
125.59
125.65
125.665
125.925
125.96
125.905
125.945
125.915
125.955
125.96
125.995
126.145
126.21
126.215
126.195
126.225
126.295
126.345
126.33
126.38
126.44
126.49
126.485
126.54
126.485
126.53
126.55
126.61
126.745
126.81
126.83
126.73
126.785
126.87
126.895
126.97
127.015
126.965
126.975
127.04
127.07
127.16
127.135
127.16
127.295
127.35
127.29
127.36
127.475
127.5
127.455
127.48
127.53
127.555
127.59
127.61
127.74
127.605
127.63
127.63
127.685
127.91
127.93
127.97
128
127.95
128.025
128.055
128.09
128.15
128.18
128.21
128.195
128.22
128.18
128.215
128.265
128.305
128.335
128.37
128.415
128.455
128.445
128.47
128.51
128.54
128.66
128.665
128.7
128.69
128.715
128.845
128.875
128.915
128.96
128.99
128.99
129.005
129.09
129.09
129.06
129.085
129.1
129.12
129.085
129.14
129.225
129.24
129.35
129.365
129.495
129.53
129.455
129.505
129.535
129.48
129.505
129.55
129.565
129.595
129.615
129.64
129.67
129.745
129.78
129.915
129.965
129.955
129.935
129.955
129.985
130.03
130.035
130.08
130.09
130.14
130.225
130.26
130.125
130.18
130.215
130.345
130.37
130.275
130.3
130.415
130.42
130.505
130.53
130.47
130.5
130.525
130.56
130.645
130.72
130.745
130.705
130.73
130.77
130.77
130.78
130.845
130.895
130.91
130.93
130.97
131
130.925
130.96
131.015
131.05
131.055
131.09
131.07
131.11
131.175
131.205
131.22
131.355
131.39
131.42
131.425
131.34
131.38
131.415
131.445
131.445
131.47
131.48
131.495
131.63
131.655
131.68
131.62
131.645
131.775
131.805
131.81
131.83
131.815
131.83
131.885
131.925
131.875
132.025
132.04
132.18
132.19
132.055
132.07
132.095
132.125
132.155
132.18
132.205
132.24
132.28
132.31
132.335
132.36
132.39
132.41
132.435
132.49
132.51
132.49
132.5
132.455
132.54
132.56
132.73
132.755
132.68
132.74
132.685
132.715
132.74
132.775
133.015
132.885
132.93
132.81
132.84
132.925
132.94
132.985
133.015
133.025
133.015
133.08
133.11
133.16
133.18
133.2
133.15
133.16
133.18
133.215
133.285
133.315
133.325
133.35
133.39
133.395
133.42
133.605
133.635
133.595
133.58
133.58
133.6
133.635
133.65
133.625
133.655
133.64
133.66
133.695
133.755
133.785
133.72
133.74
133.82
133.855
133.96
133.97
133.975
133.975
134.01
134.02
134.025
134.09
134.105
134.17
134.2
134.145
134.18
134.225
134.255
134.19
134.29
134.32
134.355
134.37
134.335
134.34
134.425
134.44
134.395
134.37
134.475
134.5
134.585
134.6
134.625
134.525
134.545
134.565
134.59
134.785
134.815
134.69
134.705
134.755
134.765
134.745
134.845
134.86
134.915
134.935
134.965
134.96
134.995
135.03
134.955
134.99
135.01
135.01
135.05
135.125
135.15
135.14
135.185
135.28
135.295
135.27
135.3
135.24
135.25
135.265
135.26
135.41
135.335
135.335
135.33
135.36
135.4
135.405
135.48
135.465
135.535
135.55
135.695
135.725
135.65
135.615
135.625
135.605
135.635
135.63
135.66
135.725
135.745
135.785
135.8
135.79
135.8
135.78
135.825
135.855
135.89
135.9
136
136.005
135.84
135.88
136.04
136.06
135.945
136.12
136.135
136.05
136.07
136.255
136.245
136.205
136.22
136.265
136.26
136.325
136.335
136.325
136.265
136.265
136.41
136.425
136.37
136.38
136.295
136.33
136.485
136.5
136.415
136.49
136.515
136.555
136.6
136.585
136.615
136.61
136.625
136.685
136.71
136.67
136.67
136.765
136.705
136.73
136.8
136.81
136.83
136.85
136.865
136.89
136.945
136.96
136.945
136.995
137.015
136.95
136.975
137.03
137.035
137.06
137.105
137.12
137.135
137.15
137.175
137.195
137.165
137.195
137.26
137.275
137.315
137.32
137.21
137.24
137.35
137.365
137.36
137.38
137.34
137.37
137.385
137.45
137.47
137.45
137.465
137.46
137.475
137.585
137.625
137.575
137.595
137.67
137.69
137.705
137.715
137.73
137.61
137.62
137.735
137.76
137.65
137.675
137.765
137.765
137.805
137.82
137.99
137.905
137.915
137.955
137.95
138.015
138.04
138.05
138.065
138.06
138.085
138.055
138.1
137.97
138.2
138.2
138.13
138.16
138.295
138.315
138.235
138.24
138.24
138.275
138.3
138.315
138.33
138.325
138.34
138.32
138.325
138.5
138.53
138.425
138.46
138.415
138.44
138.57
138.595
138.57
138.545
138.575
138.715
138.725
138.685
138.67
138.65
138.685
138.785
138.8
138.65
138.755
138.76
138.805
138.815
138.745
138.77
138.8
138.825
138.85
138.87
138.865
138.875
138.87
138.895
138.9
138.92
138.975
139.075
139.1
139.08
139.075
139.125
139.17
139.2
139.21
139.135
139.16
139.255
139.265
139.285
139.305
139.32
139.23
139.225
139.235
139.27
139.28
139.32
139.405
139.42
139.43
139.45
139.425
139.42
139.34
139.4
139.42
139.49
139.48
139.48
139.51
139.585
139.6
139.535
139.555
139.565
139.56
139.615
139.68
139.69
139.66
139.68
139.73
139.755
139.79
139.79
139.795
139.8
139.74
139.775
139.915
139.92
139.935
139.935
139.945
140.01
140.04
140.015
140.07
139.94
139.955
139.965
140.035
140.02
140.005
140.025
140.165
140.185
140.1
140.11
140.16
140.185
140.195
140.205
140.195
140.24
140.24
140.29
140.3
140.275
140.285
140.315
140.33
140.35
140.365
140.38
140.415
140.425
140.385
140.4
140.52
140.54
140.465
140.475
140.485
140.505
140.395
140.535
140.555
140.63
140.64
140.66
140.675
140.585
140.59
140.59
140.625
140.745
140.76
140.74
140.69
140.705
140.83
140.84
140.78
140.775
140.84
140.855
140.835
140.84
140.965
140.98
140.915
140.95
141.055
140.975
140.985
140.895
140.895
140.975
140.99
141.005
141.035
141.04
141.065
141.05
141.06
141.05
141.16
141.17
141.165
141.175
141.285
141.29
141.245
141.265
141.205
141.225
141.34
141.355
141.37
141.4
141.42
141.345
141.355
141.395
141.405
141.545
141.565
141.5
141.51
141.535
141.53
141.53
141.575
141.59
141.58
141.595
141.69
141.69
141.575
141.61
141.635
141.66
141.645
141.72
141.74
141.815
141.825
141.72
141.725
141.755
141.78
141.805
141.825
141.77
141.795
141.8
141.815
141.805
141.825
141.845
141.865
141.965
141.915
141.92
142.07
142.075
142.01
142.02
141.955
141.97
142.13
142.135
142.025
142.055
142.16
142.07
142.075
142.05
142.04
142.12
142.135
142.195
142.195
142.24
142.25
142.11
142.12
142.125
142.205
142.205
142.24
142.255
142.29
142.295
142.355
142.365
142.425
142.435
142.315
142.33
142.44
142.5
142.505
142.48
142.49
142.55
142.55
142.69
142.715
142.615
142.635
142.56
142.485
142.515
142.625
142.635
142.65
142.675
142.68
142.675
142.785
142.795
142.675
142.695
142.705
142.715
142.775
142.745
142.76
142.805
142.805
142.82
142.825
142.83
142.835
142.905
142.895
142.86
142.93
142.93
142.945
142.96
142.95
142.96
143.06
143.08
143.065
143.075
143.02
143.025
143.06
143.095
143.115
143.12
143.125
143.11
143.125
143.13
143.155
143.275
143.27
143.165
143.225
143.23
143.29
143.3
143.29
143.3
143.165
143.175
143.345
143.325
143.305
143.4
143.405
143.48
143.47
143.51
143.52
143.485
143.5
143.325
143.36
143.37
143.38
143.52
143.5
143.525
143.535
143.54
143.62
143.635
143.535
143.54
143.665
143.67
143.555
143.565
143.765
143.59
143.6
143.745
143.745
143.72
143.735
143.73
143.74
143.785
143.795
143.855
143.785
143.8
143.87
143.88
143.83
143.845
143.9
143.89
143.97
143.995
143.9
143.91
143.86
143.97
143.98
144.005
144.01
143.92
143.925
143.98
143.985
144.01
144.015
144.035
144.045
144.05
144.075
144.05
144.105
144.125
144.14
144.16
144.195
144.185
144.21
144.215
144.235
144.27
144.215
144.225
144.215
144.27
144.28
144.265
144.28
144.22
144.24
144.25
144.245
144.325
144.33
144.395
144.415
144.365
144.395
144.375
144.4
144.395
144.46
144.47
144.36
144.365
144.4
144.41
144.48
144.52
144.485
144.495
144.615
144.615
144.61
144.615
144.625
144.65
144.665
144.545
144.555
144.63
144.665
144.68
144.68
144.705
144.79
144.8
144.71
144.735
144.7
144.71
144.745
144.77
144.775
144.79
144.795
144.835
144.855
144.84
144.81
144.855
144.88
144.985
144.995
144.91
144.965
144.955
144.975
144.99
145.005
145.02
145.025
145.055
144.99
144.995
145.055
145.045
145.14
145.07
145.08
145.085
145.065
145.155
145.165
145.15
145.165
145.18
145.215
145.22
145.23
145.225
145.23
145.245
145.19
145.175
145.23
145.245
145.325
145.33
145.315
145.36
145.23
145.415
145.425
145.425
145.46
145.46
145.47
145.49
145.46
145.51
145.52
145.435
145.455
145.465
145.455
145.46
145.455
145.465
145.48
145.5
145.525
145.535
145.54
145.54
145.545
145.52
145.54
145.64
145.64
145.65
145.64
145.67
145.69
145.775
145.785
145.68
145.665
145.71
145.68
145.71
145.765
145.795
145.805
145.805
145.755
145.74
145.93
145.94
145.905
145.85
145.88
145.935
145.945
145.91
145.925
145.875
145.89
145.98
145.985
146
146.05
146.07
146.025
146.02
145.995
146.005
146
146
146.115
146.13
146.06
146.11
146.085
146.17
146.175
146.14
146.14
146.23
146.25
146.245
146.27
146.12
146.16
146.21
146.215
146.235
146.26
146.27
146.25
146.29
146.265
146.26
146.345
146.35
146.37
146.31
146.315
146.365
146.38
146.395
146.42
146.43
146.44
146.45
146.435
146.445
146.46
146.505
146.405
146.435
146.505
146.495
146.515
146.525
146.55
146.55
146.48
146.48
146.5
146.48
146.515
146.615
146.62
146.555
146.575
146.63
146.62
146.63
146.68
146.69
146.695
146.69
146.7
146.7
146.725
146.695
146.8
146.82
146.81
146.83
146.82
146.835
146.755
146.84
146.85
146.88
146.87
146.925
146.94
146.88
146.895
146.885
146.91
146.91
146.96
146.985
146.995
147.02
147.01
147.02
146.99
147.005
147.09
147.09
147.02
147.03
147.005
147.05
147.04
147.025
147.035
147.13
147.12
147.195
147.21
147.15
147.14
147.095
147.155
147.17
147.2
147.22
147.175
147.17
147.22
147.23
147.2
147.21
147.265
147.25
147.27
147.315
147.32
147.335
147.325
147.42
147.42
147.29
147.315
147.395
147.4
147.36
147.35
147.355
147.37
147.38
147.385
147.395
147.4
147.42
147.445
147.505
147.5
147.515
147.525
147.635
147.65
147.565
147.57
147.6
147.61
147.505
147.51
147.565
147.545
147.645
147.59
147.605
147.605
147.62
147.63
147.64
147.72
147.74
147.75
147.765
147.705
147.705
147.76
147.695
147.7
147.75
147.76
147.73
147.72
147.82
147.83
147.8
147.805
147.915
147.92
147.87
147.88
147.88
147.835
147.855
147.755
147.755
147.805
147.825
147.89
147.905
147.91
147.92
147.955
147.965
147.91
147.97
147.98
148.015
148.02
148.025
148.03
148.09
148.1
148.065
148.08
148.08
148.075
148.08
148.185
148.2
148.085
148.09
148.165
148.175
148.125
148.125
148.165
148.165
148.175
148.205
148.225
148.315
148.315
148.385
148.4
148.215
148.23
148.255
148.26
148.29
148.3
148.27
148.355
148.37
148.315
148.32
148.265
148.275
148.35
148.36
148.255
148.27
148.45
148.46
148.27
148.28
148.4
148.345
148.35
148.36
148.34
148.375
148.38
148.375
148.385
148.525
148.525
148.585
148.59
148.59
148.505
148.51
148.6
148.62
148.495
148.505
148.655
148.665
148.525
148.535
148.67
148.7
148.705
148.61
148.61
148.645
148.655
148.665
148.675
148.705
148.715
148.705
148.715
148.735
148.795
148.795
148.785
148.79
148.795
148.805
148.815
148.825
148.765
148.795
148.85
148.875
148.88
148.82
148.835
148.805
148.81
148.81
148.825
148.87
148.885
148.875
148.875
148.885
148.895
148.89
148.91
148.91
149.02
149.035
148.935
148.945
148.95
148.945
148.93
148.955
148.985
148.985
149.09
149.02
149.03
149.09
149.1
149.055
149.065
149.145
149.14
149.175
149.195
149.07
149.08
149.085
149.305
149.31
149.295
149.285
149.29
149.31
149.24
149.25
149.085
149.105
149.13
149.13
149.2
149.21
149.255
149.205
149.205
149.19
149.22
149.255
149.255
149.275
149.275
149.28
149.285
149.385
149.365
149.365
149.43
149.425
149.355
149.365
149.365
149.36
149.375
149.355
149.495
149.5
149.445
149.46
149.77
149.445
149.455
149.515
149.515
149.465
149.46
149.475
149.505
149.555
149.565
149.575
149.66
149.665
149.64
149.65
149.53
149.52
149.655
149.65
149.68
149.685
149.675
149.685
149.58
149.585
149.69
149.55
149.555
149.7
149.7
149.66
149.665
149.725
149.73
149.775
149.785
149.73
149.745
149.72
149.735
149.715
149.745
149.77
149.825
149.84
149.76
149.765
149.835
149.84
149.815
149.83
149.765
149.785
149.795
149.885
149.895
149.975
149.97
149.855
149.86
149.89
149.895
150.14
150.12
150.155
149.925
149.93
150.06
150.07
149.95
149.975
150.07
150.09
150.03
150.035
150.05
150.05
150.14
150.155
150.16
150.08
150.065
150.095
150.115
150.155
150.16
150.15
150.17
150.205
150.215
150.12
150.13
150.2
150.295
150.3
150.2
150.21
150.275
150.28
150.29
150.29
150.245
150.245
150.265
150.265
150.25
150.255
150.285
150.285
150.29
150.395
150.415
150.37
150.37
150.345
150.345
150.38
150.385
150.35
150.355
150.35
150.35
150.445
150.46
150.47
150.465
150.485
150.41
150.41
150.46
150.475
150.565
150.56
150.525
150.55
150.57
150.58
150.6
150.44
150.45
150.53
150.54
150.485
150.49
150.665
150.665
150.635
150.5
150.5
150.655
150.66
150.525
150.535
150.63
150.635
150.73
150.715
150.715
150.715
150.69
150.65
150.68
150.835
150.85
150.765
150.775
150.745
150.755
150.76
150.765
150.815
150.825
150.765
150.765
150.8
150.81
150.815
150.835
150.855
150.865
150.86
150.875
150.885
150.92
150.925
150.92
150.935
150.915
150.925
150.92
150.795
150.795
150.925
150.935
150.96
150.975
150.985
150.99
150.93
150.935
150.985
150.99
151.005
150.965
150.945
151.03
151.03
151.035
151.05
151.05
151.085
151.11
151.11
151.17
151.08
151.1
151.25
151.255
151.14
151.15
151.14
151.14
151.175
151.175
151.145
151.155
151.15
151.185
151.2
151.225
151.225
151.235
151.23
151.195
151.21
151.215
151.24
151.275
151.28
151.305
151.315
151.33
151.28
151.3
151.28
151.27
151.31
151.3
151.34
151.36
151.41
151.41
151.415
151.425
151.405
151.335
151.37
151.315
151.32
151.455
151.47
151.365
151.39
151.4
151.41
151.42
151.42
151.405
151.59
151.59
151.525
151.535
151.485
151.425
151.42
151.36
151.36
151.46
151.455
151.495
151.51
151.53
151.55
151.55
151.555
151.66
151.51
151.525
151.61
151.62
151.595
151.605
151.505
151.515
151.605
151.61
151.695
151.69
151.695
151.69
151.705
151.665
151.68
151.73
151.73
151.805
151.81
151.745
151.745
151.695
151.81
151.815
151.74
151.745
151.755
151.755
151.675
151.69
151.69
151.695
151.79
151.805
151.83
151.9
151.915
151.915
151.92
151.825
151.83
151.895
151.91
151.955
151.96
151.885
151.885
151.895
151.915
151.935
151.91
151.925
151.95
151.95
151.915
151.93
152
152.01
151.935
151.91
152.02
151.97
151.99
152.04
152.06
152.02
152.035
152.1
152.11
152.115
152.115
152.18
152.2
152.1
152.075
152.09
152.115
152.115
152.12
152.135
152.175
152.165
152.15
152.135
152.175
152.175
152.18
152.185
152.195
152.18
152.185
152.085
152.09
152.18
152.19
152.305
152.305
152.285
152.3
152.325
152.245
152.24
152.195
152.2
152.265
152.295
152.21
152.21
152.22
152.22
152.34
152.345
152.27
152.27
152.22
152.25
152.36
152.325
152.335
152.37
152.38
152.33
152.345
152.41
152.42
152.405
152.385
152.475
152.49
152.515
152.44
152.44
152.455
152.44
152.435
152.465
152.515
152.52
152.5
152.51
152.45
152.465
152.53
152.6
152.605
152.555
152.565
152.42
152.435
152.585
152.58
152.595
152.615
152.545
152.555
152.53
152.55
152.525
152.535
152.555
152.545
152.545
152.55
152.555
152.625
152.625
152.605
152.615
152.625
152.595
152.61
152.74
152.745
152.755
152.76
152.59
152.625
152.645
152.655
152.785
152.79
152.795
152.725
152.735
152.725
152.725
152.75
152.755
152.81
152.82
152.7
152.695
152.655
152.66
152.715
152.72
152.825
152.855
152.86
152.935
152.935
152.81
152.785
152.79
152.79
152.77
152.78
153.105
152.83
152.815
152.825
152.825
152.83
152.805
152.78
152.79
152.92
152.92
152.905
152.83
152.835
152.93
152.905
152.92
152.92
152.885
152.9
152.86
152.84
152.91
152.915
153
153.01
152.995
153.08
153.09
152.95
152.96
153.035
153.04
153.035
153.04
153.21
153.18
153.17
153.13
153.135
153.125
153.155
153.05
153.05
153.035
153.045
153.135
153.03
153.065
153.105
153.115
153.125
153.105
153.115
153.125
153.21
153.22
153.09
153.18
153.2
153.22
153.225
153.195
153.2
153.17
153.21
153.215
153.23
153.29
153.26
153.3
153.31
153.315
153.34
153.315
153.31
153.32
153.29
153.315
153.315
153.315
153.33
153.34
153.25
153.34
153.35
153.33
153.365
153.345
153.355
153.36
153.37
153.39
153.405
153.44
153.445
153.455
153.44
153.44
153.455
153.455
153.425
153.43
153.39
153.4
153.465
153.465
153.475
153.485
153.48
153.53
153.535
153.51
153.505
153.58
153.57
153.585
153.465
153.47
153.475
153.445
153.545
153.565
153.565
153.575
153.65
153.645
153.57
153.65
153.665
153.635
153.64
153.555
153.575
153.56
153.565
153.605
153.645
153.565
153.635
153.63
153.66
153.695
153.575
153.585
153.58
153.575
153.615
153.62
153.745
153.755
153.67
153.765
153.77
153.805
153.79
153.825
153.84
153.795
153.805
153.835
153.835
153.81
153.82
153.78
153.815
153.8
153.785
153.79
153.79
153.78
153.825
153.845
153.795
153.8
153.825
153.825
153.915
153.9
153.84
153.895
153.935
154.09
154.095
153.87
153.875
153.895
153.91
153.85
153.845
153.855
153.86
153.865
154.105
154.1
154.09
154.12
154
154.01
154.005
154.005
153.965
153.965
153.965
153.965
153.96
154.06
154.07
153.995
153.98
153.94
153.935
154.01
154.04
153.945
154.045
154.05
154.015
154.02
154.035
154.025
154.04
154.035
154.005
154.01
154.06
154.06
154.065
154.07
154.04
154.075
154.085
154.19
154.195
154.035
154.025
154.115
154.115
154.115
154.125
154.05
154.215
154.235
154.185
154.19
154.13
154.125
154.145
154.15
154.16
154.17
154.33
154.295
154.21
154.27
154.265
154.225
154.23
154.195
154.2
154.235
154.255
154.275
154.25
154.245
154.26
154.27
154.275
154.29
154.245
154.28
154.235
154.235
154.34
154.34
154.26
154.265
154.27
154.29
154.265
154.29
154.29
154.38
154.38
154.365
154.375
154.3
154.305
154.35
154.395
154.4
154.315
154.335
154.395
154.42
154.41
154.405
154.55
154.52
154.385
154.39
154.385
154.4
154.44
154.475
154.48
154.48
154.465
154.45
154.46
154.505
154.51
154.47
154.455
154.465
154.475
154.445
154.495
154.505
154.49
154.485
154.495
154.525
154.53
154.535
154.555
154.59
154.595
154.57
154.575
154.63
154.595
154.59
154.6
154.645
154.655
154.695
154.725
154.62
154.565
154.56
154.685
154.68
154.725
154.72
154.605
154.62
154.635
154.63
154.73
154.635
154.655
154.675
154.68
154.715
154.745
154.615
154.625
154.77
154.805
154.785
154.795
154.68
154.8
154.815
154.83
154.84
154.75
154.78
154.76
154.77
154.9
154.905
154.915
154.915
154.93
154.86
154.855
154.88
154.88
154.84
154.845
154.825
154.855
154.83
154.89
154.885
154.87
154.885
154.93
154.93
154.78
154.82
154.83
154.82
154.92
154.915
154.945
154.955
154.955
155.195
155.195
155.06
155.1
155.065
155.07
154.945
154.91
155.03
154.935
154.93
154.98
154.99
154.995
154.995
155.18
155.185
155.065
155.07
155.04
155.055
155.005
155.095
155.105
155.02
155.035
155.155
155.175
155.12
155.125
155.04
155.07
155.12
155.12
155.15
155.06
155.07
155.155
155.15
155.135
155.17
155.235
155.24
155.13
155.14
155.14
155.13
155.15
155.265
155.265
155.19
155.195
155.13
155.14
155.19
155.195
155.17
155.175
155.31
155.315
155.305
155.305
155.305
155.225
155.23
155.205
155.22
155.22
155.2
155.355
155.375
155.31
155.3
155.245
155.24
155.345
155.405
155.415
155.385
155.395
155.395
155.405
155.27
155.29
155.425
155.425
155.41
155.46
155.45
155.42
155.425
155.515
155.51
155.47
155.475
155.51
155.515
155.46
155.46
155.51
155.52
155.48
155.545
155.515
155.44
155.45
155.44
155.465
155.56
155.53
155.415
155.44
155.63
155.615
155.52
155.52
155.55
155.635
155.645
155.58
155.58
155.54
155.545
155.565
155.565
155.57
155.575
155.645
155.65
155.65
155.615
155.625
155.6
155.57
155.51
155.55
155.69
155.685
155.655
155.655
155.605
155.665
155.675
155.635
155.63
155.62
155.62
155.655
155.66
155.75
155.755
155.755
155.765
155.74
155.74
155.755
155.69
155.685
155.775
155.765
155.78
155.775
155.65
155.665
155.745
155.76
155.8
155.715
155.72
155.785
155.795
155.805
155.795
155.85
155.865
155.835
155.845
155.82
155.84
155.76
155.755
155.76
155.76
155.765
155.865
155.875
155.79
155.785
155.765
155.775
155.82
155.83
155.94
155.87
155.88
155.895
155.905
155.975
155.975
155.835
155.84
155.855
155.86
155.92
155.94
155.93
155.9
155.94
155.9
155.925
155.94
155.96
155.925
155.95
155.805
155.835
156.03
156.045
155.935
155.94
156.035
156.03
156.015
156.05
156.06
156.065
156.055
156.1
156.105
156.05
156.055
156.1
156.095
156.065
156.12
156.15
156.005
156.015
156.045
156.05
156.18
156.19
156.085
156.095
156.14
156.13
156.08
156.21
156.21
156.155
156.16
156.145
156.145
156.205
156.205
156.195
156.205
156.215
156.2
156.18
156.115
156.115
156.17
156.18
156.14
156.15
156.21
156.22
156.275
156.21
156.22
156.19
156.21
156.215
156.225
156.195
156.19
156.235
156.25
156.24
156.245
156.165
156.18
156.25
156.23
156.24
156.31
156.31
156.31
156.32
156.315
156.305
156.28
156.32
156.365
156.26
156.26
156.305
156.315
156.33
156.305
156.34
156.365
156.25
156.26
156.335
156.32
156.3
156.365
156.365
156.36
156.375
156.37
156.38
156.42
156.44
156.52
156.5
156.53
156.45
156.46
156.5
156.505
156.42
156.425
156.37
156.38
156.37
156.35
156.495
156.5
156.505
156.47
156.475
156.45
156.425
156.495
156.515
156.535
156.54
156.47
156.48
156.415
156.425
156.4
156.425
156.445
156.475
156.48
156.525
156.525
156.47
156.47
156.605
156.605
156.59
156.605
156.55
156.54
156.51
156.555
156.56
156.62
156.615
156.585
156.61
156.62
156.615
156.615
156.625
156.605
156.635
156.645
156.675
156.665
156.655
156.665
156.7
156.73
156.695
156.7
156.685
156.69
156.695
156.67
156.68
156.785
156.795
156.825
156.8
156.71
156.72
156.765
156.775
156.77
156.76
156.83
156.83
156.72
156.715
156.745
156.81
156.805
156.795
156.8
156.695
156.725
156.82
156.82
156.815
156.81
156.7
156.85
156.86
156.82
156.84
156.76
156.755
156.79
156.79
156.82
156.815
156.825
156.865
156.89
156.86
156.855
156.93
156.93
156.885
156.905
156.84
156.85
156.82
156.845
156.985
157.035
157.035
156.88
156.88
156.955
156.955
156.86
156.85
157.075
157.06
157.09
157.08
156.99
156.995
156.99
156.92
156.925
157.02
157.025
157
157
156.935
156.94
157.055
157.045
157.145
157.12
157.135
157.005
157.015
157.05
157.055
157.005
156.99
157.06
157.09
157.105
157.105
157.06
157.065
157.035
157.1
157.12
157.045
157.045
156.925
156.925
156.9
156.935
157.025
157.02
157.11
157.015
156.98
157.065
157.08
157.11
157.105
157.21
157.2
157.085
157.085
157.14
157.155
157.05
157.115
157.115
157.155
157.135
157.18
157.18
157.125
157.165
157.125
157.135
157.15
157.16
157.23
157.23
157.225
157.145
157.185
157.105
157.1
157.1
157.105
157.275
157.28
157.335
157.33
157.245
157.26
157.27
157.165
157.165
157.225
157.205
157.235
157.24
157.29
157.295
157.29
157.275
157.28
157.29
157.295
157.245
157.27
157.3
157.3
157.2
157.205
157.27
157.38
157.38
157.305
157.31
157.265
157.25
157.26
157.275
157.345
157.355
157.37
157.31
157.295
157.42
157.44
157.32
157.32
157.43
157.435
157.375
157.37
157.48
157.475
157.455
157.4
157.395
157.4
157.4
157.375
157.37
157.475
157.48
157.35
157.365
157.5
157.455
157.46
157.48
157.47
157.44
157.47
157.415
157.415
157.49
157.49
157.5
157.525
157.61
157.59
157.595
157.54
157.545
157.51
157.55
157.555
157.56
157.565
157.575
157.505
157.505
157.515
157.625
157.635
157.56
157.515
157.645
157.65
157.65
157.65
157.58
157.555
157.555
157.43
157.45
157.615
157.63
157.55
157.545
157.7
157.7
157.62
157.62
157.705
157.695
157.665
157.565
157.575
157.635
157.645
157.6
157.585
157.67
157.67
157.7
157.7
157.665
157.65
157.79
157.815
157.745
157.665
157.675
157.8
157.825
157.705
157.71
157.72
157.74
157.755
157.76
157.79
157.79
157.78
157.77
157.76
157.82
157.815
157.82
157.825
157.715
157.72
157.785
157.79
157.775
157.78
157.85
157.84
157.825
157.84
157.85
157.8
157.81
157.895
157.9
157.87
157.87
157.855
157.86
157.88
157.88
157.885
157.92
157.96
157.825
157.83
157.84
157.85
157.92
157.93
157.845
157.925
157.925
157.96
157.96
157.96
157.97
157.905
157.93
157.875
157.87
158.065
158.07
158.03
158.04
157.945
157.98
158.01
157.955
157.955
157.9
157.9
158.03
158.035
157.995
157.995
158.015
158.05
158.1
158.055
158.06
157.99
158
158.045
158.05
158.105
158.115
158.125
158.135
158.095
158.12
158.13
158.1
158.105
158.145
158.16
158.085
158.1
158.145
158.145
158.125
158.14
158.125
158.02
158.045
158.11
158.115
158.165
158.145
158.1
158.11
158.22
158.23
158.185
158.23
158.24
158.245
158.24
158.185
158.185
158.27
158.275
158.29
158.285
158.285
158.28
158.24
158.15
158.185
158.265
158.28
158.26
158.255
158.28
158.29
158.29
158.305
158.305
158.18
158.225
158.315
158.325
158.28
158.285
158.27
158.265
158.225
158.24
158.26
158.265
158.35
158.315
158.325
158.375
158.38
158.325
158.345
158.415
158.405
158.385
158.35
158.39
158.405
158.41
158.405
158.395
158.315
158.3
158.45
158.46
158.455
158.44
158.385
158.43
158.43
158.44
158.43
158.415
158.45
158.48
158.48
158.465
158.48
158.43
158.455
158.45
158.465
158.465
158.44
158.475
158.55
158.545
158.38
158.39
158.56
158.565
158.535
158.595
158.595
158.54
158.535
158.47
158.495
158.61
158.6
158.545
158.55
158.55
158.545
158.605
158.565
158.57
158.51
158.525
158.645
158.655
158.605
158.6
158.72
158.705
158.55
158.56
158.695
158.57
158.575
158.73
158.73
158.665
158.67
158.6
158.57
158.58
158.58
158.725
158.74
158.74
158.615
158.62
158.665
158.67
158.865
158.865
158.75
158.75
158.765
158.78
158.715
158.785
158.79
158.655
158.66
158.67
158.675
158.695
158.67
158.745
158.77
158.775
158.77
158.73
158.76
158.765
158.805
158.785
158.82
158.82
158.65
158.655
158.715
158.73
158.86
158.86
158.93
158.825
158.815
158.855
158.86
158.76
158.755
158.89
158.895
158.78
158.785
158.785
158.805
158.9
158.84
158.85
158.77
158.775
158.915
158.92
158.965
158.955
158.835
158.845
158.825
158.825
158.895
158.87
158.905
158.89
158.89
158.865
158.87
158.895
158.91
158.815
158.845
158.905
158.915
158.98
158.97
159.005
158.825
158.815
158.98
158.975
158.97
158.975
158.78
158.785
159.025
159.025
158.85
158.875
158.95
158.955
158.89
159
158.985
158.945
158.97
159.005
159.015
158.91
158.93
158.955
158.95
158.975
158.985
159.03
158.925
158.94
158.885
158.89
159.005
158.995
159.015
159.005
159.09
159.085
159.055
159.085
159.09
159.135
159.14
158.985
158.985
159.01
159.02
158.98
158.965
158.95
158.955
158.96
159
159.015
158.97
158.94
159
159
159.025
159.015
159.07
159.04
159.015
159.015
159
159.175
159.185
159.045
159.045
159.11
159.115
159.075
159.12
158.97
158.97
159.1
159.115
159.255
159.035
159.06
159.07
159.075
159.115
159.12
159.09
159.115
159.105
159.11
159.01
159.01
159.115
159.225
159.22
159.135
159.15
159.105
159.11
159.23
159.265
159.08
159.075
159.085
159.055
159.17
159.175
159.175
159.24
159.24
159.115
159.145
159.275
159.29
159.165
159.18
159.21
159.21
159.145
159.135
159.145
159.195
159.2
159.3
159.315
159.16
159.185
159.18
159.185
159.135
159.145
159.185
159.185
159.225
159.17
159.195
159.22
159.225
159.325
159.335
159.315
159.31
159.215
159.185
159.325
159.33
159.315
159.185
159.18
159.29
159.28
159.185
159.16
159.255
159.25
159.315
159.32
159.325
159.26
159.28
159.295
159.32
159.3
159.325
159.345
159.355
159.355
159.28
159.3
159.295
159.3
159.315
159.33
159.375
159.38
159.335
159.37
159.37
159.235
159.245
159.33
159.375
159.38
159.385
159.25
159.285
159.28
159.395
159.38
159.33
159.34
159.425
159.42
159.415
159.385
159.415
159.415
159.29
159.295
159.28
159.45
159.455
159.485
159.485
159.455
159.48
159.49
159.49
159.435
159.43
159.375
159.375
159.455
159.525
159.5
159.455
159.455
159.47
159.48
159.44
159.48
159.38
159.385
159.485
159.495
159.54
159.455
159.43
159.53
159.525
159.53
159.505
159.525
159.53
159.54
159.54
159.45
159.445
159.44
159.53
159.5
159.535
159.54
159.5
159.505
159.445
159.475
159.53
159.525
159.545
159.48
159.5
159.465
159.475
159.455
159.455
159.53
159.51
159.55
159.565
159.565
159.61
159.6
159.52
159.51
159.575
159.615
159.555
159.555
159.575
159.585
159.54
159.65
159.65
159.615
159.585
159.62
159.61
159.58
159.575
159.645
159.67
159.685
159.61
159.615
159.665
159.69
159.635
159.625
159.63
159.65
159.63
159.635
159.7
159.685
159.685
159.68
159.685
159.585
159.635
159.68
159.68
159.61
159.595
159.645
159.65
159.68
159.675
159.595
159.64
159.745
159.73
159.735
159.705
159.75
159.67
159.685
159.77
159.74
159.73
159.725
159.73
159.73
159.675
159.675
159.675
159.725
159.73
159.905
159.88
159.67
159.66
159.71
159.75
159.74
159.71
159.66
159.67
159.79
159.815
159.805
159.825
159.835
159.705
159.71
159.8
159.8
159.76
159.76
159.77
159.765
159.78
159.84
159.845
159.86
159.87
159.9
159.89
159.795
159.785
159.825
159.825
159.845
159.835
159.84
159.86
159.86
159.735
159.745
159.775
159.79
159.84
159.83
159.775
159.885
159.87
159.825
159.825
159.83
159.84
159.825
159.825
159.825
159.83
159.9
159.895
159.875
159.91
159.9
159.845
159.855
159.795
159.78
159.875
159.875
159.935
159.94
159.9
159.915
160.025
160.02
160.035
159.905
159.88
159.83
159.81
159.88
159.885
159.925
159.945
159.975
159.99
160.035
160.04
159.95
159.865
159.88
160.01
160.01
159.95
159.975
159.97
159.975
159.96
159.96
160.01
159.995
159.995
160
160.015
160.005
159.995
159.93
159.93
159.96
159.93
159.96
159.975
160.05
160.02
160.02
160.02
160.02
160.09
160.09
159.99
159.995
159.975
159.98
160.15
160.14
160.065
160.12
160.125
160.215
160.19
160.04
160.055
160.11
160.115
159.985
159.99
160.03
160.035
160.045
159.985
160.015
160.05
160.055
160.115
160.135
160.21
160.21
160.065
160.07
160.07
160.06
160.075
160.09
160.085
160.14
160.16
160.155
160.165
160.13
160.14
160.14
160.15
160.105
160.13
160.135
160.135
160.2
160.125
160.12
160.1
160.12
160.195
160.195
160.15
160.145
160.215
160.24
160.21
160.225
160.22
160.22
160.195
160.2
160.22
160.34
160.35
160.215
160.225
160.31
160.325
160.295
160.245
160.22
160.34
160.355
160.26
160.27
160.24
160.27
160.275
160.275
160.43
160.27
160.285
160.36
160.36
160.29
160.28
160.23
160.23
160.25
160.25
160.21
160.235
160.275
160.365
160.36
160.28
160.31
160.255
160.25
160.25
160.235
160.23
160.26
160.325
160.435
160.445
160.435
160.435
160.335
160.34
160.43
160.435
160.375
160.37
160.315
160.32
160.4
160.48
160.49
160.495
160.495
160.415
160.415
160.375
160.38
160.45
160.455
160.46
160.475
160.475
160.39
160.37
160.35
160.38
160.495
160.49
160.38
160.365
160.365
160.395
160.56
160.52
160.52
160.435
160.445
160.51
160.51
160.54
160.495
160.47
160.46
160.475
160.49
160.49
160.455
160.45
160.495
160.51
160.485
160.48
160.565
160.57
160.435
160.42
160.56
160.48
160.49
160.605
160.61
160.465
160.505
160.52
160.52
160.56
160.575
160.51
160.52
160.555
160.54
160.515
160.57
160.57
160.575
160.57
160.48
160.5
160.48
160.48
160.63
160.635
160.535
160.535
160.57
160.52
160.525
160.525
160.525
160.55
160.575
160.59
160.6
160.63
160.625
160.66
160.67
160.685
160.63
160.64
160.62
160.625
160.635
160.625
160.675
160.65
160.66
160.685
160.72
160.585
160.565
160.695
160.745
160.74
160.735
160.7
160.7
161.045
161.01
160.6
160.62
160.655
160.56
160.57
160.715
160.72
160.695
160.725
160.75
160.75
160.745
160.755
160.73
160.705
160.745
160.725
160.725
160.73
160.725
160.77
160.74
160.745
160.775
160.74
160.74
160.72
160.675
160.67
160.825
160.85
160.79
160.8
160.755
160.745
160.695
160.7
160.72
160.83
160.84
160.67
160.685
160.69
160.695
160.785
160.755
160.795
160.795
160.85
160.88
160.84
160.84
160.765
160.765
160.705
160.8
160.805
160.83
160.84
160.825
160.795
160.74
160.74
160.945
160.945
160.8
160.87
160.875
160.87
160.835
160.84
160.845
160.81
160.83
160.82
160.815
160.785
160.785
160.805
160.815
160.95
160.905
160.905
160.84
160.845
160.86
160.875
160.815
160.85
160.955
160.945
160.96
160.94
160.855
160.78
160.795
160.86
160.875
160.865
160.86
161.02
161.01
160.89
160.88
160.9
160.895
160.93
160.9
160.925
160.93
160.81
160.81
160.79
160.895
160.905
160.895
160.905
160.935
160.95
160.995
160.995
160.93
160.925
160.875
160.94
160.92
160.92
160.925
160.95
160.945
160.975
160.97
160.98
160.985
160.975
160.99
160.96
161.015
161.02
160.975
160.97
160.965
160.935
161.01
161.005
161.095
161.09
161.01
161.01
160.925
161.03
161.02
161.04
161.045
160.96
160.96
160.97
160.97
161.055
161.065
161.04
161.02
161.02
161.04
161.035
161.07
161.055
161.05
161.055
161.1
161.1
161.02
160.985
161.01
161.05
161.05
161.025
161.03
161.07
161.08
161.055
161.085
161.035
161.045
161.135
161.05
161.05
161.07
161.06
161.065
161.07
161.1
161.1
161.135
161.155
161.205
161.205
161.13
161.09
161.09
161.065
161.08
161.075
161.055
161.07
161.065
161.07
161.06
161.06
161.05
161.04
161.15
161.16
161.175
161.19
161.04
161.03
161.09
161.125
161.185
161.19
161.095
161.09
161.095
161.175
161.175
161.29
161.285
161.14
161.145
161.215
