74.43
74.33
74.27
74.1
74.05
73.98
73.93
73.83
73.76
73.86
73.83
73.63
73.62
73.75
73.72
73.84
73.83
73.86
73.57
73.58
73.66
73.69
73.71
73.75
73.77
73.86
73.99
74.08
74.27
74.3
74.18
74.22
74.21
74.3
74.59
74.65
74.74
74.65
74.77
74.89
74.95
75.13
75.2
75.33
75.47
75.45
75.52
75.67
75.74
75.91
75.98
76.12
76.28
76.35
76.33
76.5
76.9
77.08
76.77
76.85
77.24
77.33
77.07
77.27
77.67
77.77
77.93
78.02
78.2
78.3
78.4
78.53
78.64
78.75
78.93
79.03
79.12
79.27
79.37
79.46
79.66
79.92
80.04
80.4
80.51
80.48
80.57
80.59
80.79
80.92
81.02
81.17
81.28
81.39
81.44
81.56
81.69
81.89
82.12
82.32
82.26
82.37
82.75
82.85
83.05
83.26
83.14
83.25
83.72
83.82
83.94
84.14
84.36
84.47
84.45
84.87
84.98
84.83
84.93
85.3
85.39
85.53
85.72
85.83
85.94
86.01
86.11
86.36
86.49
86.59
86.8
86.91
86.86
87.09
87.33
87.43
87.65
87.75
87.88
88.08
88.16
88.38
88.53
88.65
88.78
88.89
89.12
89.33
89.72
89.82
89.85
89.94
90.08
90.28
90.1
90.28
90.38
90.48
90.69
90.77
90.88
91.15
91.26
91.71
91.92
91.72
91.95
91.98
92.08
92.28
92.4
92.5
93.04
93.16
93.19
93.29
93.41
93.6
93.72
93.82
93.95
94.04
94.38
94.6
94.46
94.56
94.72
94.81
95.25
95.34
95.25
95.35
95.45
95.6
95.82
96.08
96.17
96.39
96.47
96.61
96.8
96.9
97.11
97.2
97.29
97.41
97.51
97.49
97.7
97.87
98.04
98.14
98.17
98.37
98.48
98.58
98.77
98.87
99.33
99.55
99.29
99.5
99.79
99.87
99.71
99.81
100.13
100.32
100.4
100.49
100.68
100.63
100.72
100.95
101.05
101.52
101.7
101.45
101.66
101.77
101.88
102.16
102.25
102.2
102.38
102.53
102.63
102.79
102.88
102.98
103.15
103.2
103.57
103.67
103.59
103.77
103.76
103.83
104.13
104.22
104.38
104.48
104.49
104.66
104.91
104.99
105.04
105.13
105.29
105.51
105.59
105.76
105.85
105.93
106.08
106.17
106.25
106.46
106.56
106.65
106.72
106.79
106.96
106.78
106.85
107.22
107.31
107.47
107.55
107.64
107.87
107.95
108.09
108.24
108.21
108.38
108.51
108.59
108.5
108.6
108.66
108.84
108.92
109.16
109.24
109.54
109.68
109.6
109.68
109.94
110.02
109.97
110.12
110.4
110.56
110.51
110.6
110.66
110.74
110.81
111.19
111.27
111.13
111.28
111.48
111.61
111.65
111.73
111.92
112.0
112.24
112.38
112.15
112.29
112.4
112.48
112.69
112.77
112.73
113.0
113.06
113.01
113.15
113.44
113.52
113.66
113.72
113.66
113.8
113.87
113.94
114.09
114.16
114.22
114.28
114.46
114.6
114.88
114.95
115.09
114.77
114.92
115.06
115.15
115.25
115.33
115.38
115.53
115.66
115.79
115.76
115.84
115.95
116.03
116.08
116.15
116.2
116.42
116.48
116.56
116.68
116.75
116.82
116.79
116.86
117.13
117.19
117.32
117.44
117.54
117.62
117.94
118.01
118.13
118.11
118.17
118.22
118.27
118.07
118.18
118.42
118.5
118.63
118.69
118.82
118.88
119.01
119.12
119.06
119.22
119.34
119.54
119.58
119.62
119.68
119.73
119.8
120.01
120.12
119.99
120.05
120.17
120.24
120.29
120.42
120.46
120.59
121.06
120.9
121.02
121.07
121.14
120.91
120.97
121.29
121.4
121.33
121.45
121.49
121.55
121.74
121.8
121.87
121.98
122.15
122.22
122.08
122.26
122.32
122.49
122.53
122.4
122.52
122.78
122.82
122.73
122.78
122.89
122.95
123.09
123.19
123.19
123.24
123.3
123.35
123.57
123.68
123.97
123.63
123.68
123.73
124.05
123.95
124.0
124.52
124.62
124.67
124.72
124.82
124.87
124.69
124.72
124.73
124.83
124.89
124.93
125.03
125.09
125.1
125.21
125.62
125.67
125.48
125.53
125.34
125.45
125.56
125.62
125.72
125.85
125.91
125.85
125.89
126.1
126.15
126.13
126.21
126.4
126.46
126.49
126.53
126.52
126.63
126.73
126.77
126.71
126.74
127.13
127.12
127.16
127.21
127.3
127.15
127.2
127.23
127.29
127.53
127.62
127.65
127.7
127.7
127.74
127.8
127.89
128.19
128.24
128.21
128.24
128.19
128.25
128.29
128.38
128.79
128.82
128.51
128.56
129.02
128.92
128.98
128.93
129.02
129.06
129.11
129.19
129.23
129.28
129.35
129.55
129.59
129.81
129.86
129.6
129.69
129.74
129.78
130.02
130.07
129.96
130.06
130.05
130.1
130.09
130.12
130.19
130.35
130.4
130.36
130.46
130.5
130.54
130.61
130.66
130.68
130.77
130.72
130.78
130.83
130.87
130.95
130.98
131.12
131.19
131.32
131.36
131.29
131.32
131.46
131.54
131.49
131.54
131.77
131.7
131.74
131.85
131.9
131.93
132.01
131.96
132.0
132.29
132.33
132.31
132.38
132.36
132.4
132.44
132.46
132.49
132.56
132.56
132.6
132.72
132.75
132.77
132.85
132.85
132.89
132.87
132.91
133.78
133.13
133.15
133.18
133.21
133.44
133.5
133.37
133.42
133.67
133.71
133.64
133.7
133.76
133.79
133.89
133.93
134.0
134.07
134.04
134.07
134.01
134.04
134.11
134.23
134.28
134.63
134.66
134.45
134.52
134.43
134.49
134.62
134.65
134.76
134.77
134.59
134.66
135.17
135.23
135.26
135.29
135.36
135.37
135.4
135.07
135.1
135.28
135.34
135.15
135.18
135.47
135.49
135.55
135.58
135.53
135.59
135.68
135.71
135.75
135.79
135.85
136.16
136.2
135.96
135.98
136.01
136.08
136.12
136.18
136.31
136.34
136.2
136.23
136.39
136.34
136.37
136.39
136.45
136.48
136.54
136.68
136.7
136.77
136.8
136.93
136.98
136.93
136.99
136.89
136.93
136.99
136.99
137.01
137.12
137.14
137.32
137.37
137.31
137.33
137.35
137.37
137.44
137.5
137.57
137.63
137.53
137.56
137.61
137.64
137.72
137.77
138.08
137.88
137.93
137.79
137.83
138.04
138.07
138.17
138.2
138.29
138.35
138.26
138.28
138.43
138.46
138.48
138.54
138.56
138.61
138.53
138.47
138.52
138.73
138.74
138.69
138.71
138.89
138.94
138.97
139.01
139.03
139.07
138.99
139.04
138.96
139.01
139.3
139.33
139.16
139.24
139.3
139.32
139.35
139.39
139.42
139.7
139.75
139.4
139.43
139.58
139.61
139.64
139.7
139.87
139.89
139.95
139.96
140.0
140.05
139.98
140.04
140.07
140.11
140.16
140.19
140.21
140.09
140.13
140.3
140.37
140.39
140.41
140.46
140.48
140.69
140.73
140.54
140.56
140.65
140.67
140.54
140.6
140.6
140.66
141.13
141.16
141.0
141.01
140.96
141.21
141.26
141.13
141.16
141.2
141.23
141.06
141.11
141.4
141.44
141.27
141.29
141.37
141.43
141.47
141.49
141.51
141.54
141.47
141.51
141.41
141.43
141.6
141.62
141.63
141.67
141.64
141.65
141.84
141.86
141.93
141.83
141.86
141.84
141.87
141.84
141.87
141.84
141.86
142.05
142.1
142.12
142.13
142.18
142.2
142.39
142.44
142.24
142.3
142.32
142.32
142.37
142.39
142.4
142.44
142.54
142.57
142.61
142.63
142.65
142.69
142.91
142.81
142.85
142.81
142.83
142.98
143.0
142.93
142.98
142.95
142.98
142.93
142.95
142.91
142.93
142.98
142.99
143.01
143.06
143.07
143.11
143.19
143.22
143.24
143.28
143.28
143.3
143.43
143.44
143.74
143.77
143.53
143.55
143.57
143.59
143.7
143.52
143.52
143.79
143.82
144.0
144.03
144.05
144.08
144.11
144.13
143.91
143.94
143.99
144.01
144.14
144.16
144.08
144.13
144.37
144.39
144.29
144.3
144.29
144.33
144.36
144.38
144.16
144.18
144.44
144.48
144.52
144.53
144.59
144.48
144.49
144.75
144.78
144.63
144.67
144.56
144.58
144.81
144.83
144.66
144.69
144.72
144.75
144.64
144.66
144.82
144.85
144.83
144.85
144.88
144.9
145.25
145.29
145.19
145.2
145.32
145.06
145.09
145.33
145.35
145.26
145.29
145.17
145.19
145.28
145.29
145.32
145.36
145.36
145.38
145.59
145.61
145.41
145.45
145.54
145.55
145.61
145.61
145.59
145.6
145.63
145.67
145.78
145.81
145.77
145.84
145.85
145.87
145.9
145.92
145.95
145.74
145.76
146.3
146.31
145.97
146.0
146.57
146.59
146.22
146.23
146.19
146.21
146.38
146.39
146.43
146.45
146.47
146.51
146.52
146.54
146.36
146.37
146.52
146.48
146.5
146.58
146.61
146.51
146.53
146.56
146.57
146.58
146.62
146.88
146.9
146.68
146.7
146.72
146.74
146.76
146.77
146.92
146.93
146.88
146.88
146.9
146.91
146.85
146.88
147.24
147.26
146.96
146.98
147.36
147.37
147.02
147.03
147.13
147.14
147.23
147.25
147.34
147.36
147.26
147.36
147.38
147.5
147.52
147.53
147.56
147.57
147.58
147.64
147.64
147.61
147.65
147.65
147.66
147.69
147.7
147.64
147.66
147.51
147.56
147.94
147.96
147.89
147.91
148.13
148.15
148.16
147.72
147.75
147.85
147.86
147.9
147.91
147.93
147.95
148.19
148.22
148.08
148.09
148.3
148.32
148.06
148.08
148.08
148.11
148.53
148.56
148.4
148.4
148.16
148.17
148.57
148.61
148.33
148.34
148.48
148.5
148.45
148.54
148.58
148.67
148.69
148.79
148.8
148.52
148.53
148.68
148.7
148.6
148.62
148.88
148.88
148.68
148.71
148.71
148.73
148.78
148.81
148.75
148.77
149.25
149.28
149.09
149.09
149.11
148.89
148.92
149.11
149.13
149.08
149.1
148.92
148.95
149.05
149.07
149.07
149.1
149.24
149.25
149.23
149.26
149.24
149.27
149.41
149.43
149.29
149.33
149.65
149.67
149.39
149.4
149.5
149.53
149.29
149.32
149.56
149.56
149.57
149.59
149.61
149.48
149.47
149.5
149.54
149.63
149.65
149.77
149.76
149.78
149.79
149.78
149.81
149.77
149.77
149.64
149.65
149.67
149.69
149.7
149.88
149.91
149.86
149.87
149.84
149.86
149.91
149.93
149.94
149.96
150.15
150.17
150.07
150.09
150.18
150.18
150.2
150.22
150.34
150.36
150.16
150.18
150.22
150.24
150.34
150.35
150.64
150.66
150.68
150.69
150.71
150.52
150.54
150.65
150.67
150.33
150.33
150.6
150.6
150.41
150.43
150.55
150.56
150.86
150.87
150.67
150.71
150.72
150.72
150.75
150.76
150.79
150.82
150.61
150.64
150.65
150.66
150.69
150.7
150.93
150.94
150.91
150.93
150.95
151.01
151.02
151.23
151.25
151.14
151.15
151.08
151.07
151.02
151.04
151.17
151.2
151.27
151.28
151.08
151.1
151.21
151.21
151.3
151.3
151.26
151.26
151.38
151.39
151.5
151.51
151.44
151.46
151.33
151.34
151.73
151.86
151.87
151.48
151.49
151.5
151.52
151.73
151.74
151.56
151.57
151.52
151.53
151.65
151.65
151.59
151.6
151.66
151.67
151.68
151.7
151.77
151.78
151.86
151.98
151.99
151.99
152.0
152.03
152.04
151.81
151.83
151.94
151.94
151.83
151.83
152.13
152.15
152.24
152.25
152.25
152.28
151.93
151.94
152.07
152.01
152.01
151.89
151.91
151.91
151.91
152.07
152.08
152.03
152.04
152.28
152.29
152.49
152.51
152.29
152.3
152.2
152.23
152.38
152.58
152.61
152.34
152.37
152.3
152.32
152.74
152.76
152.43
152.46
152.39
152.41
152.4
152.41
152.47
152.48
152.47
152.5
152.6
152.61
152.63
152.53
152.52
152.67
152.67
152.46
152.48
152.79
152.8
152.82
152.83
152.83
152.87
152.85
152.86
152.79
152.81
152.84
152.85
152.86
152.86
152.92
152.94
152.81
152.81
152.83
152.83
152.84
152.98
152.99
152.91
152.91
153.0
153.02
153.49
153.51
153.51
153.53
153.17
153.19
153.19
153.21
153.23
153.24
153.19
153.2
153.3
153.32
153.36
153.38
153.23
153.25
153.26
153.28
153.19
153.44
153.45
153.33
153.35
153.44
153.45
153.5
153.51
153.39
153.4
153.71
153.72
153.75
153.78
153.43
153.45
153.49
153.5
153.91
153.91
153.65
153.68
153.53
153.55
153.54
153.56
153.76
153.66
153.66
154.08
154.09
153.82
153.82
154.06
154.08
153.99
154.01
153.98
153.99
154.28
154.31
153.93
153.94
154.02
154.03
153.94
153.95
153.95
153.96
153.99
154.0
154.19
154.21
154.13
154.16
154.03
154.03
154.18
154.21
154.29
154.3
154.16
154.05
154.05
154.18
154.19
154.2
154.21
154.22
154.25
154.32
154.33
154.5
154.49
154.51
154.52
154.52
154.53
154.48
154.5
154.31
154.33
154.39
154.39
154.42
154.42
154.42
154.43
154.77
154.77
154.52
154.72
154.73
154.65
154.65
154.96
154.97
154.78
154.78
154.58
154.59
154.92
154.95
154.64
154.66
154.72
154.74
154.7
154.7
154.71
154.73
154.75
154.77
154.77
154.74
154.75
154.85
154.85
154.88
154.9
154.9
154.91
155.38
155.39
154.91
154.9
155.17
155.19
154.9
154.92
154.9
154.91
155.18
155.2
155.13
155.15
155.16
155.08
155.08
155.13
155.14
155.15
155.17
155.33
155.32
155.22
155.23
155.2
155.22
155.22
155.24
155.08
155.09
155.29
155.31
155.29
155.3
155.28
155.28
155.29
155.33
155.32
155.34
155.35
155.37
155.31
155.31
155.42
155.42
155.44
155.31
155.34
155.36
155.38
155.48
155.49
155.42
155.42
155.49
155.51
155.61
155.61
155.69
155.71
155.69
155.69
155.71
155.72
155.72
155.73
155.88
155.89
155.66
155.68
155.68
155.7
155.72
155.56
155.56
155.78
155.78
155.75
155.76
155.9
155.91
156.06
156.08
155.77
155.8
155.77
155.79
156.11
156.13
156.15
156.16
156.16
156.18
156.16
156.18
155.99
156.01
156.04
156.05
156.11
156.13
156.1
156.16
156.17
156.51
156.5
156.16
156.17
156.28
156.28
156.43
156.42
156.12
156.14
156.14
156.14
156.17
156.17
156.22
156.25
156.5
156.51
156.49
156.49
156.21
156.22
156.52
156.56
156.41
156.43
156.45
156.33
156.34
156.42
156.41
156.71
156.73
156.46
156.47
156.64
156.65
156.52
156.54
156.56
156.58
156.53
156.54
156.74
156.74
156.68
156.71
156.71
156.6
156.61
156.72
156.75
156.64
156.66
156.65
156.68
156.67
156.67
156.81
156.83
156.73
156.75
156.75
156.76
156.67
156.68
156.69
156.71
156.82
156.83
157.23
157.12
157.12
157.13
157.14
157.16
157.16
157.07
157.08
157.06
157.07
157.09
157.1
156.96
156.96
157.11
157.12
157.13
157.13
157.11
157.12
157.5
157.49
156.94
156.98
157.42
157.43
157.2
157.22
157.2
157.23
157.23
157.23
157.16
157.16
157.58
157.6
157.62
157.62
157.24
157.26
157.27
157.39
157.4
157.4
157.41
157.42
157.43
157.44
157.46
157.36
157.36
157.34
157.35
157.46
157.47
157.62
157.62
157.38
157.38
157.41
157.43
157.46
157.47
157.53
157.56
157.66
157.66
157.53
157.56
157.88
157.7
157.72
157.6
157.6
157.62
157.63
157.63
157.65
157.7
157.71
157.69
157.69
157.71
157.71
157.73
157.73
157.95
157.96
158.02
158.03
157.86
158.12
158.12
157.66
157.67
157.64
157.65
157.77
157.78
157.9
157.89
157.9
157.91
157.91
157.92
158.03
158.03
158.1
158.11
157.94
157.94
158.22
158.23
158.11
158.12
158.12
158.21
158.23
158.02
158.03
158.23
158.24
158.16
158.18
158.57
158.58
158.29
158.31
158.31
158.33
158.15
158.15
158.25
158.25
158.32
158.35
158.35
158.37
158.37
158.37
158.18
158.19
158.19
158.22
158.22
158.4
158.41
158.44
158.46
158.61
158.63
158.42
158.43
158.41
158.44
158.68
158.69
158.62
158.62
158.46
158.47
158.78
158.79
159.03
158.54
158.54
158.76
158.76
158.49
158.5
158.74
158.75
158.58
158.58
158.78
158.77
158.71
158.72
158.73
158.74
158.74
158.75
158.55
158.57
158.9
158.9
158.91
158.92
158.93
158.94
158.93
158.79
158.79
159.16
159.18
158.8
158.81
159.25
159.25
159.27
159.28
159.28
159.3
159.18
159.18
158.88
158.89
158.9
158.92
158.92
159.02
159.05
158.93
158.93
159.56
159.56
159.03
159.03
159.03
159.02
159.02
159.03
159.21
159.21
159.35
159.36
159.2
159.21
159.23
159.26
159.26
159.27
159.21
159.2
159.11
159.12
159.12
159.3
159.3
159.33
159.34
159.26
159.28
159.28
159.29
159.28
159.31
159.64
159.64
159.43
159.42
159.29
159.3
159.57
159.58
159.52
159.53
159.6
159.61
160.01
160.01
159.56
159.56
159.59
159.7
159.7
159.51
159.51
159.77
159.78
159.78
159.79
159.8
159.82
159.61
159.59
159.63
159.64
159.78
159.79
159.74
159.75
159.84
159.85
159.89
159.92
159.78
159.81
159.81
159.81
159.82
159.73
159.74
159.73
159.75
159.97
159.98
159.86
159.86
159.99
160.0
160.01
160.03
160.02
160.03
159.94
159.96
159.92
159.93
159.84
159.85
160.04
160.06
160.07
160.08
160.08
160.32
160.32
159.97
159.96
160.09
160.09
160.1
160.11
160.41
160.41
160.56
160.56
160.57
160.59
160.59
160.11
160.13
160.26
160.26
160.27
160.28
160.3
160.3
160.14
160.15
160.12
160.12
160.14
160.14
160.15
160.16
160.26
160.26
160.53
160.32
160.34
160.36
160.38
160.42
160.41
160.24
160.25
160.38
160.39
160.38
160.38
160.28
160.3
160.44
160.46
160.51
160.52
