0	24.6
1	24.58
2	25.19
3	26.1
4	26.88
5	27.79
6	28.54
7	29.33
8	30.09
9	30.79
10	31.58
11	32.43
12	33.09
13	33.89
14	34.58
15	35.35
16	36.08
17	36.8
18	37.51
19	38.04
20	38.75
21	39.39
22	40.1
23	40.83
24	41.57
25	42.24
26	42.82
27	43.58
28	44.14
29	44.83
30	45.57
31	46.17
32	46.89
33	47.5
34	48.15
35	48.7
36	49.42
37	50.04
38	50.59
39	51.3
40	52.04
41	52.54
42	53.02
43	53.8
44	54.37
45	54.96
46	55.52
47	56.16
48	56.73
49	57.35
50	57.84
51	58.45
52	58.9
53	59.57
54	60.16
55	60.63
56	61.2
57	61.83
58	62.27
59	62.79
60	63.38
61	63.93
62	64.37
63	64.9
64	65.49
65	66.18
66	66.6
67	67.21
68	67.63
69	68.14
70	68.63
71	69.12
72	69.57
73	70.05
74	70.56
75	71.02
76	71.55
77	71.96
78	72.48
79	72.94
80	73.41
81	73.92
82	74.39
83	74.8
84	75.13
85	75.59
86	76.0
87	76.52
88	76.88
89	77.42
90	77.82
91	78.23
92	78.69
93	79.03
94	79.43
95	79.99
96	80.28
97	80.72
98	81.16
99	81.49
100	82.01
101	82.25
102	82.74
103	83.12
104	83.55
105	83.9
106	84.26
107	84.72
108	85.09
109	85.39
110	85.84
111	86.0
112	86.52
113	86.91
114	87.31
115	87.7
116	88.22
117	88.55
118	88.77
119	89.13
120	89.46
121	89.79
122	90.16
123	90.48
124	90.71
125	91.14
126	91.39
127	91.72
128	92.04
129	92.44
130	92.74
131	93.04
132	93.38
133	93.76
134	94.05
135	94.34
136	94.68
137	94.93
138	95.26
139	95.57
140	95.89
141	96.23
142	96.59
143	96.8
144	97.09
145	97.47
146	97.78
147	97.93
148	98.23
149	98.5
150	98.79
151	99.17
152	99.31
153	99.71
154	99.97
155	100.18
156	100.49
157	100.8
158	101.05
159	101.33
160	101.62
161	101.8
162	102.16
163	102.49
164	102.65
165	102.88
166	103.21
167	103.41
168	103.59
169	103.85
170	104.16
171	104.4
172	104.72
173	104.97
174	105.23
175	105.53
176	105.71
177	105.94
178	106.08
179	106.37
180	106.57
181	106.86
182	107.03
183	107.35
184	107.55
185	107.78
186	107.94
187	108.09
188	108.42
189	108.65
190	108.89
191	109.16
192	109.39
193	109.57
194	109.73
195	110.08
196	110.23
197	110.38
198	110.62
199	110.9
200	110.96
201	111.25
202	111.46
203	111.71
204	111.78
205	112.16
206	112.22
207	112.44
208	112.62
209	112.91
210	113.44
211	113.37
212	113.44
213	113.68
214	113.87
215	114.06
216	114.18
217	114.43
218	114.66
219	114.86
220	114.99
221	115.17
222	115.4
223	115.49
224	115.65
225	115.94
226	116.11
227	116.23
228	116.51
229	116.74
230	116.73
231	116.99
232	117.15
233	117.3
234	117.46
235	117.65
236	117.9
237	118.02
238	118.22
239	118.37
240	118.54
241	118.64
242	118.88
243	119.09
244	119.22
245	119.36
246	119.5
247	119.63
248	119.79
249	120.02
250	120.18
251	120.33
252	120.47
253	120.61
254	120.68
255	120.88
256	121.09
257	121.2
258	121.35
259	121.55
260	121.52
261	121.87
262	122.02
263	122.18
264	122.25
265	122.27
266	122.51
267	122.87
268	122.87
269	122.93
270	123.13
271	123.31
272	123.43
273	123.49
274	123.67
275	123.85
276	123.93
277	124.1
278	124.31
279	124.44
280	124.57
281	124.65
282	124.73
283	124.87
284	125.03
285	125.15
286	125.25
287	125.41
288	125.63
289	125.65
290	125.89
291	125.93
292	126.19
293	126.27
294	126.39
295	126.46
296	126.64
297	126.78
298	126.9
299	126.9
300	127.03
301	127.18
302	127.27
303	127.38
304	127.44
305	127.67
306	127.82
307	127.91
308	127.95
309	128.24
310	128.33
311	128.4
312	128.48
313	128.5
314	128.74
315	128.76
316	128.98
317	129.07
318	129.15
319	129.36
320	129.36
321	129.53
322	129.51
323	129.71
324	129.79
325	129.92
326	130.03
327	130.15
328	130.29
329	130.34
330	130.49
331	130.52
332	130.55
333	130.8
334	130.91
335	131.0
336	131.09
337	131.27
338	131.38
339	131.34
340	131.55
341	131.58
342	131.69
343	131.9
344	132.02
345	132.03
346	132.13
347	132.19
348	132.37
349	132.37
350	132.55
351	132.61
352	132.72
353	132.77
354	132.88
355	132.96
356	133.06
357	133.15
358	133.28
359	133.38
360	133.57
361	133.5
362	133.69
363	133.81
364	133.9
365	133.91
366	134.02
367	134.05
368	134.2
369	134.39
370	134.44
371	134.47
372	134.56
373	134.64
374	134.82
375	134.89
376	134.97
377	135.05
378	135.1
379	135.06
380	135.07
381	135.32
382	135.68
383	135.47
384	135.61
385	135.69
386	135.8
387	135.95
388	135.98
389	136.1
390	136.16
391	136.2
392	136.28
393	136.33
394	136.41
395	136.5
396	136.51
397	136.59
398	136.66
399	136.76
400	136.85
401	136.85
402	136.94
403	137.09
404	137.12
405	137.31
406	137.28
407	137.38
408	137.45
409	137.53
410	137.66
411	137.71
412	137.8
413	137.88
414	137.89
415	138.02
416	138.03
417	138.13
418	138.24
419	138.3
420	138.4
421	138.46
422	138.54
423	138.82
424	138.7
425	138.83
426	138.78
427	138.87
428	138.91
429	139.11
430	139.05
431	139.18
432	139.26
433	139.34
434	139.35
435	139.43
436	139.63
437	139.63
438	139.72
439	139.71
440	139.91
441	139.92
442	139.87
443	139.99
444	140.06
445	140.14
446	140.35
447	140.26
448	140.36
449	140.38
450	140.62
451	140.69
452	140.7
453	140.77
454	140.74
455	140.81
456	140.98
457	140.99
458	141.03
459	141.1
460	141.26
461	141.29
462	141.36
463	141.42
464	141.52
465	141.57
466	141.65
467	141.67
468	141.71
469	141.84
470	141.76
471	141.83
472	141.98
473	142.15
474	142.14
475	142.2
476	142.24
477	142.34
478	142.27
479	142.31
480	142.44
481	142.41
482	142.6
483	142.66
484	142.67
485	142.88
486	142.9
487	142.95
488	142.88
489	143.03
490	143.06
491	143.15
492	143.2
493	143.17
494	143.34
495	143.36
496	143.38
497	143.55
498	143.47
499	143.6
500	143.91
501	143.74
502	143.76
503	143.84
504	143.91
505	144.02
506	144.08
507	143.98
508	144.17
509	144.17
510	144.2
511	144.32
512	144.32
513	144.41
514	144.44
515	144.51
516	144.56
517	144.65
518	144.65
519	144.8
520	144.72
521	144.78
522	144.9
523	144.91
524	144.96
525	145.02
526	145.09
527	145.11
528	145.25
529	145.34
530	145.36
531	145.32
532	145.43
533	145.45
534	145.55
535	145.6
536	145.62
537	145.73
538	145.75
539	145.86
540	145.85
541	145.9
542	145.89
543	145.94
544	146.11
545	146.14
546	146.19
547	146.25
548	146.3
549	146.39
550	146.39
551	146.43
552	146.49
553	146.49
554	146.59
555	146.74
556	146.67
557	146.65
558	146.73
559	146.95
560	146.94
561	146.97
562	146.98
563	147.1
564	147.16
565	147.12
566	147.19
567	147.25
568	147.24
569	147.28
570	147.37
571	147.44
572	147.51
573	147.54
574	147.61
575	147.7
576	147.74
577	147.71
578	147.77
579	147.8
580	147.87
581	147.95
582	147.96
583	148.12
584	148.11
585	148.17
586	148.19
587	148.25
588	148.24
589	148.3
590	148.39
591	148.37
592	148.53
593	148.67
594	148.49
595	148.54
596	148.63
597	148.69
598	148.73
599	148.81
600	148.85
601	148.83
602	148.8
603	148.94
604	148.97
605	149.06
606	149.04
607	149.16
608	149.14
609	149.34
610	149.22
611	149.32
612	149.3
613	149.42
614	149.44
615	149.5
616	149.52
617	149.64
618	149.63
619	149.72
620	149.74
621	149.84
622	149.83
623	149.75
624	149.83
625	149.93
626	150.1
627	150.14
628	150.04
629	150.14
630	150.21
631	150.26
632	150.25
633	150.29
634	150.35
635	150.41
636	150.36
637	150.43
638	150.47
639	150.51
640	150.54
641	150.65
642	150.69
643	150.67
644	150.74
645	150.7
646	150.74
647	150.94
648	150.98
649	150.95
650	151.02
651	151.05
652	151.09
653	151.2
654	151.25
655	151.26
656	151.3
657	151.25
658	151.42
659	151.37
660	151.41
661	151.62
662	151.45
663	151.55
664	151.61
665	151.71
666	151.8
667	151.72
668	151.79
669	151.72
670	151.97
671	152.0
672	152.03
673	151.87
674	152.01
675	152.01
676	152.09
677	152.09
678	152.16
679	152.18
680	152.2
681	152.25
682	152.21
683	152.29
684	152.33
685	152.43
686	152.43
687	152.4
688	152.33
689	152.53
690	152.48
691	152.64
692	152.57
693	152.72
694	152.72
695	152.75
696	152.77
697	152.83
698	152.83
699	152.94
700	152.87
701	152.94
702	153.0
703	153.09
704	153.09
705	153.16
706	153.09
707	153.13
708	153.23
709	153.25
710	153.32
711	153.35
712	153.44
713	153.45
714	153.57
715	153.61
716	153.65
717	153.48
718	153.59
719	153.64
720	153.7
721	153.75
722	153.73
723	153.84
724	153.9
725	153.95
726	153.88
727	153.9
728	153.98
729	154.1
730	154.2
731	154.21
732	154.22
733	154.16
734	154.13
735	154.25
736	154.28
737	154.36
738	154.41
739	154.4
740	154.47
741	154.44
742	154.55
743	154.5
744	154.58
745	154.62
746	155.01
747	154.64
748	154.79
749	154.76
750	154.89
751	154.96
752	154.84
753	154.91
754	155.01
755	155.0
756	154.99
757	155.06
758	155.18
759	155.08
760	155.18
761	155.22
762	155.23
763	155.24
764	155.34
765	155.32
766	155.35
767	155.3
768	155.33
769	155.47
770	155.55
771	155.44
772	155.67
773	155.59
774	155.5
775	155.66
776	155.64
777	155.74
778	155.83
779	155.84
780	155.89
781	156.01
782	155.92
783	155.97
784	155.98
785	156.05
786	156.14
787	156.02
788	156.19
789	156.18
790	156.2
791	156.32
792	156.22
793	156.32
794	156.35
795	156.43
796	156.47
797	156.39
798	156.51
799	156.52
800	156.53
801	156.52
802	156.63
803	156.66
804	156.7
805	156.83
806	156.82
807	156.85
808	156.79
809	156.89
810	156.9
811	156.94
812	156.93
813	156.97
814	157.06
815	157.05
816	157.04
817	157.15
818	157.15
819	157.24
820	157.19
821	157.16
822	157.32
823	157.28
824	157.43
825	157.45
826	157.39
827	157.43
828	157.53
829	157.46
830	157.63
831	157.66
832	157.61
833	157.62
834	157.67
835	157.73
836	157.71
837	157.9
838	157.75
839	157.84
840	157.97
841	157.97
842	157.84
843	157.89
844	157.93
845	158.15
846	158.08
847	158.18
848	158.19
849	158.15
850	158.2
851	158.29
852	158.2
853	158.35
854	158.29
855	158.35
856	158.41
857	158.33
858	158.42
859	158.46
860	158.49
861	158.42
862	158.54
863	158.62
864	158.68
865	158.69
866	158.8
867	158.8
868	158.91
869	158.68
870	158.87
871	158.94
872	158.99
873	159.01
874	158.93
875	159.11
876	159.03
877	159.11
878	159.16
879	159.17
880	159.13
881	159.19
882	159.11
883	159.29
884	159.31
885	159.37
886	159.4
887	159.42
888	159.45
889	159.45
890	159.55
891	159.58
892	159.61
893	159.51
894	159.57
895	159.62
896	159.65
897	159.7
898	159.73
899	159.67
900	159.84
901	159.85
902	159.89
903	159.91
904	160.01
905	160.05
906	160.02
907	159.97
908	160.03
909	160.05
910	160.13
911	160.14
912	160.1
913	160.2
914	160.18
915	160.19
916	160.19
917	160.29
918	160.28
919	160.31
920	160.33
921	160.4
922	160.44
923	160.42
924	160.45
925	160.51
926	160.59
927	160.58
928	160.67
929	160.64
930	160.62
931	160.67
932	160.68
933	160.81
934	160.87
935	160.85
936	160.84
937	160.9
938	160.94
939	160.92
940	161.03
941	161.01
942	161.04
943	161.05
944	161.06
945	161.17
946	161.09
947	161.2
948	161.17
949	161.4
950	161.33
951	161.23
952	161.25
953	161.38
954	161.41
955	161.44
956	161.43
957	161.51
958	161.43
959	161.55
960	161.6
961	161.61
962	161.67
963	161.53
964	161.68
965	161.67
966	161.7
967	161.76
968	161.84
969	161.76
970	161.75
971	161.87
972	161.98
973	161.98
974	161.95
975	162.01
976	162.12
977	162.03
978	162.11
979	162.12
980	162.13
981	162.17
982	162.11
983	162.24
984	162.22
985	162.23
986	162.19
987	162.33
988	162.3
989	162.38
990	162.33
991	162.38
992	162.39
993	162.41
994	162.49
995	162.6
996	162.63
997	162.55
998	162.73
999	162.65
1000	162.7
1001	162.7
1002	162.83
1003	162.77
1004	162.79
1005	162.8
1006	162.92
1007	162.98
1008	162.82
1009	162.93
1010	162.95
1011	163.0
1012	162.92
1013	162.99
1014	163.11
1015	163.0
1016	163.16
1017	163.14
1018	163.14
1019	163.17
1020	163.27
1021	163.06
1022	163.27
1023	163.21
1024	163.37
1025	163.29
1026	163.43
1027	163.31
1028	163.34
1029	163.45
1030	163.49
1031	163.44
1032	163.43
1033	163.48
1034	163.57
1035	163.59
1036	163.57
1037	163.6
1038	163.63
1039	163.61
1040	163.63
1041	163.73
1042	163.74
1043	163.76
1044	163.77
1045	163.77
1046	163.9
1047	163.83
1048	163.87
1049	163.84
1050	164.05
1051	164.08
1052	164.01
1053	164.02
1054	164.08
1055	164.05
1056	164.08
1057	164.12
1058	164.15
1059	164.18
1060	164.22
1061	164.2
1062	164.25
1063	164.25
1064	164.27
1065	164.32
1066	164.33
1067	164.36
1068	164.3
1069	164.48
1070	164.4
1071	164.46
1072	164.47
1073	164.46
1074	164.48
1075	164.58
1076	164.6
1077	164.62
1078	164.58
1079	164.6
1080	164.62
1081	164.63
1082	164.71
1083	164.76
1084	164.78
1085	164.81
1086	164.82
1087	164.83
1088	164.84
1089	164.98
1090	164.84
1091	164.9
1092	164.99
1093	164.95
1094	165.04
1095	165.12
1096	165.14
1097	165.1
1098	165.14
1099	165.15
1100	165.23
1101	165.24
1102	165.19
1103	165.34
1104	165.24
1105	165.27
1106	165.36
1107	165.28
1108	165.33
1109	165.32
1110	165.38
1111	165.47
1112	165.49
1113	165.47
1114	165.51
1115	165.47
1116	165.55
1117	165.59
1118	165.72
1119	165.62
1120	165.64
1121	165.61
1122	165.74
1123	165.69
1124	165.72
1125	165.76
1126	165.8
1127	165.76
1128	165.78
1129	165.79
1130	165.9
1131	165.84
1132	165.9
1133	165.85
1134	165.96
1135	166.06
1136	165.98
1137	165.99
1138	166.05
1139	166.06
1140	166.12
1141	166.18
1142	166.2
1143	166.11
1144	166.09
1145	166.25
1146	166.25
1147	166.27
1148	166.24
