39.06
39.05
39.03
39.0
38.99
38.97
38.95
38.7
38.66
38.65
38.73
38.75
38.66
38.68
38.66
38.71
38.74
38.79
38.83
38.85
38.99
39.04
39.13
39.23
39.25
39.3
39.41
39.47
39.5
39.62
39.97
40.07
39.75
39.87
39.98
40.26
40.32
40.24
40.29
40.38
40.52
40.48
40.56
40.84
40.91
40.88
41.04
41.18
41.35
41.34
41.4
41.75
41.75
41.83
42.05
42.13
42.01
42.16
42.25
42.32
42.55
42.65
42.83
43.01
43.1
43.29
43.32
43.41
43.43
43.52
43.91
44.09
43.96
44.05
44.14
44.33
44.47
44.56
45.13
45.21
44.79
45.11
45.2
45.36
45.54
45.59
45.69
45.79
45.88
46.06
46.24
46.47
46.57
46.67
46.78
46.98
47.18
47.09
47.2
47.24
47.34
47.59
47.77
47.89
47.97
48.17
48.26
48.29
48.5
48.61
48.72
48.93
49.03
49.01
49.21
49.49
49.67
49.88
49.68
49.78
50.13
50.23
50.3
50.52
50.6
50.8
51.04
51.15
51.59
51.69
51.47
51.67
51.71
51.8
51.98
52.08
52.1
52.41
52.5
52.54
52.74
52.99
53.21
53.13
53.23
53.44
53.55
53.63
53.85
53.96
54.16
54.36
54.46
54.42
54.83
54.92
55.4
55.5
55.29
55.49
55.66
55.86
55.74
55.85
56.06
56.14
56.41
56.6
56.54
56.73
56.79
56.89
57.08
57.22
57.3
57.55
57.65
57.84
57.93
58.03
58.23
58.3
58.39
58.74
58.83
58.9
59.01
59.13
59.34
59.44
59.49
59.7
59.94
60.03
60.05
60.15
60.35
60.43
60.59
60.77
60.98
61.07
61.23
61.35
61.31
61.47
61.48
61.57
61.73
61.79
61.87
62.25
62.33
62.56
62.66
62.75
62.9
63.0
63.08
63.17
63.25
63.46
63.55
63.8
63.99
63.88
64.05
64.21
64.29
64.47
64.54
64.65
64.84
64.91
65.01
65.17
65.37
65.45
65.54
65.62
65.92
66.01
66.09
66.25
66.17
66.02
66.2
66.4
66.57
66.66
66.72
67.1
67.19
67.05
67.22
67.42
67.51
67.67
67.77
67.78
67.94
68.11
68.28
68.36
68.36
68.53
68.6
68.68
68.76
68.83
68.91
69.06
69.17
69.35
69.46
69.55
69.75
69.82
70.11
70.27
70.21
70.25
70.4
70.54
70.69
71.09
71.18
70.91
70.98
71.13
71.29
71.4
71.46
71.55
71.61
71.71
71.79
71.98
72.13
72.36
72.17
72.32
72.57
72.71
72.61
72.69
72.74
72.8
72.95
73.08
73.36
73.43
73.37
73.44
73.72
73.78
73.87
74.01
74.08
74.36
74.5
74.3
74.45
74.37
74.45
74.81
74.88
75.14
75.28
75.11
75.17
75.31
75.37
75.47
75.62
75.68
76.04
76.11
75.96
76.09
76.07
76.14
76.33
76.42
76.54
76.66
76.74
76.8
76.93
77.0
77.19
77.26
77.25
77.39
77.4
77.56
77.69
77.56
77.62
77.98
78.04
78.05
78.12
78.22
78.34
78.32
78.4
78.62
78.69
78.81
78.87
78.89
79.0
79.05
79.19
79.31
79.51
79.56
79.7
79.75
79.55
79.68
79.92
79.97
80.13
80.2
80.1
80.22
80.28
80.4
80.6
80.66
80.77
80.72
80.78
80.98
81.05
81.31
81.43
81.22
81.29
81.25
81.31
81.62
81.67
81.7
81.8
81.75
81.82
82.36
82.4
82.47
82.59
82.63
82.51
82.56
82.54
82.65
82.71
82.76
82.87
82.91
83.2
83.26
83.11
83.22
83.26
83.32
83.49
83.54
83.54
83.52
83.59
83.94
83.99
84.0
84.1
84.33
84.38
84.28
84.33
84.5
84.56
84.48
84.6
84.83
84.89
84.87
84.91
84.97
85.06
85.12
85.32
85.36
85.29
85.4
85.52
85.56
85.74
85.8
85.94
86.03
86.07
86.18
86.23
86.51
86.6
86.32
86.37
86.47
86.53
86.72
86.81
86.87
86.97
86.86
86.92
86.89
86.94
87.11
87.21
87.22
87.27
87.52
87.58
87.43
87.52
87.44
87.69
87.81
88.15
88.21
87.94
87.98
88.21
88.32
88.15
88.25
88.73
88.77
88.65
88.69
88.5
88.6
88.61
88.65
88.85
88.9
89.16
89.23
89.28
89.42
89.48
89.47
89.56
89.27
89.32
89.52
89.57
89.66
89.7
89.76
89.84
89.8
89.82
90.14
90.18
90.22
90.18
90.23
90.53
90.6
90.59
90.68
90.72
90.76
90.57
90.62
90.54
90.62
90.67
90.71
90.8
90.84
91.28
91.3
91.31
91.32
91.36
91.54
91.62
91.39
91.48
91.74
91.77
91.65
91.68
92.05
92.15
92.19
92.25
91.91
91.94
92.42
92.44
92.49
92.45
92.5
92.72
92.79
92.57
92.6
92.5
92.54
92.65
92.74
93.0
93.04
93.12
93.16
93.22
93.27
93.22
93.3
93.25
93.29
93.38
93.39
93.42
93.46
93.5
93.42
93.49
93.72
93.75
93.76
93.79
93.86
93.91
93.94
94.01
94.19
94.22
94.36
94.39
94.3
94.44
94.49
94.51
94.54
94.91
94.96
94.71
94.74
94.98
95.02
94.75
94.83
95.25
95.28
95.24
95.28
95.53
95.55
95.37
95.34
95.39
95.59
95.64
95.53
95.57
95.69
95.71
95.77
95.82
95.68
95.75
96.04
96.08
95.97
96.01
96.04
96.12
96.15
96.33
96.38
96.5
96.55
96.41
96.47
96.57
96.59
96.65
96.71
96.76
96.79
96.83
96.86
96.8
96.87
96.89
96.96
96.93
96.98
97.14
97.12
97.17
97.37
97.4
97.29
97.37
97.44
97.49
97.62
97.65
97.95
97.97
97.64
97.71
97.83
97.86
98.07
98.11
97.94
98.0
98.06
98.13
98.17
98.17
98.24
98.35
98.38
98.37
98.39
98.4
98.46
98.51
98.54
98.82
98.84
98.75
98.77
98.75
98.8
98.85
98.89
98.93
98.95
98.97
99.1
99.15
99.61
99.64
99.34
99.39
99.45
99.45
99.52
99.54
99.53
99.56
99.55
99.64
99.67
99.74
99.81
99.91
99.95
100.11
100.13
100.04
100.07
100.29
100.34
100.25
100.27
100.26
100.29
100.33
100.4
100.43
100.47
100.49
100.62
100.68
100.66
100.71
100.68
100.71
100.66
100.69
100.77
100.79
101.14
101.15
101.01
101.06
101.28
101.35
101.11
101.13
101.37
101.19
101.23
101.27
101.3
101.5
101.54
101.77
101.8
101.51
101.54
101.63
101.68
101.55
101.62
101.78
101.81
101.72
101.75
101.87
101.92
102.07
102.08
102.12
102.17
102.2
102.02
102.03
102.14
102.16
102.45
102.49
102.38
102.4
102.45
102.48
102.45
102.49
102.58
102.63
102.69
102.74
102.77
102.8
102.83
102.76
102.78
102.88
102.9
103.22
103.25
103.38
103.39
103.17
103.2
103.21
103.25
103.6
103.5
103.54
103.22
103.27
103.49
103.52
103.55
103.57
103.53
103.58
103.8
103.84
103.72
103.74
103.73
103.76
104.1
104.16
103.87
103.91
103.97
104.04
104.07
103.92
103.94
104.15
104.19
104.3
104.34
104.22
104.26
104.58
104.61
104.45
104.51
104.49
104.53
104.58
104.6
104.65
104.71
104.72
104.94
104.98
104.98
105.04
104.91
104.95
104.81
104.83
104.98
104.99
104.87
104.93
105.07
105.1
105.13
105.2
105.24
105.27
105.31
105.23
105.27
105.2
105.21
105.36
105.37
105.65
105.65
105.67
105.71
105.73
105.76
105.71
105.74
105.62
105.67
105.67
105.7
105.75
105.72
105.74
106.05
106.09
106.06
106.1
106.06
106.11
106.12
106.14
106.17
106.21
106.11
106.15
106.27
106.31
106.33
106.37
106.46
106.48
106.37
106.4
106.41
106.43
106.48
106.56
106.6
106.7
106.72
106.61
106.64
106.59
106.63
106.92
106.95
106.87
106.9
106.79
106.83
106.9
106.96
106.97
107.01
107.04
107.21
107.24
107.13
107.17
107.41
107.45
107.19
107.23
107.24
107.24
107.43
107.45
107.48
107.52
107.48
107.54
107.6
107.49
107.5
107.61
107.64
107.77
107.81
107.78
107.81
107.82
107.84
107.95
107.98
107.84
107.88
107.84
107.86
108.13
108.16
107.95
108.07
108.08
108.05
108.09
108.04
108.07
108.39
108.41
108.23
108.25
108.74
108.77
108.27
108.29
108.37
108.39
108.56
108.56
108.45
108.58
108.6
108.89
108.94
108.74
108.75
108.79
108.81
108.85
108.86
108.9
108.95
108.66
108.69
108.89
108.91
108.94
108.97
108.94
109.07
109.08
109.04
109.09
109.03
109.06
109.18
109.18
109.13
109.16
109.54
109.56
109.43
109.45
109.32
109.36
109.58
109.6
109.63
109.65
109.69
109.39
109.4
109.63
109.64
109.65
109.69
109.73
109.77
109.9
109.93
109.89
109.9
109.75
109.8
110.18
110.23
110.24
109.89
109.92
110.15
110.18
110.1
110.12
110.16
110.19
110.28
110.31
110.19
110.23
110.27
110.3
110.4
110.45
110.37
110.64
110.69
110.4
110.41
110.48
110.48
110.5
110.54
110.64
110.66
110.62
110.65
110.84
110.88
110.64
110.65
110.69
110.7
110.72
110.74
110.85
110.88
110.82
110.83
110.87
110.89
110.91
111.15
111.17
111.3
111.33
111.19
111.19
111.22
111.25
111.07
111.11
111.42
111.47
111.38
111.38
111.52
111.52
111.36
111.4
111.8
111.79
111.29
111.3
111.81
111.51
111.53
111.74
111.75
111.66
111.68
111.7
111.72
111.75
111.77
111.78
111.82
111.73
111.76
111.77
111.78
111.9
112.1
112.12
111.97
111.98
112.0
112.03
112.09
112.13
112.04
112.08
112.12
112.12
112.27
112.31
112.15
112.15
112.19
112.2
112.2
112.22
112.33
112.41
112.42
112.4
112.42
112.44
112.45
112.54
112.54
112.39
112.41
112.45
112.46
112.49
112.49
112.56
112.58
113.03
113.04
113.08
112.76
112.76
112.79
112.82
112.8
112.82
112.84
112.85
112.84
112.87
113.02
113.05
112.99
113.02
112.93
112.93
113.21
113.06
113.08
113.08
113.11
113.15
113.18
113.2
113.21
113.24
113.25
113.3
113.32
113.39
113.39
113.43
113.44
113.46
113.48
113.46
113.34
113.34
113.6
113.62
113.41
113.42
113.71
113.73
113.62
113.66
113.66
113.67
113.9
113.92
113.96
113.98
113.94
113.97
113.78
113.8
113.73
113.74
113.84
113.98
114.0
114.06
114.08
114.2
114.21
113.99
114.0
114.02
114.06
114.07
114.1
114.11
114.12
114.29
114.32
114.24
114.27
114.22
114.24
114.35
114.36
114.38
114.4
114.41
114.43
114.45
114.57
114.61
114.48
114.49
114.48
114.48
114.67
114.68
114.71
114.72
115.09
115.08
114.75
114.81
114.83
114.85
114.87
114.94
114.96
114.77
114.81
114.96
114.98
114.92
114.92
114.88
114.9
115.35
115.36
115.07
115.09
115.23
115.28
115.07
115.17
115.2
115.39
115.42
115.23
115.24
115.22
115.23
115.32
115.35
115.24
115.27
115.28
115.29
115.32
115.33
115.54
115.56
115.57
115.35
115.36
115.56
115.57
115.5
115.51
115.46
115.47
115.65
115.68
115.76
115.77
115.79
115.78
115.78
115.79
115.7
115.73
115.63
115.63
115.94
115.84
115.84
115.87
115.9
115.9
115.93
115.82
115.82
116.22
116.23
116.0
116.04
116.16
116.19
115.99
116.0
116.03
116.05
116.14
116.2
116.21
116.06
116.09
116.17
116.2
116.23
116.24
116.29
116.33
116.3
116.32
116.39
116.43
116.39
116.4
116.41
116.43
116.39
116.39
116.43
116.68
116.7
116.7
116.72
116.55
116.57
116.72
116.73
116.5
116.53
116.8
116.79
116.74
116.77
116.86
116.89
116.66
116.69
116.92
116.91
116.91
117.0
117.01
117.03
117.04
116.82
116.82
116.94
116.95
117.04
117.07
117.03
117.06
117.09
117.08
116.95
116.96
117.26
117.28
117.18
117.18
117.31
117.16
117.19
117.3
117.31
117.32
117.36
117.38
117.39
117.29
117.3
117.38
117.39
117.42
117.42
117.44
117.46
117.48
117.71
117.73
117.37
117.4
117.42
117.43
117.53
117.54
117.44
117.48
117.67
117.67
117.83
117.83
117.84
117.87
117.71
117.73
117.58
117.58
117.83
117.98
118.0
117.75
117.74
117.77
117.8
117.81
117.83
117.84
117.86
118.04
118.05
118.04
118.06
118.06
118.07
118.1
118.31
118.32
118.46
118.46
118.49
118.5
118.51
118.54
118.23
118.27
118.3
118.31
118.34
118.34
118.25
118.28
118.46
118.43
118.45
118.45
118.48
118.49
118.51
118.4
118.4
118.59
118.63
118.55
118.57
118.56
118.57
118.66
118.67
118.7
118.52
118.53
118.58
118.59
118.63
118.67
118.68
118.67
118.89
118.9
118.81
118.82
118.8
118.83
118.87
118.88
118.94
118.96
118.95
118.88
118.9
119.11
119.12
119.02
119.04
119.07
119.07
119.27
119.28
119.17
119.19
119.1
119.11
119.45
119.51
119.55
119.47
119.49
119.25
119.25
119.21
119.24
119.6
119.63
119.38
119.38
119.35
119.35
119.36
119.4
119.4
119.41
119.64
119.65
119.5
119.51
119.55
119.57
119.61
119.45
119.46
119.49
119.49
119.65
119.67
119.51
119.54
119.58
119.6
119.77
119.77
119.92
119.94
119.92
119.9
119.93
119.94
119.97
119.92
119.95
119.86
119.87
119.85
119.86
120.15
120.17
119.96
119.96
119.96
119.97
119.94
119.95
120.4
120.41
120.41
120.44
120.44
120.47
120.25
120.26
120.26
120.25
120.27
120.2
120.21
120.2
120.21
120.23
120.25
120.26
120.27
120.58
120.58
120.4
120.41
120.31
120.31
120.4
120.4
120.7
120.35
120.38
120.42
120.44
120.47
120.48
120.48
120.5
120.46
120.5
120.54
120.54
120.56
120.59
120.59
120.6
120.62
120.63
120.72
120.75
120.76
120.79
120.79
120.64
120.66
120.75
120.75
120.78
120.79
120.81
120.83
120.87
120.88
120.77
120.77
120.8
121.05
121.05
121.0
121.02
120.9
120.92
121.12
121.12
120.95
120.98
121.18
121.18
121.18
121.22
121.22
121.24
121.13
121.14
121.19
121.21
121.22
121.24
121.25
121.26
121.27
121.29
121.32
121.35
121.35
121.36
121.38
121.24
121.26
121.44
121.47
121.49
121.5
121.38
121.53
121.53
121.46
121.46
121.43
121.45
121.47
121.47
121.49
121.51
121.51
121.54
121.64
121.64
121.7
121.7
121.92
121.94
121.61
121.65
121.71
121.74
121.78
121.71
121.72
121.79
121.79
121.8
121.82
121.83
121.85
121.71
121.73
122.02
122.05
122.19
122.21
121.91
121.91
121.84
121.87
121.99
121.98
122.01
122.21
122.23
122.24
122.26
122.26
122.27
122.2
122.2
122.18
122.18
122.19
122.22
122.24
122.24
122.15
122.55
122.58
122.18
122.19
122.14
122.16
122.21
122.22
122.36
122.34
122.44
122.46
122.43
122.45
122.38
122.38
122.46
122.47
122.48
122.47
122.43
122.58
122.58
122.64
122.64
122.63
122.67
122.66
122.69
122.59
122.59
122.64
122.67
122.68
122.68
122.73
123.0
123.03
122.62
122.62
122.84
122.85
122.94
122.96
122.8
122.79
122.82
122.82
122.85
122.85
123.05
123.07
122.93
122.95
123.13
123.13
122.94
123.06
123.07
123.08
123.09
122.89
122.89
123.13
123.16
123.16
123.17
123.14
123.15
123.09
123.1
122.98
123.0
123.26
123.04
123.05
123.13
123.13
123.32
123.33
123.36
123.38
123.41
123.42
123.44
123.44
123.45
123.47
123.46
123.47
123.18
123.19
123.23
123.49
123.5
123.45
123.45
123.46
123.47
123.58
123.58
123.76
123.77
123.5
123.51
123.75
123.76
123.72
123.73
123.56
123.6
123.61
123.64
123.65
123.73
123.74
123.8
123.83
123.79
123.81
123.82
123.83
123.83
123.85
123.79
123.82
123.62
123.62
123.64
123.65
123.66
123.84
123.86
123.71
123.72
123.9
123.93
123.97
123.98
123.89
123.92
123.93
123.95
124.07
124.09
123.88
123.9
123.91
124.09
124.1
124.02
124.03
124.15
124.17
124.12
124.13
124.2
124.21
124.11
124.14
124.15
124.17
124.17
124.19
124.2
124.2
124.18
124.44
124.45
124.29
124.28
124.23
124.24
124.35
124.36
124.5
124.51
124.34
124.36
124.49
124.49
124.36
124.37
124.39
124.39
124.4
124.44
124.45
124.49
124.49
124.57
124.58
124.55
124.57
124.69
124.7
124.5
124.52
124.55
124.57
124.61
124.62
124.63
124.98
124.99
124.89
124.88
124.98
125.0
124.79
124.81
124.89
124.89
124.66
124.67
124.69
124.7
124.7
124.72
124.99
124.98
124.81
124.83
124.83
124.84
124.85
124.98
125.0
125.07
125.08
125.24
125.25
125.0
125.0
125.08
125.09
125.1
125.11
125.12
124.9
124.92
125.21
125.21
125.23
125.24
125.14
125.15
125.34
125.34
125.29
125.3
125.51
125.52
125.17
125.19
125.32
125.32
125.34
125.37
125.37
125.55
125.56
125.25
125.26
125.43
125.44
125.64
125.65
125.35
125.36
125.37
125.39
125.49
125.5
125.43
125.44
125.52
125.54
125.54
125.57
125.8
125.8
125.67
125.55
125.56
125.53
125.56
125.55
125.57
125.59
125.59
125.6
125.62
125.59
125.61
125.9
125.92
125.89
125.89
125.8
125.81
125.82
125.79
125.81
125.89
125.92
125.75
125.77
125.77
125.78
126.08
126.09
125.97
126.0
126.04
126.05
125.88
125.94
125.94
125.91
125.92
125.96
125.96
125.91
125.93
125.94
125.94
125.96
125.97
126.19
126.19
126.24
126.27
126.26
126.26
126.28
126.21
126.22
126.51
126.51
126.53
126.54
126.21
126.23
126.42
126.43
126.16
126.17
126.17
126.19
126.28
126.28
126.38
126.38
126.36
126.37
126.43
126.4
126.42
126.57
126.58
126.65
126.65
126.42
126.44
126.45
126.46
126.14
126.15
126.54
126.54
126.51
126.52
126.43
126.44
126.54
126.55
126.56
126.56
126.57
126.56
126.56
126.83
126.85
126.87
126.87
126.89
126.89
126.72
126.73
126.85
126.86
126.77
126.77
127.15
127.17
126.85
126.86
126.78
126.73
126.76
126.87
126.86
126.88
126.88
127.1
127.12
126.98
127.0
126.88
126.92
126.92
126.93
127.07
127.07
126.99
127.01
127.02
127.31
127.33
126.97
126.98
127.3
127.32
127.34
127.34
127.09
127.1
127.27
127.28
127.33
127.34
127.23
127.23
127.19
127.19
127.16
127.17
127.21
127.22
127.23
127.25
127.24
127.3
127.31
127.32
127.34
127.56
127.57
127.5
127.51
127.34
127.35
127.51
127.51
127.31
127.33
127.44
127.46
127.65
127.26
127.27
127.5
127.53
127.53
127.54
127.47
127.49
127.4
127.42
127.76
127.78
127.85
127.86
127.7
127.71
127.61
127.69
127.7
127.8
127.8
127.41
127.42
127.57
127.58
127.7
127.7
127.75
127.76
127.67
127.68
127.77
127.78
127.78
127.8
127.8
127.98
127.98
127.76
127.77
127.81
127.82
127.88
127.87
127.88
127.89
127.9
127.89
128.06
128.05
127.94
127.97
128.08
128.09
127.91
127.91
128.15
128.15
128.17
128.18
128.18
127.9
127.92
128.34
128.35
128.21
128.23
128.14
128.16
128.15
128.19
128.18
128.19
128.19
128.21
128.36
128.39
128.4
128.46
128.47
128.44
128.47
128.55
128.56
128.41
128.43
128.48
128.53
128.55
128.61
128.76
128.8
128.93
128.97
128.89
128.94
128.98
128.99
129.05
129.5
129.57
129.11
129.15
129.07
129.11
129.24
129.29
129.3
129.34
129.58
129.61
129.74
129.8
129.4
129.73
129.77
129.65
129.71
129.78
129.81
129.77
129.82
130.06
130.12
130.42
130.44
130.22
130.25
130.43
130.44
130.34
130.39
130.53
130.43
130.5
130.51
130.55
130.68
130.73
130.95
131.03
130.78
130.87
130.93
130.97
131.0
131.03
131.14
131.2
131.27
131.29
131.32
131.36
131.31
131.46
131.5
131.53
131.59
131.61
131.69
131.99
132.02
131.96
132.0
131.74
131.81
132.02
132.03
132.19
132.23
132.28
132.31
132.52
132.25
132.29
132.68
132.75
132.77
132.8
132.86
132.91
132.94
133.01
132.82
132.91
132.84
132.88
132.94
132.98
133.14
133.2
133.22
133.25
133.29
133.39
133.43
133.41
133.45
133.48
133.53
133.55
133.61
133.73
133.75
133.99
134.03
133.9
133.97
134.0
134.04
134.23
134.28
134.3
134.36
134.31
134.22
134.26
134.35
134.4
134.52
134.56
134.6
134.64
134.76
134.83
134.85
134.88
134.89
134.92
135.06
135.1
135.08
135.15
135.18
135.2
135.28
135.24
135.31
135.34
135.37
135.45
135.5
135.51
135.57
135.6
135.68
136.04
136.07
136.13
136.17
136.05
136.1
136.11
136.31
136.33
136.11
136.17
136.43
136.46
136.81
136.84
136.88
136.94
136.98
137.05
136.74
136.77
136.78
136.81
136.84
136.97
137.0
136.85
136.89
136.91
136.96
136.9
136.93
137.13
137.16
137.09
137.12
137.14
137.2
137.24
137.44
137.5
137.42
137.45
137.52
137.55
137.62
137.64
137.76
137.82
137.96
137.98
137.9
137.93
137.97
138.0
138.18
138.24
138.34
138.3
138.37
138.62
138.65
138.73
138.76
138.22
138.28
138.47
138.54
138.56
138.6
138.65
138.68
138.54
138.59
138.86
138.92
138.96
138.96
139.02
139.04
139.07
139.25
139.29
139.19
139.25
139.34
139.37
139.43
139.44
139.32
139.35
139.42
139.47
139.74
139.75
139.82
139.85
139.91
139.88
139.9
140.07
140.09
140.0
140.05
140.07
140.1
140.09
140.13
140.07
140.1
140.28
140.33
140.32
140.35
140.4
140.62
140.63
140.66
140.7
140.49
140.55
141.04
141.07
140.78
140.79
140.75
140.78
141.14
141.16
140.88
140.89
141.05
141.07
141.0
141.06
141.19
141.21
141.37
141.39
141.41
141.47
141.51
141.47
141.49
141.6
141.66
141.52
141.53
141.77
141.8
141.83
141.88
141.91
141.93
141.98
142.01
141.98
142.04
142.04
142.07
142.12
142.32
142.37
142.22
142.26
142.3
142.32
142.35
142.4
142.38
142.43
142.33
142.36
142.56
142.59
143.03
143.09
142.47
142.69
142.74
142.85
142.87
142.75
142.78
142.8
142.84
143.26
143.31
143.08
143.12
143.09
143.12
143.1
143.15
143.15
143.18
143.36
143.38
143.43
143.48
143.45
143.44
143.48
143.55
143.57
143.37
143.4
143.77
143.82
143.74
143.77
143.74
143.78
143.78
143.84
143.94
143.98
143.82
143.83
143.96
143.98
143.98
144.03
144.38
144.4
144.44
144.47
144.51
144.34
144.36
144.66
144.68
144.69
144.74
144.76
144.78
144.55
144.58
144.52
144.57
144.69
144.71
144.66
144.7
144.58
144.62
144.64
144.67
144.7
144.73
144.75
144.8
144.81
144.83
144.88
144.88
144.9
145.22
145.25
145.2
145.24
145.26
145.29
145.26
145.28
145.22
145.26
145.28
145.33
145.56
145.58
145.36
145.38
145.45
145.48
145.61
145.5
145.54
145.58
145.61
145.79
145.81
145.64
145.68
146.03
146.04
145.8
145.82
146.14
146.16
146.03
146.05
146.09
146.1
146.15
146.16
146.01
146.16
146.18
146.34
146.38
146.2
146.22
146.36
146.38
146.55
146.56
146.77
146.8
146.59
146.61
146.61
146.63
146.61
146.64
146.69
146.71
146.82
146.84
146.75
146.79
147.12
147.14
147.18
147.2
147.21
146.93
146.93
146.93
146.96
146.96
146.99
147.01
147.04
147.56
147.57
147.23
147.27
147.2
147.22
147.55
147.56
147.25
147.29
147.48
147.33
147.37
147.41
147.42
147.48
147.48
147.43
147.47
147.62
147.65
147.73
147.75
147.64
147.65
147.88
147.93
147.94
147.95
147.67
147.7
147.77
147.81
148.13
148.14
148.05
147.93
147.96
147.99
148.0
148.04
148.05
148.09
148.13
148.05
148.05
148.23
148.25
148.24
148.28
148.44
148.47
148.29
148.31
148.55
148.59
148.61
148.46
148.48
148.5
148.54
148.47
148.49
148.53
148.54
148.55
148.58
148.75
148.79
148.58
148.58
148.79
148.8
148.67
148.7
148.91
148.84
148.87
149.06
149.09
148.84
148.86
149.01
149.03
148.92
148.94
149.23
149.25
149.03
149.05
149.15
149.17
149.23
149.25
149.28
149.3
149.32
149.33
149.34
149.5
149.51
149.42
149.46
149.45
149.46
149.4
149.41
149.47
149.52
149.64
149.66
149.45
149.46
149.81
149.82
149.77
149.69
149.72
149.73
149.76
149.82
149.83
149.73
149.74
149.75
149.78
149.88
149.91
149.88
149.92
149.94
149.94
149.97
149.99
150.11
150.24
150.25
150.34
150.37
150.18
150.19
150.33
150.35
150.36
150.4
150.41
150.44
150.58
150.59
150.46
150.48
150.7
150.53
150.54
150.56
150.59
150.49
150.49
150.57
150.59
150.49
150.54
150.55
150.57
150.71
150.74
150.9
150.92
150.87
150.89
150.96
150.99
150.97
151.3
151.31
150.97
150.99
150.93
150.95
151.08
151.12
151.01
151.02
151.15
151.14
151.22
151.25
151.14
151.16
151.15
151.17
151.38
151.39
151.42
151.44
151.45
151.44
151.48
151.41
151.43
151.57
151.59
151.61
151.62
151.48
151.5
151.57
151.59
151.69
151.7
151.56
151.58
151.54
151.57
152.06
152.07
152.09
152.1
152.12
151.67
151.69
151.69
151.7
151.88
151.9
151.87
151.88
152.04
152.05
151.78
151.8
151.83
151.84
151.98
151.99
152.02
152.02
152.04
152.24
152.25
152.09
152.12
152.21
152.23
152.06
152.08
152.34
152.36
152.07
152.08
152.32
152.33
152.64
152.65
152.27
152.33
152.33
152.28
152.3
152.46
152.48
152.37
152.38
152.52
152.53
152.36
152.36
152.54
152.54
152.45
152.47
152.35
152.37
152.6
152.62
152.8
152.63
152.64
152.74
152.76
152.79
152.82
152.57
152.58
152.72
152.73
152.8
152.81
152.83
152.84
152.87
152.88
152.86
152.88
152.95
152.96
152.98
152.99
153.01
152.97
152.99
152.92
152.93
153.18
153.19
153.46
153.49
153.15
153.16
153.11
153.12
153.34
153.35
153.38
153.25
153.25
153.35
153.36
153.24
153.26
153.61
153.61
153.39
153.4
153.36
153.38
153.38
153.39
153.42
153.43
153.48
153.51
153.51
153.51
153.89
153.73
153.75
153.73
153.74
153.68
153.7
153.67
153.7
153.82
153.84
153.71
153.7
153.73
153.73
153.83
153.86
153.72
153.84
153.84
154.06
154.09
154.02
154.04
154.15
154.16
153.95
153.99
153.92
153.94
153.88
153.89
153.96
153.98
154.06
154.09
154.49
154.5
154.53
154.06
154.07
154.11
154.12
154.33
154.36
154.38
154.4
154.24
154.24
154.26
154.28
154.42
154.42
154.46
154.47
154.55
154.56
154.62
154.64
154.43
154.66
154.68
154.5
154.51
154.79
154.79
154.7
154.73
154.62
154.64
154.66
154.67
154.7
154.71
154.84
154.85
154.64
154.65
155.09
155.12
154.75
154.76
154.95
154.95
155.15
155.17
154.9
154.94
155.01
155.06
155.09
155.1
155.1
154.96
154.96
155.07
155.08
154.92
154.92
155.05
155.08
155.03
155.05
155.05
155.06
155.08
155.09
155.09
154.96
154.98
155.32
155.32
155.21
155.23
155.19
155.22
155.11
155.13
155.36
155.37
155.41
155.44
155.5
155.52
155.23
155.25
155.46
155.49
155.31
155.32
155.56
155.63
155.63
155.7
155.7
155.58
155.6
155.45
155.48
155.57
155.57
155.59
155.58
155.53
155.54
155.57
155.6
155.61
155.61
155.62
155.75
155.76
155.76
155.76
155.96
155.97
155.9
155.91
155.85
155.85
156.0
156.01
155.92
155.94
155.9
155.93
155.98
156.1
156.11
156.09
156.09
156.26
156.27
156.12
156.11
156.09
156.12
156.03
156.03
156.05
156.06
156.39
156.43
156.61
156.23
156.23
156.43
156.46
156.38
156.4
156.27
156.27
156.44
156.45
156.36
156.37
156.45
156.46
156.4
156.4
156.21
156.22
156.49
156.36
156.38
156.64
156.65
156.64
156.66
156.42
156.44
156.59
156.62
156.63
156.64
156.75
156.76
156.54
156.56
156.68
156.69
156.69
156.71
156.69
157.02
157.02
156.86
156.88
156.79
156.81
156.87
156.87
156.82
156.8
156.96
156.98
157.05
157.05
156.88
156.89
156.98
157.0
157.01
157.1
157.12
157.05
157.07
157.23
157.23
157.05
157.04
156.97
156.98
156.99
157.0
157.0
157.01
157.35
157.37
157.23
157.24
157.26
157.27
157.28
157.57
157.58
157.28
157.29
157.4
157.41
157.37
157.38
157.27
157.28
157.27
157.27
157.39
157.41
157.35
157.48
157.48
157.45
157.47
157.51
157.52
157.52
157.53
157.55
157.56
157.92
157.93
157.53
157.55
157.57
157.58
157.59
157.62
157.62
157.88
157.9
157.9
157.92
157.65
157.67
157.85
157.85
157.75
157.75
158.03
158.04
157.99
157.99
158.02
158.03
157.99
157.94
157.95
158.1
158.11
158.03
158.05
158.1
158.11
158.25
158.27
158.27
158.29
158.29
158.3
158.13
158.16
158.19
158.02
158.03
158.6
158.6
158.3
158.31
158.4
158.43
158.2
158.22
158.45
158.47
158.33
158.34
158.28
158.29
158.25
158.27
158.28
158.26
158.29
158.44
158.45
158.36
158.37
158.38
158.4
158.36
158.37
158.5
158.51
158.52
158.54
158.55
158.56
158.58
158.59
158.5
158.5
158.53
158.53
158.53
158.5
158.53
158.66
158.68
158.62
158.64
158.65
158.65
158.66
158.68
158.71
158.73
158.84
158.91
158.93
158.78
158.78
158.64
158.65
158.84
158.85
158.86
158.88
158.9
158.9
158.79
158.8
158.91
158.93
158.92
158.92
158.99
159.28
159.28
159.03
159.03
159.13
159.15
159.05
159.07
159.07
159.08
159.08
159.09
158.95
158.98
159.19
159.22
159.22
159.22
159.24
159.25
159.25
159.2
159.21
159.15
159.14
159.22
159.24
159.34
159.36
159.21
159.21
159.33
159.34
159.23
159.26
159.4
159.4
159.42
159.43
159.44
159.24
159.26
159.39
159.4
159.57
159.59
159.59
159.6
159.53
159.53
159.55
159.56
159.41
159.69
159.71
159.5
159.51
159.48
159.48
159.56
159.57
159.5
159.51
159.5
159.51
159.58
159.57
159.67
159.68
159.65
159.7
159.73
159.68
159.69
159.63
159.64
160.03
160.05
159.81
159.81
159.86
159.89
159.89
159.91
159.91
159.94
159.9
159.89
159.9
160.14
160.14
159.93
159.94
159.95
159.97
160.34
160.36
160.04
160.06
160.15
160.16
159.89
159.92
160.1
160.07
160.08
160.21
160.21
160.16
160.17
160.29
160.29
160.32
160.32
160.21
160.24
160.29
160.28
160.26
160.26
160.3
160.57
160.57
160.21
160.21
160.24
160.24
160.16
160.18
160.49
160.49
160.51
160.52
160.53
160.54
160.35
160.35
160.43
160.45
160.46
160.83
160.83
160.62
160.63
160.3
160.3
160.31
160.32
160.34
160.35
160.63
160.64
160.44
160.46
160.59
160.71
160.72
160.71
160.7
160.72
160.73
160.74
160.75
160.61
160.64
160.73
160.74
160.84
160.84
160.8
160.83
160.98
161.0
160.78
160.79
160.87
160.87
160.88
160.91
160.92
160.96
160.95
160.77
160.79
160.81
160.81
161.0
161.02
161.04
161.06
161.1
161.11
161.26
160.87
160.89
161.17
161.19
161.25
161.28
161.01
161.02
161.1
161.11
160.98
161.0
161.23
161.23
161.19
161.2
161.11
161.33
161.33
161.15
161.16
161.56
161.57
161.18
161.19
161.35
161.35
161.19
161.19
161.39
161.41
161.3
161.3
161.5
161.53
161.59
161.59
161.32
161.34
161.81
161.57
161.58
161.29
161.31
161.43
161.43
161.69
161.7
161.46
161.47
161.6
161.59
161.44
161.44
161.39
161.41
161.36
161.38
161.59
161.58
161.6
161.59
161.59
161.79
161.79
161.81
161.81
161.69
161.71
161.51
161.53
161.67
161.67
161.8
161.8
161.7
161.72
161.74
161.88
161.87
161.77
161.77
161.8
161.8
161.81
161.83
161.78
161.82
162.28
162.28
161.76
161.78
162.12
162.14
161.93
162.01
162.02
161.88
161.9
162.09
162.1
161.94
161.95
161.89
161.9
162.0
162.01
162.3
162.3
162.05
162.05
162.05
162.07
162.07
162.0
162.01
162.19
162.21
162.27
162.29
162.14
162.15
162.15
162.17
162.24
162.25
162.14
162.16
162.28
162.28
162.29
162.32
162.31
162.52
162.53
162.38
162.4
162.31
162.32
162.34
162.34
162.28
162.29
162.39
162.39
162.46
162.47
162.42
162.42
162.44
162.45
162.45
162.26
162.28
162.53
162.55
162.45
162.45
162.63
162.65
162.54
162.55
162.56
162.56
162.58
162.88
162.88
162.48
162.48
162.63
162.65
162.72
162.73
162.76
162.76
162.69
162.7
162.88
162.89
162.79
162.8
162.99
163.0
162.67
162.72
162.72
162.77
162.79
162.85
162.88
162.7
162.71
162.85
162.84
162.76
162.78
162.83
162.82
162.84
162.84
162.86
162.87
162.92
162.93
162.88
162.89
162.9
162.8
162.83
162.96
162.96
162.99
162.99
163.0
163.0
163.02
163.03
163.13
163.14
163.0
162.98
163.14
163.29
163.3
163.1
163.12
163.0
163.01
163.06
163.07
163.01
163.01
163.01
163.02
163.16
163.16
163.2
163.21
163.45
163.46
163.23
163.25
163.26
163.5
163.5
163.28
163.28
163.21
163.19
163.35
163.37
163.58
163.59
163.48
163.51
163.52
163.53
163.52
163.54
163.41
163.43
163.44
163.44
163.45
163.46
163.47
163.44
163.44
163.65
163.65
163.66
163.67
163.68
163.69
163.62
163.62
163.51
163.87
163.88
163.69
163.71
163.86
163.88
163.6
163.61
163.7
163.7
163.83
163.84
163.84
163.85
163.86
163.88
163.57
163.58
163.75
163.76
163.76
163.77
163.77
163.74
163.76
163.9
163.89
163.8
163.8
163.81
163.83
163.91
163.92
163.95
163.94
163.96
163.88
163.87
163.74
163.74
164.24
164.25
163.91
163.93
163.99
164.02
163.97
163.97
163.84
163.85
163.98
163.99
164.0
164.0
164.02
163.96
163.97
163.86
163.87
163.9
163.9
164.01
164.02
164.05
164.06
164.24
164.25
164.25
164.27
164.28
164.28
164.05
164.06
164.34
164.59
164.6
164.11
164.12
164.12
164.14
164.51
164.51
164.24
164.25
164.23
164.23
164.25
164.23
164.29
164.29
164.27
164.28
164.62
164.62
164.19
164.21
164.22
164.32
164.34
164.8
164.8
164.29
164.3
164.31
164.32
164.33
164.34
164.37
164.37
164.7
164.71
164.64
164.64
164.54
164.54
164.57
164.58
164.59
164.6
164.6
164.69
164.7
164.59
164.59
164.67
164.67
164.46
164.47
164.72
164.73
164.73
164.74
164.74
164.75
164.77
164.74
164.76
164.66
164.67
164.8
164.81
164.67
164.68
165.17
165.19
164.74
164.76
164.75
164.75
164.92
164.93
164.9
164.91
164.81
164.71
164.72
164.92
164.93
164.94
164.94
164.95
164.96
165.01
165.03
165.09
165.1
164.82
164.81
164.97
164.98
164.9
164.9
164.81
164.9
164.9
164.9
164.91
165.17
165.17
165.15
165.14
165.04
165.05
165.01
165.01
164.89
164.89
165.18
165.18
165.12
165.15
165.15
165.11
165.11
165.12
165.13
165.12
165.15
165.16
165.18
165.25
165.26
165.26
165.29
165.28
165.3
165.29
165.3
165.21
165.34
165.34
165.21
165.23
165.11
165.12
165.25
165.24
165.34
165.36
165.26
165.26
165.23
165.22
165.36
165.37
165.58
165.59
165.59
165.39
165.4
165.39
165.39
165.37
165.36
165.59
165.59
165.43
165.44
165.45
165.45
165.46
165.47
165.54
165.5
165.49
165.27
165.29
165.62
165.63
165.48
165.5
165.37
165.36
165.66
165.67
165.65
165.66
165.68
165.69
165.51
165.53
165.53
165.62
165.61
165.56
165.56
165.75
165.75
165.75
165.74
165.61
165.61
165.72
165.73
165.76
165.77
165.79
165.81
165.54
165.55
165.74
165.75
165.73
165.93
165.95
165.74
165.75
165.83
165.83
165.72
165.74
165.7
165.71
165.77
165.78
165.82
165.82
165.83
165.84
165.85
165.77
165.78
165.88
165.89
165.9
165.91
165.93
165.93
165.86
165.86
166.1
166.12
166.11
166.13
165.9
165.91
165.81
165.82
165.85
166.27
166.27
165.94
165.93
166.27
166.27
166.07
166.07
165.98
166.0
166.03
166.03
166.16
166.16
166.11
166.1
166.11
166.11
166.13
166.24
166.25
166.32
166.33
166.34
166.34
166.26
166.26
166.51
166.52
166.42
166.41
166.26
166.27
166.25
166.27
166.27
166.27
166.28
166.22
166.24
166.54
166.54
166.55
166.56
166.35
166.37
166.4
166.42
166.41
166.41
166.44
166.44
166.36
166.37
166.45
166.45
166.39
166.37
166.4
166.45
166.47
166.47
166.48
166.48
166.49
166.5
166.51
166.55
166.55
166.42
166.44
166.49
166.59
166.6
166.61
166.62
166.45
166.46
166.52
166.53
166.55
166.54
166.56
166.56
166.6
166.62
166.95
166.95
166.95
166.95
166.97
166.8
166.81
166.58
166.6
166.69
166.69
166.8
166.81
166.68
166.7
167.05
167.05
167.06
167.06
166.74
166.74
166.79
166.73
166.75
166.75
166.75
166.84
166.86
166.92
166.94
166.85
166.85
166.64
166.64
166.99
166.99
166.87
166.88
166.93
166.93
166.89
166.9
166.94
166.95
166.97
167.09
167.11
167.02
167.04
166.94
166.94
166.95
166.95
167.31
167.32
167.34
167.36
167.05
167.06
167.01
167.02
167.09
167.09
167.1
167.03
167.04
167.05
167.06
167.05
167.05
167.06
167.08
166.91
166.91
167.05
167.06
167.31
167.32
167.24
167.18
167.2
167.39
167.4
167.34
167.33
167.44
167.45
167.17
167.18
167.41
167.4
167.39
167.39
167.11
167.1
167.36
167.36
167.35
167.38
167.39
167.27
167.28
167.33
167.33
167.27
167.28
167.34
167.35
167.23
167.24
167.41
167.42
167.41
167.44
167.44
167.44
167.33
167.48
167.5
167.46
167.46
167.4
167.4
167.61
167.62
167.49
167.52
167.32
167.3
167.43
167.43
167.44
167.44
167.45
167.54
167.55
167.51
167.51
167.78
167.78
167.58
167.58
167.54
167.55
167.66
167.66
167.78
167.78
167.79
167.81
167.81
167.81
167.52
167.52
167.67
167.64
167.65
168.08
168.09
167.68
167.69
167.76
167.78
167.69
167.7
167.51
167.51
167.55
167.57
167.57
167.58
167.59
167.6
167.69
167.73
167.74
167.73
167.72
167.73
167.74
167.74
167.76
167.84
167.86
167.96
167.96
167.7
167.7
167.74
167.74
167.99
167.88
167.89
167.99
167.99
167.85
167.86
167.82
167.85
167.76
167.76
168.1
168.1
167.91
167.93
168.04
168.06
168.0
168.01
167.9
167.94
167.94
168.16
168.17
168.16
168.17
168.18
168.2
167.99
167.98
168.05
168.06
168.05
168.07
168.06
168.08
168.06
168.06
168.11
168.12
168.13
167.96
167.97
168.08
168.09
168.08
168.09
168.1
168.11
168.28
168.28
168.19
168.21
168.14
168.16
168.1
168.18
168.18
168.28
168.3
168.16
168.16
168.24
168.26
168.24
168.25
168.25
168.26
168.25
168.25
168.37
168.38
168.29
168.29
168.3
168.31
168.32
168.28
168.29
168.25
168.26
168.59
168.59
168.55
