39.35
39.34
39.32
39.29
39.28
39.26
39.24
38.97
38.93
38.91
39.0
39.01
38.91
38.91
38.91
38.94
38.98
39.03
39.07
39.1
39.23
39.27
39.4
39.5
39.54
39.59
39.71
39.78
39.83
39.96
40.31
40.37
40.13
40.25
40.31
40.69
40.76
40.71
40.78
40.87
41.04
41.02
41.12
41.42
41.53
41.5
41.68
41.84
41.95
42.05
42.12
42.49
42.52
42.62
42.84
42.94
42.84
43.03
43.13
43.22
43.49
43.58
43.8
43.99
44.13
44.22
44.37
44.47
44.41
44.6
45.02
45.1
45.08
45.18
45.28
45.5
45.65
45.78
46.38
46.5
46.1
46.45
46.57
46.74
46.96
47.05
47.14
47.28
47.38
47.55
47.78
48.02
48.12
48.26
48.37
48.59
48.82
48.74
48.88
48.93
49.04
49.32
49.54
49.65
49.76
49.99
50.09
50.14
50.37
50.49
50.6
50.85
50.97
50.95
51.18
51.47
51.68
51.91
51.72
51.84
52.21
52.31
52.42
52.62
52.72
52.83
53.2
53.31
53.67
53.91
53.7
53.92
53.97
54.09
54.28
54.4
54.44
54.77
54.9
54.94
55.15
55.43
55.54
55.6
55.72
55.93
56.05
56.16
56.39
56.51
56.63
56.95
57.07
57.04
57.45
57.58
58.07
58.19
57.98
58.21
58.4
58.5
58.52
58.61
58.84
58.95
59.22
59.44
59.39
59.51
59.67
59.79
60.0
60.14
60.27
60.53
60.63
60.73
60.94
61.05
61.29
61.35
61.47
61.83
61.93
61.92
62.15
62.29
62.5
62.6
62.68
62.87
63.15
63.24
63.26
63.37
63.47
63.69
63.85
63.96
64.27
64.36
64.57
64.68
64.61
64.82
64.83
64.93
65.11
65.18
65.28
65.66
65.75
65.91
66.1
66.21
66.39
66.5
66.6
66.7
66.79
66.92
67.11
67.36
67.56
67.46
67.62
67.8
67.92
68.0
68.19
68.28
68.49
68.58
68.68
68.87
69.07
69.17
69.27
69.38
69.57
69.78
69.86
70.03
69.95
69.83
70.0
70.22
70.3
70.5
70.56
70.88
71.04
70.92
71.12
71.32
71.42
71.6
71.67
71.72
71.89
72.07
72.17
72.33
72.36
72.52
72.59
72.7
72.77
72.87
72.94
73.1
73.21
73.3
73.54
73.61
73.83
73.92
74.2
74.38
74.31
74.36
74.53
74.67
74.75
75.22
75.3
74.95
75.12
75.28
75.45
75.55
75.63
75.72
75.8
75.83
75.99
76.19
76.35
76.59
76.41
76.56
76.83
76.9
76.89
76.98
77.03
77.11
77.24
77.4
77.69
77.77
77.72
77.79
77.97
78.13
78.22
78.39
78.46
78.77
78.92
78.71
78.81
78.82
78.88
79.21
79.36
79.62
79.79
79.62
79.69
79.84
79.9
80.01
80.16
80.24
80.52
80.67
80.53
80.66
80.64
80.72
80.86
81.01
81.14
81.28
81.35
81.42
81.56
81.64
81.75
81.89
81.91
82.05
82.05
82.23
82.37
82.24
82.32
82.67
82.72
82.67
82.82
82.91
83.04
83.04
83.13
83.34
83.41
83.47
83.61
83.63
83.67
83.81
83.94
84.0
84.28
84.34
84.41
84.55
84.34
84.47
84.72
84.77
84.95
85.02
84.93
85.06
85.12
85.19
85.46
85.52
85.64
85.58
85.66
85.86
85.92
86.18
86.3
86.11
86.17
86.13
86.21
86.48
86.59
86.62
86.68
86.69
86.75
87.29
87.36
87.43
87.53
87.59
87.41
87.54
87.51
87.64
87.69
87.76
87.88
87.93
88.16
88.28
88.12
88.19
88.31
88.36
88.55
88.6
88.61
88.6
88.67
88.96
89.06
89.08
89.19
89.42
89.49
89.37
89.45
89.55
89.68
89.61
89.67
89.96
90.01
89.98
90.02
90.1
90.18
90.22
90.36
90.46
90.38
90.47
90.59
90.65
90.83
90.86
91.02
91.12
91.18
91.22
91.32
91.59
91.65
91.42
91.49
91.58
91.62
91.82
91.94
91.99
92.05
91.99
92.04
92.02
92.08
92.26
92.35
92.37
92.41
92.67
92.73
92.59
92.69
92.6
92.86
92.97
93.32
93.38
93.12
93.17
93.39
93.51
93.34
93.38
93.91
93.97
93.84
93.88
93.71
93.8
93.81
93.86
94.06
94.11
94.34
94.45
94.5
94.67
94.7
94.7
94.79
94.51
94.55
94.76
94.81
94.86
94.95
95.0
95.05
95.05
95.09
95.43
95.46
95.51
95.49
95.54
95.85
95.93
95.94
95.98
96.07
96.12
95.89
95.98
95.94
96.02
96.07
96.12
96.2
96.24
96.65
96.74
96.74
96.75
96.8
96.99
97.07
96.84
96.87
97.19
97.24
97.11
97.14
97.52
97.61
97.66
97.7
97.38
97.42
97.86
97.92
97.96
97.93
97.97
98.2
98.28
98.04
98.09
98.0
98.03
98.15
98.22
98.5
98.53
98.61
98.66
98.72
98.79
98.72
98.76
98.77
98.8
98.89
98.92
98.95
99.01
99.02
98.96
99.04
99.27
99.3
99.3
99.34
99.4
99.46
99.51
99.57
99.75
99.78
99.93
99.96
99.89
100.02
100.06
100.05
100.13
100.48
100.52
100.29
100.31
100.56
100.59
100.34
100.42
100.82
100.88
100.83
100.87
101.07
101.14
100.95
100.94
100.98
101.18
101.24
101.12
101.17
101.28
101.31
101.34
101.43
101.3
101.33
101.66
101.68
101.59
101.63
101.67
101.73
101.78
101.93
102.01
102.13
102.16
102.05
102.09
102.16
102.22
102.28
102.35
102.39
102.43
102.47
102.5
102.45
102.51
102.54
102.59
102.61
102.62
102.79
102.8
102.82
103.03
103.06
102.95
103.02
103.1
103.13
103.28
103.32
103.61
103.65
103.31
103.39
103.51
103.55
103.75
103.8
103.62
103.68
103.76
103.79
103.86
103.87
103.94
104.04
104.08
104.05
104.08
104.11
104.17
104.22
104.25
104.52
104.57
104.41
104.48
104.44
104.51
104.55
104.57
104.63
104.65
104.68
104.82
104.85
105.27
105.35
105.04
105.1
105.14
105.17
105.22
105.24
105.19
105.27
105.25
105.32
105.36
105.44
105.5
105.61
105.65
105.77
105.81
105.68
105.75
105.96
106.0
105.93
105.94
105.91
105.96
106.01
106.06
106.1
106.08
106.16
106.29
106.3
106.32
106.36
106.36
106.39
106.31
106.37
106.44
106.47
106.81
106.84
106.68
106.74
106.99
107.01
106.81
106.81
107.04
106.9
106.94
106.98
107.0
107.18
107.25
107.47
107.51
107.21
107.24
107.33
107.38
107.25
107.3
107.48
107.51
107.42
107.44
107.57
107.64
107.76
107.79
107.85
107.87
107.89
107.74
107.76
107.87
107.87
108.16
108.22
108.08
108.11
108.18
108.19
108.15
108.2
108.3
108.3
108.41
108.44
108.49
108.53
108.55
108.48
108.51
108.57
108.61
108.93
108.98
109.08
109.1
108.89
108.91
108.93
108.98
109.34
109.21
109.26
108.94
108.95
109.22
109.24
109.28
109.3
109.26
109.3
109.53
109.54
109.45
109.49
109.43
109.48
109.85
109.9
109.6
109.64
109.69
109.78
109.81
109.64
109.68
109.89
109.92
110.05
110.06
109.95
109.98
110.32
110.33
110.19
110.24
110.24
110.27
110.3
110.34
110.36
110.45
110.46
110.69
110.72
110.73
110.79
110.65
110.68
110.56
110.58
110.71
110.74
110.6
110.66
110.8
110.83
110.88
110.95
110.96
111.02
111.03
110.95
111.01
110.94
110.97
111.11
111.13
111.36
111.41
111.43
111.45
111.49
111.53
111.49
111.51
111.4
111.45
111.46
111.49
111.53
111.52
111.53
111.83
111.87
111.84
111.89
111.86
111.88
111.91
111.93
111.97
112.0
111.92
111.95
112.07
112.09
112.13
112.16
112.23
112.28
112.16
112.2
112.2
112.24
112.27
112.35
112.37
112.49
112.52
112.39
112.43
112.39
112.43
112.72
112.74
112.65
112.67
112.58
112.62
112.71
112.73
112.76
112.79
112.84
113.0
113.03
112.94
112.95
113.2
113.23
112.98
113.0
113.0
113.03
113.18
113.23
113.27
113.31
113.26
113.32
113.36
113.26
113.28
113.39
113.4
113.54
113.57
113.54
113.55
113.58
113.6
113.7
113.73
113.6
113.63
113.58
113.61
113.88
113.91
113.71
113.83
113.83
113.8
113.84
113.78
113.8
114.14
114.16
113.97
114.0
114.5
114.54
114.02
114.04
114.13
114.14
114.29
114.33
114.22
114.31
114.36
114.66
114.71
114.51
114.52
114.55
114.57
114.59
114.63
114.67
114.73
114.42
114.44
114.67
114.68
114.7
114.73
114.72
114.82
114.85
114.83
114.85
114.82
114.82
114.92
114.96
114.9
114.94
115.32
115.33
115.2
115.22
115.09
115.13
115.35
115.36
115.4
115.42
115.45
115.15
115.17
115.39
115.4
115.42
115.46
115.5
115.54
115.67
115.67
115.64
115.67
115.51
115.55
115.95
115.97
116.02
115.65
115.69
115.91
115.94
115.87
115.88
115.91
115.94
116.03
116.05
115.97
115.99
116.03
116.06
116.17
116.21
116.15
116.39
116.43
116.16
116.15
116.2
116.23
116.25
116.26
116.38
116.39
116.35
116.38
116.59
116.6
116.38
116.41
116.42
116.44
116.46
116.47
116.57
116.6
116.55
116.57
116.58
116.62
116.64
116.9
116.92
117.05
117.09
116.91
116.93
116.96
116.98
116.82
116.86
117.17
117.2
117.12
117.14
117.24
117.27
117.09
117.15
117.52
117.55
117.02
117.03
117.56
117.24
117.28
117.47
117.5
117.39
117.43
117.44
117.45
117.48
117.51
117.52
117.55
117.48
117.48
117.51
117.52
117.65
117.84
117.86
117.7
117.71
117.74
117.78
117.83
117.83
117.79
117.81
117.84
117.87
118.01
118.04
117.88
117.89
117.92
117.95
117.92
117.95
118.08
118.14
118.18
118.11
118.14
118.17
118.18
118.25
118.26
118.09
118.15
118.15
118.18
118.2
118.21
118.28
118.29
118.73
118.77
118.77
118.44
118.47
118.49
118.52
118.49
118.52
118.53
118.55
118.53
118.56
118.72
118.75
118.71
118.71
118.64
118.63
118.92
118.76
118.78
118.78
118.81
118.88
118.88
118.91
118.92
118.94
118.97
119.01
119.03
119.1
119.1
119.14
119.15
119.17
119.2
119.16
119.06
119.07
119.32
119.35
119.12
119.15
119.43
119.46
119.35
119.38
119.38
119.41
119.65
119.65
119.68
119.71
119.65
119.68
119.5
119.51
119.44
119.46
119.55
119.71
119.71
119.78
119.79
119.92
119.92
119.72
119.73
119.75
119.77
119.79
119.8
119.83
119.85
120.02
120.03
119.95
119.99
119.94
119.95
120.05
120.1
120.09
120.12
120.12
120.15
120.16
120.28
120.32
120.19
120.2
120.18
120.21
120.36
120.4
120.41
120.43
120.78
120.81
120.46
120.52
120.55
120.57
120.57
120.64
120.67
120.5
120.5
120.68
120.68
120.62
120.64
120.58
120.62
121.07
121.09
120.78
120.81
120.96
120.98
120.79
120.89
120.91
121.11
121.12
120.94
120.95
120.93
120.95
121.03
121.06
120.96
120.96
120.98
121.0
121.02
121.05
121.24
121.28
121.27
121.05
121.07
121.27
121.28
121.21
121.22
121.16
121.17
121.35
121.37
121.47
121.49
121.47
121.5
121.48
121.5
121.4
121.43
121.33
121.33
121.64
121.54
121.54
121.57
121.59
121.61
121.62
121.52
121.53
121.92
121.93
121.71
121.74
121.87
121.88
121.67
121.7
121.73
121.75
121.84
121.89
121.9
121.75
121.78
121.86
121.89
121.93
121.94
122.01
122.02
121.98
122.0
122.13
122.13
122.09
122.1
122.13
122.12
122.09
122.09
122.12
122.39
122.39
122.41
122.42
122.23
122.26
122.42
122.44
122.21
122.22
122.5
122.48
122.46
122.48
122.55
122.57
122.38
122.38
122.63
122.59
122.61
122.69
122.69
122.72
122.73
122.49
122.51
122.63
122.62
122.72
122.75
122.72
122.72
122.77
122.77
122.62
122.64
122.94
122.96
122.86
122.86
123.0
122.83
122.88
122.98
122.99
123.01
123.03
123.03
123.07
122.96
122.98
123.05
123.07
123.07
123.1
123.11
123.13
123.15
123.38
123.4
123.05
123.07
123.09
123.11
123.19
123.21
123.11
123.12
123.32
123.34
123.49
123.49
123.51
123.52
123.39
123.4
123.24
123.25
123.48
123.64
123.65
123.38
123.42
123.44
123.47
123.47
123.48
123.51
123.51
123.69
123.72
123.69
123.72
123.73
123.74
123.76
123.96
123.97
124.11
124.12
124.14
124.15
124.18
124.19
123.88
123.91
123.95
123.96
123.99
123.99
123.91
123.92
124.12
124.06
124.1
124.11
124.12
124.14
124.15
124.03
124.05
124.24
124.26
124.19
124.21
124.21
124.22
124.29
124.32
124.33
124.16
124.18
124.22
124.24
124.28
124.31
124.31
124.33
124.53
124.55
124.44
124.46
124.44
124.46
124.5
124.51
124.57
124.59
124.59
124.52
124.53
124.73
124.75
124.65
124.68
124.69
124.7
124.9
124.92
124.78
124.81
124.73
124.75
125.08
125.16
125.17
125.11
125.12
124.87
124.89
124.85
124.88
125.24
125.25
125.0
125.01
124.96
125.0
125.0
125.01
125.03
125.03
125.26
125.27
125.12
125.14
125.18
125.21
125.23
125.08
125.1
125.11
125.11
125.28
125.3
125.14
125.15
125.2
125.22
125.38
125.41
125.55
125.58
125.52
125.54
125.56
125.58
125.57
125.55
125.57
125.48
125.49
125.47
125.47
125.78
125.8
125.58
125.58
125.58
125.59
125.56
125.57
126.02
126.04
126.04
126.05
126.08
126.07
125.87
125.88
125.89
125.88
125.89
125.81
125.83
125.81
125.84
125.85
125.85
125.88
125.88
126.19
126.19
126.01
126.02
125.92
125.92
126.01
126.02
126.29
125.97
125.97
126.03
126.05
126.09
126.09
126.09
126.09
126.07
126.08
126.14
126.15
126.16
126.19
126.19
126.2
126.22
126.23
126.32
126.33
126.35
126.36
126.38
126.22
126.24
126.33
126.35
126.36
126.37
126.38
126.4
126.44
126.46
126.34
126.35
126.37
126.63
126.63
126.56
126.57
126.47
126.49
126.67
126.68
126.53
126.54
126.74
126.75
126.76
126.79
126.77
126.8
126.69
126.7
126.77
126.78
126.8
126.8
126.81
126.83
126.85
126.87
126.88
126.9
126.91
126.93
126.94
126.81
126.83
127.02
127.02
127.06
127.05
126.92
127.09
127.1
127.0
127.03
126.99
127.01
127.03
127.03
127.06
127.06
127.07
127.1
127.2
127.21
127.26
127.26
127.48
127.5
127.18
127.19
127.29
127.3
127.33
127.27
127.28
127.34
127.35
127.36
127.38
127.39
127.4
127.28
127.29
127.59
127.6
127.75
127.77
127.45
127.47
127.4
127.41
127.52
127.53
127.55
127.76
127.78
127.79
127.81
127.81
127.83
127.75
127.76
127.72
127.73
127.74
127.76
127.77
127.78
127.68
128.1
128.1
127.71
127.73
127.67
127.7
127.74
127.76
127.87
127.88
127.98
127.98
127.96
127.97
127.9
127.91
127.98
128.01
127.98
128.0
127.95
128.11
128.11
128.16
128.17
128.17
128.18
128.2
128.21
128.11
128.11
128.16
128.18
128.18
128.19
128.24
128.52
128.54
128.14
128.14
128.35
128.36
128.45
128.48
128.31
128.32
128.32
128.35
128.35
128.37
128.56
128.57
128.44
128.46
128.63
128.64
128.45
128.56
128.57
128.59
128.61
128.4
128.39
128.64
128.65
128.66
128.67
128.65
128.67
128.59
128.6
128.49
128.49
128.77
128.55
128.55
128.62
128.64
128.81
128.83
128.85
128.87
128.9
128.91
128.94
128.94
128.95
128.97
128.96
128.96
128.67
128.68
128.71
128.99
129.01
128.95
128.96
128.96
128.97
129.07
129.08
129.27
129.26
128.98
129.01
129.23
129.24
129.21
129.22
129.06
129.1
129.1
129.14
129.14
129.22
129.24
129.29
129.3
129.28
129.29
129.31
129.32
129.33
129.34
129.28
129.3
129.11
129.12
129.14
129.14
129.15
129.32
129.35
129.18
129.19
129.39
129.4
129.46
129.47
129.39
129.39
129.41
129.43
129.55
129.55
129.37
129.38
129.38
129.56
129.57
129.51
129.51
129.63
129.64
129.59
129.6
129.67
129.69
129.61
129.6
129.62
129.62
129.65
129.65
129.68
129.67
129.64
129.91
129.92
129.75
129.77
129.69
129.71
129.82
129.83
129.97
129.98
129.81
129.82
129.95
129.97
129.83
129.85
129.86
129.86
129.88
129.91
129.92
129.96
129.96
130.05
130.05
130.03
130.04
130.15
130.16
129.96
129.98
130.02
130.01
130.09
130.08
130.09
130.45
130.44
130.34
130.34
130.45
130.45
130.26
130.27
130.35
130.36
130.11
130.13
130.14
130.15
130.16
130.17
130.43
130.45
130.26
130.28
130.28
130.3
130.31
130.44
130.46
130.54
130.53
130.7
130.71
130.44
130.46
130.53
130.55
130.55
130.56
130.57
130.36
130.37
130.65
130.67
130.68
130.69
130.6
130.61
130.79
130.79
130.74
130.76
130.96
130.98
130.62
130.63
130.77
130.79
130.79
130.81
130.82
131.0
131.02
130.69
130.71
130.87
130.88
131.09
131.09
130.79
130.81
130.81
130.82
130.93
130.93
130.85
130.88
130.97
130.97
130.98
130.99
131.23
131.24
131.11
131.0
131.0
130.98
130.99
130.99
131.0
131.03
131.02
131.04
131.05
131.04
131.05
131.34
131.35
131.33
131.34
131.23
131.25
131.26
131.23
131.23
131.33
131.34
131.19
131.19
131.21
131.21
131.52
131.53
131.41
131.42
131.47
131.49
131.32
131.37
131.37
131.34
131.34
131.38
131.38
131.33
131.36
131.36
131.37
131.38
131.39
131.6
131.61
131.66
131.69
131.69
131.69
131.71
131.65
131.64
131.93
131.94
131.94
131.96
131.63
131.64
131.84
131.84
131.58
131.57
131.58
131.61
131.7
131.7
131.79
131.8
131.78
131.79
131.83
131.81
131.82
131.97
131.98
132.06
132.06
131.82
131.85
131.85
131.87
131.54
131.55
131.94
131.95
131.9
131.93
131.82
131.84
131.93
131.94
131.95
131.96
131.97
131.94
131.95
132.23
132.24
132.26
132.25
132.27
132.28
132.1
132.12
132.23
132.25
132.15
132.16
132.55
132.55
132.24
132.24
132.17
132.11
132.13
132.25
132.26
132.26
132.26
132.49
132.5
132.37
132.38
132.28
132.29
132.3
132.32
132.45
132.46
132.38
132.4
132.42
132.71
132.71
132.35
132.35
132.71
132.7
132.73
132.74
132.48
132.49
132.65
132.67
132.72
132.72
132.61
132.63
132.57
132.58
132.54
132.56
132.59
132.6
132.62
132.63
132.62
132.7
132.69
132.69
132.71
132.95
132.96
132.87
132.9
132.72
132.73
132.89
132.89
132.69
132.69
132.81
132.83
133.01
132.63
132.65
132.88
132.9
132.9
132.92
132.84
132.85
132.78
132.8
133.13
133.13
133.21
133.22
133.07
133.08
132.97
133.04
133.07
133.16
133.18
132.76
132.77
132.94
132.94
133.04
133.06
133.11
133.1
133.01
133.04
133.13
133.14
133.14
133.15
133.16
133.34
133.34
133.11
133.11
133.17
133.18
133.22
133.25
133.22
133.24
133.25
133.25
133.41
133.41
133.3
133.3
133.44
133.45
133.26
133.27
133.5
133.52
133.51
133.53
133.54
133.26
133.27
133.69
133.69
133.56
133.58
133.48
133.51
133.51
133.52
133.53
133.54
133.52
133.55
133.7
133.73
133.76
133.76
133.8
133.77
133.82
133.88
133.9
133.74
133.76
133.81
133.86
133.89
133.91
134.1
134.14
134.26
134.32
134.24
134.31
134.34
134.37
134.42
134.9
134.92
134.52
134.54
134.46
134.51
134.65
134.73
134.73
134.78
135.02
135.05
135.2
135.25
134.86
135.16
135.22
135.11
135.15
135.25
135.28
135.22
135.31
135.53
135.6
135.91
135.94
135.72
135.76
135.9
135.97
135.83
135.9
136.05
135.95
136.02
136.03
136.07
136.19
136.24
136.46
136.54
136.31
136.34
136.48
136.5
136.5
136.57
136.69
136.76
136.82
136.87
136.9
136.93
136.9
137.04
137.09
137.12
137.2
137.22
137.25
137.6
137.64
137.55
137.64
137.38
137.45
137.65
137.69
137.86
137.88
137.91
137.99
138.19
137.9
137.97
138.37
138.41
138.46
138.51
138.56
138.62
138.66
138.74
138.57
138.6
138.58
138.61
138.68
138.73
138.89
138.96
138.98
139.02
139.05
139.14
139.19
139.19
139.22
139.23
139.32
139.33
139.37
139.52
139.55
139.75
139.83
139.71
139.75
139.83
139.86
140.06
140.1
140.12
140.2
140.17
140.03
140.11
140.18
140.22
140.38
140.42
140.43
140.51
140.62
140.71
140.73
140.77
140.76
140.81
140.92
140.99
140.96
141.04
141.08
141.12
141.19
141.17
141.19
141.26
141.3
141.38
141.41
141.44
141.51
141.55
141.59
141.98
142.02
142.09
142.13
142.02
142.07
142.1
142.26
142.34
142.11
142.16
142.46
142.49
142.86
142.88
142.93
142.99
143.02
143.06
142.8
142.83
142.83
142.86
142.9
143.03
143.06
142.89
142.95
142.97
143.03
142.97
143.0
143.21
143.25
143.13
143.21
143.23
143.3
143.34
143.54
143.6
143.53
143.57
143.62
143.67
143.7
143.75
143.86
143.93
144.07
144.09
144.0
144.04
144.05
144.12
144.29
144.34
144.45
144.4
144.48
144.73
144.76
144.84
144.87
144.33
144.38
144.59
144.62
144.67
144.72
144.77
144.8
144.66
144.72
144.99
145.02
145.09
145.09
145.12
145.18
145.21
145.4
145.43
145.34
145.4
145.5
145.51
145.59
145.62
145.45
145.51
145.59
145.64
145.9
145.94
145.98
146.01
146.06
146.07
146.1
146.24
146.3
146.17
146.24
146.27
146.3
146.3
146.32
146.25
146.3
146.48
146.51
146.51
146.54
146.6
146.83
146.85
146.86
146.9
146.69
146.75
147.26
147.29
146.98
147.01
146.93
146.99
147.35
147.37
147.08
147.1
147.24
147.3
147.22
147.25
147.4
147.43
147.59
147.6
147.64
147.68
147.72
147.66
147.71
147.83
147.89
147.74
147.75
148.01
148.04
148.08
148.13
148.16
148.19
148.24
148.26
148.24
148.3
148.29
148.33
148.37
148.57
148.6
148.5
148.51
148.56
148.58
148.61
148.67
148.65
148.67
148.59
148.62
148.81
148.86
149.31
149.37
148.75
148.97
149.03
149.13
149.14
149.04
149.06
149.08
149.13
149.54
149.58
149.37
149.41
149.35
149.41
149.39
149.41
149.44
149.47
149.63
149.68
149.72
149.76
149.73
149.73
149.79
149.84
149.87
149.67
149.69
150.06
150.13
150.03
150.07
150.04
150.07
150.09
150.14
150.25
150.26
150.11
150.15
150.25
150.3
150.29
150.34
150.69
150.72
150.76
150.79
150.82
150.67
150.7
150.97
151.0
151.03
151.05
151.11
151.12
150.87
150.91
150.85
150.88
151.03
151.04
151.0
151.05
150.92
150.96
150.99
151.01
151.05
151.08
151.08
151.14
151.15
151.18
151.23
151.23
151.26
151.54
151.6
151.55
151.6
151.61
151.63
151.61
151.64
151.57
151.61
151.64
151.65
151.89
151.91
151.66
151.69
151.74
151.78
151.9
151.79
151.82
151.87
151.89
152.06
152.08
151.9
151.94
152.26
152.28
152.02
152.04
152.36
152.38
152.23
152.27
152.28
152.3
152.32
152.35
152.19
152.34
152.36
152.53
152.56
152.37
152.39
152.55
152.56
152.71
152.74
152.95
152.99
152.76
152.8
152.79
152.81
152.78
152.81
152.86
152.88
153.0
153.02
152.94
152.97
153.3
153.33
153.36
153.38
153.4
153.1
153.12
153.1
153.13
153.16
153.16
153.2
153.22
153.73
153.77
153.43
153.44
153.4
153.41
153.75
153.76
153.44
153.48
153.67
153.54
153.57
153.59
153.62
153.66
153.68
153.64
153.67
153.81
153.84
153.93
153.95
153.82
153.86
154.08
154.13
154.15
154.16
153.86
153.9
153.97
154.01
154.33
154.34
154.26
154.14
154.16
154.19
154.21
154.22
154.26
154.28
154.32
154.24
154.25
154.42
154.43
154.44
154.46
154.63
154.65
154.5
154.5
154.72
154.79
154.82
154.65
154.68
154.69
154.72
154.67
154.68
154.71
154.73
154.75
154.77
154.94
154.95
154.76
154.78
154.97
154.99
154.86
154.9
155.09
155.03
155.05
155.24
155.27
155.03
155.04
155.19
155.21
155.1
155.12
155.41
155.44
155.21
155.24
155.32
155.35
155.42
155.42
155.46
155.48
155.5
155.51
155.53
155.68
155.7
155.61
155.64
155.64
155.66
155.6
155.61
155.67
155.7
155.82
155.84
155.64
155.65
155.99
156.01
155.95
155.9
155.9
155.93
155.97
156.02
156.03
155.92
155.93
155.94
155.97
156.07
156.08
156.06
156.09
156.12
156.13
156.15
156.18
156.3
156.4
156.43
156.53
156.54
156.37
156.39
156.53
156.53
156.54
156.58
156.6
156.61
156.76
156.78
156.65
156.67
156.87
156.72
156.74
156.75
156.77
156.67
156.67
156.75
156.77
156.67
156.71
156.73
156.75
156.9
156.92
157.09
157.11
157.05
157.08
157.14
157.16
157.16
157.47
157.48
157.15
157.15
157.09
157.12
157.27
157.29
157.18
157.19
157.3
157.32
157.4
157.42
157.31
157.32
157.33
157.34
157.53
157.55
157.56
157.59
157.6
157.59
157.63
157.57
157.59
157.73
157.75
157.74
157.78
157.62
157.64
157.73
157.72
157.84
157.86
157.71
157.74
157.68
157.71
158.22
158.23
158.26
158.28
158.29
157.85
157.87
157.86
157.87
158.07
158.08
158.06
158.07
158.24
158.26
157.98
158.01
158.03
158.05
158.21
158.23
158.25
158.27
158.26
158.48
158.5
158.35
158.38
158.47
158.49
158.34
158.36
158.63
158.65
158.35
158.37
158.61
158.64
158.94
158.95
158.57
158.62
158.65
158.6
158.6
158.79
158.8
158.69
158.71
158.83
158.86
158.68
158.7
158.86
158.88
158.75
158.79
158.68
158.68
158.92
158.94
159.12
158.94
158.96
159.08
159.07
159.11
159.14
158.91
158.9
159.04
159.04
159.1
159.12
159.14
159.16
159.17
159.19
159.17
159.18
159.25
159.27
159.29
159.29
159.32
159.26
159.29
159.22
159.24
159.49
159.49
159.77
159.79
159.45
159.46
159.41
159.42
159.63
159.65
159.69
159.54
159.55
159.65
159.66
159.53
159.54
159.91
159.92
159.67
159.7
159.64
159.67
159.69
159.69
159.72
159.73
159.79
159.81
159.81
159.8
160.18
160.02
160.03
160.02
160.05
159.97
159.99
159.98
160.0
160.11
160.13
159.99
159.99
160.03
160.02
160.12
160.15
160.0
160.11
160.12
160.34
160.35
160.31
160.31
160.42
160.43
160.24
160.26
160.21
160.23
160.16
160.17
160.24
160.26
160.34
160.36
160.78
160.78
160.81
160.33
160.34
160.38
160.4
160.62
160.64
160.66
160.67
160.52
160.52
160.53
160.56
160.69
160.68
160.72
160.73
160.82
160.83
160.89
160.91
160.71
160.94
160.95
160.78
160.78
161.06
161.08
160.98
161.0
160.91
160.92
160.93
160.96
160.99
160.98
161.12
161.13
160.91
160.92
161.39
161.41
161.03
161.04
161.25
161.24
161.43
161.46
161.21
161.21
161.29
161.35
161.35
161.38
161.39
161.23
161.25
161.34
161.36
161.21
161.21
161.34
161.34
161.33
161.34
161.32
161.33
161.36
161.36
161.38
161.24
161.27
161.59
161.61
161.48
161.51
161.48
161.48
161.41
161.41
161.64
161.65
161.71
161.72
161.78
161.8
161.51
161.53
161.75
161.77
161.58
161.59
161.83
161.91
161.92
161.97
161.98
161.86
161.87
161.74
161.75
161.86
161.86
161.86
161.87
161.8
161.83
161.84
161.85
161.88
161.88
161.89
162.01
162.02
162.04
162.04
162.2
162.23
162.16
162.18
162.11
162.12
162.27
162.28
162.17
162.19
162.16
162.16
162.24
162.34
162.37
162.34
162.34
162.52
162.53
162.37
162.37
162.35
162.38
162.29
162.28
162.31
162.31
162.65
162.67
162.86
162.47
162.49
162.68
162.69
162.62
162.63
162.51
162.52
162.69
162.7
162.6
162.61
162.69
162.69
162.62
162.63
162.43
162.44
162.72
162.59
162.6
162.88
162.9
162.87
162.89
162.66
162.66
162.81
162.83
162.85
162.87
162.99
163.0
162.76
162.78
162.9
162.9
162.9
162.91
162.91
163.24
163.25
163.07
163.08
163.01
163.02
163.07
163.09
163.01
163.03
163.16
163.18
163.25
163.26
163.08
163.09
163.17
163.19
163.21
163.29
163.3
163.25
163.27
163.41
163.42
163.24
163.25
163.15
163.17
163.17
163.19
163.19
163.21
163.54
163.56
163.4
163.44
163.45
163.46
163.47
163.76
163.77
163.47
163.47
163.59
163.6
163.55
163.58
163.45
163.47
163.46
163.47
163.59
163.6
163.55
163.67
163.68
163.65
163.66
163.7
163.69
163.72
163.73
163.74
163.75
164.11
164.12
163.72
163.74
163.75
163.76
163.77
163.81
163.8
164.07
164.08
164.08
164.11
163.83
163.84
164.03
164.03
163.92
163.93
164.2
164.22
164.16
164.17
164.19
164.19
164.13
164.12
164.12
164.26
164.28
164.21
164.21
164.27
164.27
164.42
164.44
164.44
164.46
164.46
164.47
164.29
164.3
164.37
164.18
164.19
164.75
164.76
164.46
164.47
164.56
164.58
164.34
164.37
164.62
164.62
164.48
164.49
164.42
164.43
164.4
164.42
164.43
164.41
164.41
164.59
164.6
164.5
164.52
164.52
164.53
164.5
164.5
164.64
164.65
164.65
164.67
164.67
164.67
164.71
164.71
164.63
164.63
164.64
164.66
164.66
164.63
164.64
164.78
164.8
164.75
164.75
164.77
164.78
164.79
164.79
164.83
164.84
164.97
165.04
165.04
164.89
164.9
164.77
164.78
164.96
164.97
164.98
164.99
165.01
165.01
164.88
164.9
165.01
165.04
165.03
165.03
165.11
165.4
165.39
165.14
165.14
165.24
165.26
165.17
165.18
165.17
165.2
165.2
165.22
165.07
165.09
165.31
165.33
165.33
165.34
165.36
165.37
165.37
165.32
165.33
165.25
165.26
165.33
165.36
165.48
165.48
165.33
165.33
165.45
165.46
165.36
165.37
165.52
165.52
165.53
165.55
165.55
165.37
165.39
165.5
165.52
165.71
165.71
165.73
165.74
165.67
165.68
165.67
165.68
165.53
165.82
165.82
165.63
165.64
165.6
165.6
165.69
165.69
165.61
165.63
165.61
165.64
165.68
165.69
165.79
165.8
165.76
165.82
165.83
165.78
165.79
165.72
165.76
166.15
166.14
165.9
165.91
165.98
165.98
165.99
166.01
166.01
166.02
166.0
165.98
165.99
166.23
166.25
166.03
166.04
166.04
166.05
166.43
166.44
166.14
166.14
166.25
166.25
165.99
166.01
166.18
166.16
166.17
166.29
166.31
166.24
166.26
166.37
166.37
166.39
166.42
166.31
166.32
166.37
166.37
166.35
166.35
166.35
166.66
166.66
166.28
166.3
166.3
166.33
166.23
166.25
166.56
166.57
166.58
166.59
166.6
166.63
166.44
166.42
166.51
166.51
166.53
166.9
166.91
166.68
166.69
166.35
166.38
166.38
166.38
166.39
166.41
166.7
166.71
166.49
166.52
166.66
166.76
166.78
166.76
166.76
166.78
166.79
166.8
166.82
166.67
166.69
166.78
166.8
166.89
166.9
166.86
166.86
167.02
167.05
166.83
166.84
166.91
166.93
166.94
166.95
166.96
166.98
167.0
166.81
166.81
166.84
166.84
167.05
167.06
167.08
167.11
167.14
167.16
167.31
166.9
166.92
167.21
167.23
167.29
167.3
167.05
167.05
167.14
167.15
167.03
167.05
167.26
167.27
167.24
167.25
167.14
167.35
167.36
167.17
167.19
167.6
167.61
167.21
167.22
167.37
167.38
167.21
167.23
167.41
167.41
167.32
167.33
167.53
167.54
167.61
167.6
167.34
167.35
167.83
167.58
167.6
167.29
167.31
167.42
167.42
167.69
167.7
167.45
167.46
167.58
167.57
167.42
167.42
167.36
167.37
167.33
167.35
167.55
167.55
167.57
167.54
167.55
167.75
167.75
167.75
167.76
167.63
167.65
167.45
167.48
167.6
167.62
167.74
167.74
167.64
167.65
167.67
167.79
167.81
167.7
167.72
167.72
167.73
167.73
167.75
167.72
167.74
168.19
168.21
167.68
167.69
168.04
168.05
167.85
167.91
167.92
167.79
167.8
167.99
168.02
167.84
167.85
167.79
167.82
167.89
167.92
168.2
168.21
167.94
167.95
167.94
167.98
167.98
167.89
167.92
168.1
168.1
168.18
168.18
168.04
168.06
168.05
168.07
168.14
168.14
168.06
168.06
168.18
168.18
168.2
168.21
168.21
168.41
168.42
168.28
168.3
168.21
168.21
168.24
168.24
168.18
168.19
168.29
168.29
168.37
168.37
168.31
168.33
168.34
168.34
168.35
168.16
168.18
168.42
168.43
168.36
168.36
168.51
168.54
168.43
168.46
168.45
168.46
168.47
168.77
168.78
168.36
168.36
168.51
168.55
168.61
168.61
168.64
168.65
168.59
168.6
168.77
168.78
168.68
168.69
168.88
168.88
168.55
168.6
168.6
168.66
168.66
168.74
168.76
168.58
168.59
168.72
168.74
168.65
168.66
168.7
168.71
168.72
168.73
168.74
168.74
168.79
168.82
168.76
168.76
168.77
168.69
168.72
168.85
168.86
168.85
168.87
168.87
168.89
168.9
168.91
169.02
169.04
168.87
168.87
169.03
169.18
169.19
168.99
169.01
168.88
168.89
168.94
168.96
168.88
168.89
168.88
168.91
169.04
169.04
169.09
169.09
169.33
169.34
169.11
169.13
169.13
169.37
169.38
169.16
169.16
169.09
169.09
169.23
169.23
169.46
169.46
169.37
169.38
169.4
169.4
169.4
169.41
169.29
169.3
169.31
169.31
169.33
169.34
169.35
169.31
169.32
169.52
169.53
169.53
169.54
169.54
169.57
169.49
169.49
169.36
169.74
169.75
169.56
169.57
169.75
169.73
169.46
169.47
169.58
169.57
169.69
169.7
169.71
169.73
169.73
169.73
169.44
169.45
169.61
169.63
169.62
169.63
169.64
169.61
169.62
169.76
169.77
169.66
169.68
169.67
169.7
169.78
169.78
169.8
169.8
169.82
169.74
169.74
169.6
169.6
170.11
170.11
169.77
169.8
169.86
169.87
169.82
169.84
169.7
169.71
169.83
169.85
169.85
169.87
169.86
169.81
169.82
169.72
169.72
169.74
169.75
169.86
169.87
169.9
169.9
170.09
170.1
170.09
170.12
170.12
170.12
169.89
169.9
170.19
170.44
170.44
169.95
169.96
169.97
169.98
170.35
170.36
170.09
170.09
170.07
170.06
170.07
170.07
170.12
170.12
170.1
170.11
170.44
170.45
170.03
170.04
170.04
170.15
170.16
170.62
170.63
170.12
170.13
170.13
170.14
170.15
170.16
170.19
170.2
170.52
170.54
170.46
170.46
170.37
170.37
170.4
170.41
170.41
170.42
170.43
170.52
170.52
170.4
170.42
170.49
170.5
170.29
170.3
170.53
170.55
170.56
170.56
170.57
170.57
170.59
170.57
170.58
170.48
170.48
170.62
170.63
170.49
170.48
170.99
171.0
170.56
170.56
170.55
170.55
170.74
170.74
170.71
170.72
170.62
170.51
170.52
170.73
170.73
170.74
170.76
170.76
170.77
170.81
170.83
170.9
170.9
170.61
170.61
170.77
170.78
170.7
170.71
170.61
170.69
170.7
170.68
170.69
170.98
170.96
170.95
170.95
170.85
170.86
170.81
170.83
170.69
170.68
170.98
170.99
170.93
170.96
170.96
170.91
170.91
170.92
170.93
170.95
170.94
170.96
170.99
171.05
171.05
171.06
171.06
171.08
171.08
171.09
171.1
171.02
171.13
171.14
171.02
171.03
170.91
170.92
171.03
171.03
171.14
171.15
171.06
171.05
171.03
171.03
171.14
171.16
171.37
171.39
171.4
171.18
171.18
171.17
171.17
171.16
171.14
171.38
171.39
171.22
171.23
171.23
171.24
171.24
171.25
171.33
171.27
171.29
171.07
171.08
171.4
171.42
171.28
171.28
171.16
171.16
171.44
171.46
171.44
171.45
171.45
171.46
171.28
171.31
171.31
171.39
171.39
171.33
171.34
171.53
171.53
171.51
171.52
171.39
171.38
171.51
171.51
171.54
171.54
171.58
171.58
171.3
171.32
171.5
171.51
171.51
171.71
171.72
171.51
171.52
171.59
171.6
171.49
171.51
171.47
171.47
171.55
171.54
171.58
171.59
171.6
171.6
171.62
171.53
171.54
171.66
171.66
171.67
171.68
171.69
171.69
171.62
171.62
171.87
171.88
171.88
171.89
171.66
171.67
171.57
171.57
171.59
172.04
172.05
171.68
171.7
172.01
172.02
171.82
171.83
171.74
171.76
171.78
171.78
171.91
171.91
171.86
171.87
171.86
171.87
171.89
172.0
172.0
172.08
172.08
172.09
172.1
172.0
172.03
172.26
172.27
172.17
172.19
172.01
172.01
172.01
172.01
172.02
172.03
172.04
171.97
171.97
172.29
172.29
172.29
172.32
172.1
172.11
172.16
172.16
172.18
172.18
172.19
172.19
172.11
172.11
172.19
172.19
172.13
172.12
172.13
172.21
172.21
172.21
172.22
172.24
172.24
172.24
172.25
172.3
172.31
172.17
172.18
172.24
172.34
172.36
172.35
172.37
172.2
172.2
172.27
172.29
172.29
172.29
172.3
172.32
172.35
172.37
172.7
172.71
172.7
172.72
172.72
172.54
172.57
172.33
172.33
172.43
172.44
172.56
172.55
172.42
172.43
172.79
172.81
172.8
172.82
172.48
172.48
172.53
172.48
172.47
172.48
172.5
172.59
172.6
172.65
172.67
172.59
172.59
172.36
172.37
172.73
172.72
172.6
172.61
172.65
172.66
172.62
172.62
172.67
172.68
172.7
172.83
172.84
172.75
172.76
172.65
172.66
172.68
172.68
173.03
173.02
173.06
173.08
172.77
172.78
172.73
172.73
172.8
172.81
172.82
172.72
172.75
172.77
172.77
172.75
172.77
172.77
172.78
172.61
172.61
172.75
172.77
173.02
173.03
172.96
172.89
172.9
173.09
173.1
173.05
173.05
173.14
173.14
172.86
172.88
173.1
173.1
173.09
173.1
172.81
172.81
173.07
173.07
173.06
173.08
173.1
172.98
173.0
173.03
173.04
172.98
172.99
173.06
173.06
172.94
172.95
173.13
173.12
173.13
173.14
173.14
173.16
173.03
173.18
173.19
173.16
173.16
173.1
173.11
173.31
173.32
173.22
173.23
173.02
173.02
173.14
173.14
173.15
173.15
173.17
173.26
173.26
173.22
173.22
173.49
173.51
173.29
173.31
173.26
173.27
173.38
173.39
173.5
173.51
173.51
173.52
173.53
173.53
173.24
173.25
173.39
173.37
173.37
173.81
173.82
173.42
173.42
173.49
173.5
173.42
173.43
173.22
173.25
173.28
173.3
173.3
173.31
173.33
173.33
173.41
173.46
173.47
173.46
173.45
173.46
173.47
173.46
173.49
173.58
173.58
173.7
173.7
173.43
173.43
173.46
173.46
173.72
173.6
173.61
173.71
173.71
173.59
173.59
173.56
173.57
173.48
173.48
173.82
173.82
173.63
173.64
173.77
173.78
173.71
173.72
173.63
173.66
173.65
173.89
173.9
173.89
173.91
173.9
173.91
173.7
173.71
173.77
173.78
173.77
173.78
173.78
173.78
173.77
173.78
173.84
173.83
173.84
173.68
173.67
173.79
173.8
173.81
173.8
173.83
173.82
174.0
174.0
173.91
173.92
173.85
173.86
173.81
173.88
173.89
173.99
174.01
173.85
173.87
173.94
173.96
173.95
173.95
173.96
173.97
173.95
173.94
174.07
174.09
174.0
173.99
174.01
174.0
174.02
173.99
173.98
173.97
173.95
174.29
174.28
174.25
